# Time-averaged data for fix rdf_p
# TimeStep Number-of-rows
# Row c_rdf_p[1] c_rdf_p[2] c_rdf_p[3] c_rdf_p[4] c_rdf_p[5] c_rdf_p[6] c_rdf_p[7] c_rdf_p[8] c_rdf_p[9] c_rdf_p[10] c_rdf_p[11] c_rdf_p[12] c_rdf_p[13]
1000000 500
1 0.005 0 0 0 0 0 0 0 0 0 0 0 0
2 0.015 0 0 0 0 0 0 0 0 0 0 0 0
3 0.025 0 0 0 0 0 0 0 0 0 0 0 0
4 0.035 0 0 0 0 0 0 0 0 0 0 0 0
5 0.045 0 0 0 0 0 0 0 0 0 0 0 0
6 0.055 0 0 0 0 0 0 0 0 0 0 0 0
7 0.065 0 0 0 0 0 0 0 0 0 0 0 0
8 0.075 0 0 0 0 0 0 0 0 0 0 0 0
9 0.085 0 0 0 0 0 0 0 0 0 0 0 0
10 0.095 0 0 0 0 0 0 0 0 0 0 0 0
11 0.105 0 0 0 0 0 0 0 0 0 0 0 0
12 0.115 0 0 0 0 0 0 0 0 0 0 0 0
13 0.125 0 0 0 0 0 0 0 0 0 0 0 0
14 0.135 0 0 0 0 0 0 0 0 0 0 0 0
15 0.145 0 0 0 0 0 0 0 0 0 0 0 0
16 0.155 0 0 0 0 0 0 0 0 0 0 0 0
17 0.165 0 0 0 0 0 0 0 0 0 0 0 0
18 0.175 0 0 0 0 0 0 0 0 0 0 0 0
19 0.185 0 0 0 0 0 0 0 0 0 0 0 0
20 0.195 0 0 0 0 0 0 0 0 0 0 0 0
21 0.205 0 0 0 0 0 0 0 0 0 0 0 0
22 0.215 0 0 0 0 0 0 0 0 0 0 0 0
23 0.225 0 0 0 0 0 0 0 0 0 0 0 0
24 0.235 0 0 0 0 0 0 0 0 0 0 0 0
25 0.245 0 0 0 0 0 0 0 0 0 0 0 0
26 0.255 0 0 0 0 0 0 0 0 0 0 0 0
27 0.265 0 0 0 0 0 0 0 0 0 0 0 0
28 0.275 0 0 0 0 0 0 0 0 0 0 0 0
29 0.285 0 0 0 0 0 0 0 0 0 0 0 0
30 0.295 0 0 0 0 0 0 0 0 0 0 0 0
31 0.305 0 0 0 0 0 0 0 0 0 0 0 0
32 0.315 0 0 0 0 0 0 0 0 0 0 0 0
33 0.325 0 0 0 0 0 0 0 0 0 0 0 0
34 0.335 0 0 0 0 0 0 0 0 0 0 0 0
35 0.345 0 0 0 0 0 0 0 0 0 0 0 0
36 0.355 0 0 0 0 0 0 0 0 0 0 0 0
37 0.365 0 0 0 0 0 0 0 0 0 0 0 0
38 0.375 0 0 0 0 0 0 0 0 0 0 0 0
39 0.385 0 0 0 0 0 0 0 0 0 0 0 0
40 0.395 0 0 0 0 0 0 0 0 0 0 0 0
41 0.405 0 0 0 0 0 0 0 0 0 0 0 0
42 0.415 0 0 0 0 0 0 0 0 0 0 0 0
43 0.425 0 0 0 0 0 0 0 0 0 0 0 0
44 0.435 0 0 0 0 0 0 0 0 0 0 0 0
45 0.445 0 0 0 0 0 0 0 0 0 0 0 0
46 0.455 0 0 0 0 0 0 0 0 0 0 0 0
47 0.465 0 0 0 0 0 0 0 0 0 0 0 0
48 0.475 0 0 0 0 0 0 0 0 0 0 0 0
49 0.485 0 0 0 0 0 0 0 0 0 0 0 0
50 0.495 0 0 0 0 0 0 0 0 0 0 0 0
51 0.505 0 0 0 0 0 0 0 0 0 0 0 0
52 0.515 0 0 0 0 0 0 0 0 0 0 0 0
53 0.525 0 0 0 0 0 0 0 0 0 0 0 0
54 0.535 0 0 0 0 0 0 0 0 0 0 0 0
55 0.545 0 0 0 0 0 0 0 0 0 0 0 0
56 0.555 0 0 0 0 0 0 0 0 0 0 0 0
57 0.565 0 0 0 0 0 0 0 0 0 0 0 0
58 0.575 0 0 0 0 0 0 0 0 0 0 0 0
59 0.585 0 0 0 0 0 0 0 0 0 0 0 0
60 0.595 0 0 0 0 0 0 0 0 0 0 0 0
61 0.605 0 0 0 0 0 0 0 0 0 0 0 0
62 0.615 0 0 0 0 0 0 0 0 0 0 0 0
63 0.625 0 0 0 0 0 0 0 0 0 0 0 0
64 0.635 0 0 0 0 0 0 0 0 0 0 0 0
65 0.645 0 0 0 0 0 0 0 0 0 0 0 0
66 0.655 0 0 0 0 0 0 0 0 0 0 0 0
67 0.665 0 0 0 0 0 0 0 0 0 0 0 0
68 0.675 0 0 0 0 0 0 0 0 0 0 0 0
69 0.685 0 0 0 0 0 0 0 0 0 0 0 0
70 0.695 0 0 0 0 0 0 0 0 0 0 0 0
71 0.705 0 0 0 0 0 0 0 0 0 0 0 0
72 0.715 0 0 0 0 0 0 0 0 0 0 0 0
73 0.725 0 0 0 0 0 0 0 0 0 0 0 0
74 0.735 0 0 0 0 0 0 0 0 0 0 0 0
75 0.745 0 0 0 0 0 0 0 0 0 0 0 0
76 0.755 0 0 0 0 0 0 0 0 0 0 0 0
77 0.765 0 0 0 0 0 0 0 0 0 0 0 0
78 0.775 0 0 0 0 0 0 0 0 0 0 0 0
79 0.785 0 0 0 0 0 0 0 0 0 0 0 0
80 0.795 0 0 0 0 0 0 0 0 0 0 0 0
81 0.805 0 0 0 0 0 0 0 0 0 0 0 0
82 0.815 0 0 0 0 0 0 0 0 0 0 0 0
83 0.825 0 0 0 0 0 0 0 0 0 0 0 0
84 0.835 0 0 0 0 0 0 0 0 0 0 0 0
85 0.845 0 0 0 0 0 0 0 0 0 0 0 0
86 0.855 0 0 0 0 0 0 0 0 0 0 0 0
87 0.865 0 0 0 0 0 0 0 0 0 0 0 0
88 0.875 0 0 0 0 0 0 0 0 0 0 0 0
89 0.885 0 0 0 0 0 0 0 0 0 0 0 0
90 0.895 0 0 0 0 0 0 0 0 9.91515e-07 3.90625e-09 0 0
91 0.905 0 0 0 0 0 0 0 0 3.39404e-06 1.75781e-08 0 0
92 0.915 0 0 0 0 0 0 0 0 5.50214e-05 2.44141e-07 0 0
93 0.925 0 0 0 0 0 0 0 0 0.000342058 1.68359e-06 0 0
94 0.935 0 0 0 0 0 0 0 0 0.00162394 8.66602e-06 0 0
95 0.945 0 0 0 0 0 0 0 0 0.00669117 3.80547e-05 0 0
96 0.955 0 0 0 0 0 0 0 0 0.0219513 0.00013652 0 0
97 0.965 0 0 0 0 0 0 0 0 0.0620791 0.000420844 0 0
98 0.975 0 0 0 0 0 0 0 0 0.152112 0.00113204 0 0
99 0.985 0 0 0 0 0 0 0 0 0.325117 0.00268344 0 0
100 0.995 0 0 0 0 0 0 0 0 0.618803 0.00569653 0 0
101 1.005 0 0 0 0 0 0 0 0 1.05371 0.0109309 0 0
102 1.015 0 0 0 0 0 0 0 0 1.63364 0.0192085 0 0
103 1.025 0 0 0 0 0 0 0 0 2.32046 0.0311989 0 0
104 1.035 0 0 0 0 0 0 0 0 3.05595 0.0472995 0 0
105 1.045 0 0 0 0 0 0 0 0 3.77771 0.0675891 0 0
106 1.055 0 0 0 0 0 0 0 0 4.40909 0.0917252 0 0
107 1.065 0 0 0 0 0 0 0 0 4.91298 0.119132 0 0
108 1.075 0 0 0 0 0 0 0 0 5.2678 0.149072 0 0
109 1.085 0 0 0 0 0 0 0 0 5.46946 0.18074 0 0
110 1.095 0 0 0 0 0 0 0 0 5.54505 0.21344 0 0
111 1.105 0 0 0 0 0 0 0 0 5.51384 0.246553 0 0
112 1.115 0 0 0 0 0 0 0 0 5.40538 0.279604 0 0
113 1.125 0 0 0 0 0 0 0 0 5.25307 0.312303 0 0
114 1.135 0 0 0 0 0 0 0 0 5.07293 0.344444 0 0
115 1.145 0 0 0 0 0 0 0 0 4.88361 0.375933 0 0
116 1.155 0 0 0 0 0 0 0 0 4.70097 0.406777 0 0
117 1.165 0 0 0 0 0 0 0 0 4.52146 0.436959 0 0
118 1.175 0 0 0 0 0 0 0 0 4.35239 0.466513 0 0
119 1.185 0 0 0 0 0 0 0 0 4.20118 0.495527 0 0
120 1.195 0 0 0 0 0 0 0 0 4.05655 0.524018 0 0
121 1.205 0 0 0 0 0 0 0 0 3.9274 0.552066 0 0
122 1.215 0 0 0 0 0 0 0 0 3.81009 0.579729 0 0
123 1.225 0 0 0 0 0 0 0 0 3.69967 0.607034 0 0
124 1.235 0 0 0 0 0 0 0 0 3.59078 0.63397 0 0
125 1.245 0 0 0 0 0 0 0 0 3.48449 0.660534 0 0
126 1.255 0 0 0 0 0 0 0 0 3.37812 0.686702 0 0
127 1.265 0 0 0 0 0 0 0 0 3.27196 0.712453 0 0
128 1.275 0 0 0 0 0 0 0 0 3.15869 0.737708 0 0
129 1.285 0 0 0 0 0 0 0 0 3.0384 0.762383 0 0
130 1.295 0 0 0 0 0 0 0 0 2.91047 0.786389 0 0
131 1.305 0 0 0 0 0 0 0 0 2.76707 0.809566 0 0
132 1.315 0 0 0 0 0 0 0 0 2.61024 0.831765 0 0
133 1.325 0 0 0 0 0 0 0 0 2.43841 0.85282 0 0
134 1.335 0 0 0 0 0 0 0 0 2.25331 0.872572 0 0
135 1.345 0 0 0 0 0 0 0 0 2.05934 0.890894 0 0
136 1.355 0 0 0 0 0 0 0 0 1.86041 0.907694 0 0
137 1.365 0 0 0 0 0 0 0 0 1.65888 0.922895 0 0
138 1.375 0 0 0 0 0 0 0 0 1.45707 0.936444 0 0
139 1.385 0 0 0 0 0 0 0 0 1.25951 0.948327 0 0
140 1.395 0 0 0 0 0 0 0 0 1.07201 0.958587 0 0
141 1.405 0 0 0 0 0 0 0 0 0.896591 0.967292 0 0
142 1.415 0 0 0 0 0 0 0 0 0.737335 0.974552 0 0
143 1.425 0 0 0 0 0 0 0 0 0.595259 0.980497 0 0
144 1.435 0 0 0 0 0 0 0 0 0.473462 0.985293 0 0
145 1.445 0 0 0 0 0 0 0 0 0.368965 0.989082 0 0
146 1.455 0 0 0 0 0 0 0 0 0.28243 0.992022 0 0
147 1.465 0 0 0 0 0 0 0 0 0.212116 0.994261 0 0
148 1.475 0 0 0 0 0 0 0 0 0.156589 0.995937 0 0
149 1.485 0 0 0 0 0 0 0 0 0.113534 0.997168 0 0
150 1.495 0 0 0 0 0 0 0 0 0.0807748 0.998056 0 0
151 1.505 0 0 0 0 0 0 0 0 0.0565888 0.998687 0 0
152 1.515 0 0 0 0 0 0 0 0 0.0389886 0.999127 0 0
153 1.525 0 0 0 0 0 0 0 0 0.0264472 0.999429 0 0
154 1.535 0 0 0 0 0 0 0 0 0.0174329 0.999631 0 0
155 1.545 0 0 0 0 0 0 0 0 0.0114674 0.999766 0 0
156 1.555 0 0 0 0 0 0 0 0 0.00742674 0.999854 0 0
157 1.565 0 0 0 0 0 0 0 0 0.00464677 0.99991 0 0
158 1.575 0 0 0 0 0 0 0 0 0.00290607 0.999946 0 0
159 1.585 0 0 0 0 0 0 0 0 0.00177912 0.999968 0 0
160 1.595 0 0 0 0 0 0 0 0 0.00105585 0.999981 0 0
161 1.605 0 0 0 0 0 0 0 0 0.000654559 0.999989 0 0
162 1.615 0 0 0 0 0 0 0 0 0.00038201 0.999994 0 0
163 1.625 0 0 0 0 0 0 0 0 0.00021716 0.999997 0 0
164 1.635 0 0 0 0 0 0 0 0 0.000112158 0.999998 0 0
165 1.645 0 0 2.64155e-06 7.03125e-08 0 0 0 0 6.1196e-05 0.999999 0 0
166 1.655 0 0 2.11678e-05 6.40625e-07 0 0 0 0 2.97219e-05 1 0 0
167 1.665 0 0 0.000115745 3.79687e-06 0 0 0 0 1.69033e-05 1 0 0
168 1.675 0 0 0.000442889 1.60195e-05 0 0 0 0 9.05877e-06 1 0 0
169 1.685 0 0 0.00157394 5.99766e-05 0 0 0 0 4.75552e-06 1 0 0
170 1.695 0 0 0.00505646 0.000202875 0 0 0 0 1.7969e-06 1 0 0
171 1.705 0 0 0.0149618 0.000630707 0 0 0 0 1.22945e-06 1 0 0
172 1.715 0 0 0.0398972 0.00178499 0 0 0 0 1.08014e-06 1 0 0
173 1.725 0 0 0.0968398 0.00461947 0 0 0 0 6.67284e-07 1 0 0
174 1.735 0 0 0.214605 0.0109739 0 0 0 0 5.27691e-07 1 0 0
175 1.745 0 0 0.438872 0.0241192 0 0 0 0 1.30415e-07 1 0 0
176 1.755 0 0 0.827368 0.0491858 0 0 0 0 0 1 0 0
177 1.765 0 0 1.44999 0.0936178 0 0 0 0 0 1 0 0
178 1.775 0 0 2.36942 0.167049 0 0 0 0 0 1 0 0
179 1.785 0 0 3.61668 0.2804 0 0 0 0 0 1 0 0
180 1.795 0 0 5.18821 0.444833 0 0 0 0 0 1 0 0
181 1.805 0 0 7.01182 0.669545 0 0 0 0 0 1 0 0
182 1.815 0 0 8.95317 0.959661 0 0 0 0 0 1 0 0
183 1.825 0 0 10.8298 1.31446 0 0 0 0 0 1 0 0
184 1.835 0 0 12.4577 1.72709 0 0 0 0 0 1 0 0
185 1.845 0 0 13.6454 2.18399 0 0 0 0 0 1 0 0
186 1.855 0 0 14.2783 2.66727 0 0 0 0 0 1 0 0
187 1.865 0 0 14.3005 3.15654 0 0 0 0 0 1 0 0
188 1.875 0 0 13.7506 3.63206 0 0 0 0 0 1 0 0
189 1.885 0 0 12.6991 4.07591 4.4705e-07 7.8125e-09 0 0 0 1 0 0
190 1.895 0 0 11.2971 4.47496 4.42344e-07 1.5625e-08 0 0 0 1 0 0
191 1.905 0 0 9.69215 4.82094 1.96971e-06 5.07812e-08 0 0 0 1 0 0
192 1.915 0 0 8.03461 5.11077 1.08288e-06 7.03125e-08 0 0 5.41441e-07 1 0 0
193 1.925 0 0 6.4427 5.34561 2.78632e-06 1.21094e-07 0 0 8.57329e-07 1 0 0
194 1.935 0 0 5.00886 5.53008 4.45458e-06 2.03125e-07 0 0 1.69698e-06 1 0 0
195 1.945 0 0 3.7751 5.67056 1.28068e-05 4.41406e-07 0 0 2.72931e-06 1 0 0
196 1.955 0 0 2.76123 5.77437 3.3041e-05 1.0625e-06 0 0 7.37707e-06 1 0 0
197 1.965 0 0 1.96413 5.84897 7.83698e-05 2.55078e-06 0 0 1.59414e-05 1 0 0
198 1.975 0 0 1.35992 5.90115 0.000166152 5.73828e-06 0 0 2.983e-05 1 0 0
199 1.985 0 0 0.91804 5.93673 0.000341663 1.23594e-05 0 0 6.56114e-05 1 0 0
200 1.995 0 0 0.603951 5.96037 0.000651548 2.51133e-05 0 0 0.000109157 1 0 0
201 2.005 0 0 0.387684 5.9757 0.0012516 4.98594e-05 0 0 0.000184036 1.00001 0 0
202 2.015 0 0 0.242782 5.9854 0.00228653 9.55195e-05 0 0 0.000321393 1.00001 0 0
203 2.025 0 0 0.148901 5.99141 0.00419409 0.000180105 0 0 0.000534478 1.00003 0 0
204 2.035 0 0 0.0889753 5.99503 0.00740415 0.00033091 0 0 0.000888647 1.00004 0 0
205 2.045 0 0 0.0520487 5.99717 0.0125474 0.000588988 0 0 0.00148477 1.00007 0 0
206 2.055 0 0 0.0300375 5.99842 0.0211271 0.0010278 0 0 0.00248199 1.00013 0 0
207 2.065 0 0 0.0169639 5.99913 0.0344094 0.00174945 0 0 0.00401502 1.00021 0 0
208 2.075 0 0 0.00947456 5.99953 0.0547364 0.00290855 0 0 0.00634032 1.00034 0 0
209 2.085 0 0 0.00512682 5.99975 0.0849116 0.00472403 0 0 0.00988184 1.00056 0 0
210 2.095 0 0 0.00279293 5.99987 0.128049 0.00748814 0 0 0.015205 1.00088 0 0
211 2.105 0 0 0.00144865 5.99994 0.189304 0.0116136 0 0 0.0230593 1.00139 0 0
212 2.115 0 0 0.000716605 5.99997 0.273767 0.0176366 0 0 0.0344987 1.00215 0 0
213 2.125 0 0 0.000371999 5.99998 0.38589 0.0262068 0 0 0.0507852 1.00327 0 0
214 2.135 0 0 0.000191405 5.99999 0.530314 0.0380957 0 0 0.0734272 1.00492 0 0
215 2.145 0 0 7.86291e-05 6 0.712773 0.054225 0 0 0.1044 1.00728 0 0
216 2.155 0 0 4.48936e-05 6 0.936506 0.0756153 0 0 0.146272 1.01062 0 0
217 2.165 0 0 2.28753e-05 6 1.20446 0.103382 0 0 0.201534 1.01527 0 0
218 2.175 0 0 1.0913e-05 6 1.51161 0.138551 0 0 0.272869 1.02162 0 0
219 2.185 0 0 4.0758e-06 6 1.85788 0.182176 3.33369e-07 1.5625e-08 0.363344 1.03015 0 0
220 2.195 0 0 3.37936e-06 6 2.23303 0.23509 4.12923e-06 2.10937e-07 0.475538 1.04142 9.92959e-07 2.34375e-08
221 2.205 0 0 1.7969e-06 6 2.63256 0.298042 2.00501e-05 1.16797e-06 0.612646 1.05607 6.55982e-07 3.90625e-08
222 2.215 0 0 8.90358e-07 6 3.03972 0.371391 7.12058e-05 4.59766e-06 0.776424 1.0748 1.95022e-06 8.59375e-08
223 2.225 0 0 3.20863e-07 6 3.44494 0.455269 0.000255344 1.70078e-05 0.968271 1.09838 3.22121e-06 1.64062e-07
224 2.235 0 0 7.94995e-07 6 3.83093 0.549387 0.000841476 5.82734e-05 1.18667 1.12753 4.15018e-06 2.65625e-07
225 2.245 0 0 0 6 4.18954 0.653238 0.00232246 0.000173188 1.4303 1.16299 6.64455e-06 4.29688e-07
226 2.255 0 0 0 6 4.50754 0.765969 0.00593553 0.000469496 1.6955 1.20539 1.09763e-05 7.03125e-07
227 2.265 0 0 0 6 4.78468 0.886694 0.014131 0.0011812 1.97794 1.2553 2.08266e-05 1.22656e-06
228 2.275 0 0 0 6 5.01295 1.0143 0.0306419 0.00273814 2.26855 1.31304 3.48173e-05 2.10938e-06
229 2.285 0 0 0 6 5.19244 1.14764 0.0612708 0.00587877 2.5602 1.37879 5.00899e-05 3.39062e-06
230 2.295 0 0 0 6 5.33405 1.28581 0.114233 0.0117855 2.83985 1.45235 7.75093e-05 5.39062e-06
231 2.305 0 0 0 6 5.44591 1.42812 0.199002 0.0221654 3.09914 1.53334 0.000112256 8.3125e-06
232 2.315 0 0 0 6 5.53833 1.5741 0.321452 0.0390779 3.32495 1.62097 0.000184191 1.31484e-05
233 2.325 0 0 0 6 5.62116 1.72354 0.485734 0.0648551 3.51089 1.71432 0.000276717 2.04766e-05
234 2.335 0 0 0 6 5.70804 1.87661 0.686833 0.101619 3.64722 1.81212 0.0004282 3.19141e-05
235 2.345 0 0 0 6 5.79687 2.03339 0.911672 0.150836 3.72538 1.91287 0.000620594 4.86328e-05
236 2.355 0 0 0 6 5.89813 2.19427 1.13921 0.212862 3.74436 2.01501 0.000932203 7.39609e-05
237 2.365 0 0 0 6 6.01281 2.35967 1.34457 0.286693 3.70186 2.11684 0.00146833 0.000114195
238 2.375 0 0 0 6 6.13499 2.52987 1.50308 0.369927 3.60025 2.21672 0.00203641 0.000170469
239 2.385 0 0 0 6 6.25802 2.70495 1.59646 0.459078 3.44434 2.31308 0.0029207 0.000251859
240 2.395 0 0 0 6 6.37507 2.8848 1.6212 0.550371 3.24192 2.40454 0.00417801 0.000369266
241 2.405 0 0 0 6 6.47649 3.06903 1.58657 0.640462 3.00253 2.48995 0.00585851 0.000535273
242 2.415 0 0 0 6 6.54745 3.25684 1.50964 0.726899 2.73649 2.56844 0.00839783 0.000775219
243 2.425 0 0 0 6 6.58582 3.44732 1.41988 0.808871 2.45321 2.6394 0.011502 0.00110659
244 2.435 0 0 0 6 6.5795 3.63919 1.34238 0.88701 2.16515 2.70254 0.0158127 0.00156591
245 2.445 0 0 0 6 6.52584 3.83106 1.29998 0.963303 1.87963 2.7578 0.0213614 0.00219151
246 2.455 0 0 0 6 6.41894 4.02133 1.30877 1.04074 1.60446 2.80536 0.0289082 0.00304507
247 2.465 0 0 0 6 6.25483 4.20825 1.373 1.12264 1.3477 2.84564 0.0382103 0.0041825
248 2.475 7.80998e-07 2.34375e-08 0 6 6.04227 4.39029 1.48841 1.21215 1.11474 2.87922 0.0500662 0.00568497
249 2.485 7.48901e-06 2.5e-07 0 6 5.7776 4.56576 1.64499 1.31188 0.907461 2.90678 0.0654452 0.00766486
250 2.495 6.91675e-06 4.60937e-07 0 6 5.46842 4.73319 1.83432 1.42398 0.726534 2.92902 0.084163 0.0102315
251 2.505 1.93142e-05 1.05469e-06 0 6 5.11973 4.89119 2.05301 1.55045 0.572669 2.9467 0.107571 0.0135384
252 2.515 3.52965e-05 2.14844e-06 0 6 4.73981 5.03864 2.30024 1.69329 0.444259 2.96052 0.136499 0.0177682
253 2.525 0.000110305 5.59375e-06 0 6 4.3375 5.17465 2.58548 1.85512 0.33965 2.97117 0.170801 0.0231031
254 2.535 0.000224332 1.26562e-05 0 6 3.92364 5.29866 2.91849 2.03924 0.255006 2.97923 0.212135 0.0297816
255 2.545 0.00062931 3.2625e-05 0 6 3.5046 5.4103 3.32125 2.25043 0.188941 2.98525 0.260716 0.0380544
256 2.555 0.00145448 7.91406e-05 0 6 3.0905 5.50953 3.79785 2.49382 0.137767 2.98967 0.317818 0.0482186
257 2.565 0.00359795 0.000195109 0 6 2.6909 5.5966 4.35576 2.77516 0.0988047 2.99287 0.382472 0.0605464
258 2.575 0.00758169 0.000441391 0 6 2.31291 5.67203 4.97642 3.0991 0.0698259 2.99514 0.457023 0.0753922
259 2.585 0.0155966 0.000951969 0 6 1.96184 5.7365 5.63124 3.46852 0.0487138 2.99675 0.539453 0.0930519
260 2.595 0.0311972 0.00198117 0 6 1.63994 5.79082 6.28499 3.88402 0.0333955 2.99785 0.631428 0.113883
261 2.605 0.0576725 0.00389849 0 6 1.35196 5.83594 6.88493 4.34269 0.0226333 2.99861 0.732683 0.138241
262 2.615 0.103029 0.00735004 0 6 1.10019 5.87294 7.39298 4.839 0.0152549 2.99912 0.84082 0.166409
263 2.625 0.174466 0.0132395 0 6 0.881647 5.90282 7.77253 5.36479 0.0101827 2.99946 0.956086 0.198684
264 2.635 0.284873 0.0229295 0 6 0.696359 5.9266 7.98452 5.90905 0.00692128 2.9997 1.07678 0.235311
265 2.645 0.443778 0.0381395 0 6 0.542478 5.94527 8.02659 6.46033 0.0049467 2.99987 1.19978 0.276432
266 2.655 0.662449 0.0610161 0 6 0.41651 5.95971 7.89494 7.00668 0.00390621 3.00001 1.3253 0.322199
267 2.665 0.947084 0.093969 0 6 0.315149 5.97071 7.61011 7.53729 0.00366196 3.00013 1.44911 0.372619
268 2.675 1.30277 0.139638 0 6 0.234998 5.97898 7.20418 8.04337 0.00409426 3.00028 1.57001 0.427657
269 2.685 1.72046 0.200402 0 6 0.172719 5.98511 6.70739 8.51809 0.00516441 3.00046 1.68296 0.487096
270 2.695 2.17794 0.277897 0 6 0.125533 5.98959 6.15736 8.95713 0.00696094 3.00071 1.78811 0.55072
271 2.705 2.65392 0.37303 0 6 0.089717 5.99282 5.58615 9.3584 0.00966675 3.00106 1.88236 0.618196
272 2.715 3.11202 0.485411 0 6 0.0631219 5.99511 5.02652 9.72215 0.013497 3.00155 1.96222 0.689056
273 2.725 3.50946 0.613079 0 6 0.0438562 5.99671 4.49187 10.0496 0.0188395 3.00224 2.024 0.762685
274 2.735 3.82444 0.753229 0 6 0.0301499 5.99782 3.99347 10.3429 0.0260599 3.00319 2.0693 0.838517
275 2.745 4.01682 0.901508 0 6 0.0202277 5.99857 3.53664 10.6045 0.035714 3.00452 2.09399 0.915815
276 2.755 4.06498 1.05266 0 6 0.0135803 5.99908 3.11494 10.8366 0.0482631 3.00632 2.10008 0.993904
277 2.765 3.96887 1.20131 0 6 0.00886869 5.99941 2.72735 11.0413 0.0647281 3.00875 2.08736 1.07208
278 2.775 3.74233 1.34249 0 6 0.00573382 5.99963 2.36909 11.2204 0.0856469 3.012 2.05328 1.14955
279 2.785 3.40611 1.47192 2.56e-07 6 0.00369479 5.99977 2.03521 11.3754 0.111863 3.01626 2.00036 1.22556
280 2.795 2.99427 1.58651 8.64181e-07 6 0.00229943 5.99986 1.72579 11.5077 0.144616 3.02182 1.9303 1.29943
281 2.805 2.54615 1.68466 5.04724e-07 6 0.00146673 5.99991 1.44023 11.619 0.185208 3.02899 1.84486 1.37054
282 2.815 2.09274 1.7659 1.35309e-06 6 0.000877604 5.99995 1.17758 11.7106 0.234253 3.03812 1.74794 1.4384
283 2.825 1.6607 1.83083 5.87171e-06 6 0.000523777 5.99997 0.944341 11.7846 0.292864 3.04961 1.63911 1.50248
284 2.835 1.27651 1.88109 1.54653e-05 6 0.000334406 5.99998 0.740324 11.843 0.361468 3.0639 1.52371 1.56248
285 2.845 0.9489 1.91872 3.59142e-05 6 0.00018801 5.99999 0.567214 11.888 0.440954 3.08145 1.40154 1.61806
286 2.855 0.685587 1.94609 8.14111e-05 6.00001 0.000115077 5.99999 0.423933 11.922 0.531515 3.10276 1.27781 1.66908
287 2.865 0.476303 1.96525 0.000151915 6.00002 6.73457e-05 6 0.309092 11.9469 0.633426 3.12833 1.15181 1.7154
288 2.875 0.321655 1.97827 0.000310704 6.00005 4.103e-05 6 0.219055 11.9647 0.746472 3.15868 1.02976 1.7571
289 2.885 0.209447 1.98681 0.000584997 6.0001 1.92757e-05 6 0.151543 11.977 0.869174 3.19426 0.912193 1.79429
290 2.895 0.131888 1.99223 0.00114444 6.00019 1.41201e-05 6 0.101881 11.9854 0.999822 3.23547 0.801919 1.82722
291 2.905 0.0803877 1.99555 0.00208793 6.00036 7.0586e-06 6 0.0667762 11.991 1.13758 3.28269 0.697014 1.85603
292 2.915 0.0474094 1.99752 0.00379372 6.00068 2.43022e-06 6 0.0428004 11.9945 1.27949 3.33616 0.601406 1.88107
293 2.925 0.0272153 1.99866 0.00654243 6.00123 1.11398e-06 6 0.0267009 11.9968 1.4224 3.39601 0.514412 1.90263
294 2.935 0.0151208 1.9993 0.011234 6.00218 8.29805e-07 6 0.0160945 11.9981 1.5644 3.46229 0.436435 1.92105
295 2.945 0.0080998 1.99965 0.0185041 6.00376 7.32604e-07 6 0.00955611 11.9989 1.7013 3.53486 0.368071 1.93669
296 2.955 0.00419037 1.99983 0.0296242 6.00631 9.09567e-08 6 0.00555297 11.9994 1.82916 3.61342 0.308785 1.9499
297 2.965 0.00216534 1.99992 0.0461649 6.0103 9.03442e-08 6 0.00309229 11.9997 1.94621 3.69757 0.259267 1.96106
298 2.975 0.000991348 1.99996 0.0701322 6.0164 1.79476e-07 6 0.00169869 11.9998 2.05007 3.78681 0.219114 1.97056
299 2.985 0.000462828 1.99998 0.103871 6.02551 1.78275e-07 6 0.000943135 11.9999 2.13661 3.88044 0.188283 1.97878
300 2.995 0.000241605 1.99999 0.149187 6.03867 1.77087e-07 6 0.000483994 12 2.2049 3.97771 0.166253 1.98609
301 3.005 0.000105607 2 0.208547 6.0572 0 6 0.000245434 12 2.25313 4.07778 0.152875 1.99285
302 3.015 3.17529e-05 2 0.28321 6.08252 0 6 0.000125844 12 2.28112 4.17976 0.148201 1.99945
303 3.025 1.74272e-05 2 0.374653 6.11624 0 6 6.60504e-05 12 2.28687 4.28268 0.153256 2.00632
304 3.035 1.83513e-05 2 0.481205 6.15984 0 6 2.82507e-05 12 2.27361 4.38568 0.168268 2.01392
305 3.045 2.14988e-05 2 0.602157 6.21476 0 6 1.43331e-05 12 2.24148 4.4879 0.193997 2.02273
306 3.055 4.52796e-05 2 0.732578 6.28202 0 6 8.18554e-06 12 2.19198 4.58852 0.2307 2.03328
307 3.065 0.000118658 2.00001 0.866639 6.3621 5.91816e-07 6 2.54132e-06 12 2.12795 4.68683 0.279687 2.04615
308 3.075 0.000306102 2.00002 0.998003 6.45492 5.03977e-07 6 1.38865e-06 12 2.05028 4.78218 0.342279 2.062
309 3.085 0.000613938 2.00005 1.11786 6.55957 5.00715e-07 6 7.9435e-07 12 1.96353 4.87409 0.420599 2.08161
310 3.095 0.00129887 2.00011 1.2202 6.67454 2.07285e-06 6 3.32305e-07 12 1.86911 4.96215 0.513764 2.10572
311 3.105 0.00276992 2.00024 1.29657 6.7975 2.71857e-06 6 1.23813e-07 12 1.76962 5.04606 0.623398 2.13517
312 3.115 0.00550745 2.00051 1.34278 6.92567 3.76523e-06 6 0 12 1.66965 5.12574 0.750698 2.17085
313 3.125 0.0106233 2.00101 1.35448 7.05578 7.72633e-06 6 0 12 1.56832 5.20107 0.895464 2.21369
314 3.135 0.0199849 2.00198 1.33441 7.18478 1.3738e-05 6 0 12 1.46906 5.27208 1.05761 2.26462
315 3.145 0.0363612 2.00374 1.28555 7.30986 2.21624e-05 6 0 12 1.37502 5.33897 1.23826 2.32462
316 3.155 0.0640192 2.00686 1.213 7.42862 3.77409e-05 6 0 12 1.28606 5.40193 1.43453 2.39457
317 3.165 0.108353 2.01218 1.12738 7.53971 6.20025e-05 6.00001 0 12 1.20262 5.46118 1.64507 2.47531
318 3.175 0.178391 2.02099 1.0409 7.64292 9.87219e-05 6.00001 0 12 1.12684 5.51705 1.86793 2.56755
319 3.185 0.282793 2.03504 0.962717 7.73899 0.000162226 6.00002 0 12 1.05947 5.5699 2.10142 2.67199
320 3.195 0.435704 2.05683 0.907957 7.83016 0.000259713 6.00003 0 12 0.998866 5.62005 2.3421 2.78911
321 3.205 0.648973 2.08949 0.884957 7.91957 0.000398509 6.00005 0 12 0.946902 5.66789 2.58553 2.91923
322 3.215 0.939679 2.13707 0.905068 8.01159 0.000642613 6.00009 0 12 0.903592 5.71383 2.82825 3.06244
323 3.225 1.31607 2.20413 0.976729 8.11152 0.0010158 6.00014 0 12 0.86845 5.75825 3.06717 3.21872
324 3.235 1.79573 2.2962 1.10353 8.22512 0.00153911 6.00022 0 12 0.842038 5.80159 3.30018 3.38792
325 3.245 2.37864 2.4189 1.28997 8.35873 0.00235502 6.00034 0 12 0.824751 5.8443 3.52276 3.56965
326 3.255 3.06197 2.57784 1.53485 8.51869 0.00356382 6.00053 0 12 0.817474 5.8869 3.72982 3.76325
327 3.265 3.83391 2.77806 1.8324 8.71083 0.00532783 6.0008 0 12 0.819274 5.92985 3.91881 3.96791
328 3.275 4.67035 3.02347 2.17321 8.94011 0.0078229 6.00122 0 12 0.831441 5.97371 4.0877 4.1827
329 3.285 5.53418 3.31604 2.54375 9.21013 0.011533 6.00183 0 12 0.853255 6.019 4.23506 4.40659
330 3.295 6.38768 3.65579 2.92774 9.52279 0.0165073 6.00271 0 12 0.884299 6.06622 4.36218 4.63861
331 3.305 7.19061 4.04058 3.30977 9.87841 0.023627 6.00398 4.37126e-07 12 0.922225 6.11576 4.46323 4.87745
332 3.315 7.89046 4.46537 3.66475 10.2746 0.0332641 6.00578 6.87948e-07 12 0.967301 6.16804 4.53857 5.12179
333 3.325 8.44886 4.92298 3.97916 10.7073 0.0464709 6.0083 2.37536e-06 12 1.01809 6.2234 4.59207 5.3705
334 3.335 8.81568 5.40333 4.22996 11.1701 0.0639339 6.0118 8.29975e-06 12 1.07142 6.28201 4.61798 5.62213
335 3.345 8.9929 5.89628 4.40597 11.655 0.0869339 6.01659 1.98432e-05 12 1.12634 6.34399 4.62052 5.8754
336 3.355 8.95496 6.39009 4.50145 12.1534 0.116593 6.02304 4.21013e-05 12 1.18046 6.40934 4.5993 6.12903
337 3.365 8.71344 6.87345 4.51548 12.6563 0.154612 6.03165 6.52545e-05 12 1.23316 6.47802 4.55652 6.38179
338 3.375 8.27818 7.3354 4.45073 13.155 0.202641 6.043 0.000123449 12 1.28193 6.54983 4.49032 6.63236
339 3.385 7.69029 7.76709 4.30984 13.6407 0.262574 6.0578 0.000226898 12.0001 1.32572 6.62454 4.40261 6.8795
340 3.395 6.98266 8.16137 4.11217 14.107 0.33538 6.07681 0.000418676 12.0001 1.36354 6.70184 4.28992 7.12174
341 3.405 6.18855 8.51288 3.86801 14.5481 0.423159 6.10094 0.000734461 12.0002 1.39732 6.78152 4.16227 7.35815
342 3.415 5.3614 8.81919 3.59504 14.9605 0.526611 6.13115 0.00131649 12.0003 1.42457 6.86323 4.01446 7.58751
343 3.425 4.54012 9.08011 3.30354 15.3417 0.64755 6.16851 0.00222562 12.0006 1.44642 6.94668 3.84808 7.80866
344 3.435 3.75769 9.29732 3.01009 15.6911 0.785887 6.21411 0.00374343 12.001 1.46302 7.03158 3.66759 8.02066
345 3.445 3.03629 9.47386 2.72094 16.0087 0.941427 6.26906 0.00615895 12.0017 1.4752 7.11769 3.47352 8.22262
346 3.455 2.39816 9.6141 2.44531 16.2958 1.11227 6.33436 0.00986376 12.0029 1.48391 7.20481 3.26707 8.41368
347 3.465 1.84809 9.7228 2.18164 16.5535 1.29798 6.41101 0.0155145 12.0047 1.48877 7.29272 3.05137 8.59315
348 3.475 1.39172 9.80514 1.9351 16.7833 1.49446 6.49977 0.0238953 12.0076 1.49044 7.38124 2.82925 8.76053
349 3.485 1.0218 9.86593 1.70516 16.987 1.6984 6.60122 0.035789 12.0118 1.48884 7.47017 2.60372 8.91545
350 3.495 0.731276 9.90969 1.48975 17.166 1.90488 6.71566 0.0524894 12.0181 1.48456 7.55936 2.37699 9.05769
351 3.505 0.513077 9.94057 1.28906 17.3218 2.1065 6.84293 0.0754196 12.0272 1.47689 7.64859 2.15244 9.18724
352 3.515 0.350027 9.96176 1.10305 17.4559 2.30073 6.98274 0.10553 12.04 1.46652 7.73771 1.93293 9.30424
353 3.525 0.233431 9.97597 0.931274 17.5697 2.47811 7.13418 0.144636 12.0577 1.45271 7.82648 1.72048 9.40897
354 3.535 0.150784 9.9852 0.774925 17.6649 2.6342 7.29608 0.193266 12.0814 1.43446 7.91464 1.5182 9.50191
355 3.545 0.096125 9.99112 0.634678 17.7434 2.76194 7.46679 0.253151 12.1126 1.41359 8.00202 1.32779 9.58366
356 3.555 0.0591698 9.99478 0.510199 17.8068 2.85673 7.64435 0.324387 12.1529 1.38905 8.08835 1.1501 9.65487
357 3.565 0.035591 9.997 0.403064 17.8572 2.91487 7.82655 0.407376 12.2037 1.36063 8.1734 0.986794 9.71631
358 3.575 0.0210688 9.99832 0.312415 17.8965 2.93592 8.0111 0.501449 12.2666 1.32946 8.25697 0.838749 9.76882
359 3.585 0.0121475 9.99908 0.236808 17.9264 2.91669 8.19547 0.606396 12.3431 1.29722 8.33897 0.706318 9.81329
360 3.595 0.00677673 9.99951 0.175371 17.9487 2.85964 8.37723 0.721278 12.4346 1.26453 8.41935 0.58871 9.85057
361 3.605 0.00374109 9.99975 0.127003 17.9649 2.76545 8.554 0.84441 12.5424 1.22975 8.49795 0.486097 9.88152
362 3.615 0.00190804 9.99987 0.0900309 17.9765 2.63743 8.72351 0.976085 12.6676 1.19554 8.57479 0.396996 9.90693
363 3.625 0.000989178 9.99994 0.0627175 17.9846 2.4837 8.88403 1.11504 12.8114 1.16189 8.64988 0.321493 9.92763
364 3.635 0.000498328 9.99997 0.0425386 17.9902 2.30708 9.03396 1.2599 12.9749 1.12976 8.7233 0.257752 9.94432
365 3.645 0.000238137 9.99998 0.0280961 17.9938 2.11459 9.17213 1.40977 13.1587 1.09963 8.79515 0.204978 9.95766
366 3.655 0.000126296 9.99999 0.018221 17.9962 1.91254 9.29779 1.56026 13.3634 1.07095 8.86552 0.162146 9.96827
367 3.665 6.95712e-05 10 0.0115428 17.9977 1.70671 9.41054 1.71047 13.5889 1.04467 8.93453 0.127447 9.97666
368 3.675 2.59769e-05 10 0.00707967 17.9987 1.5033 9.5104 1.85301 13.8346 1.02026 9.0023 0.100297 9.98329
369 3.685 1.31529e-05 10 0.00421075 17.9992 1.30613 9.59763 1.9814 14.0988 0.996985 9.06889 0.0795008 9.98858
370 3.695 9.46097e-06 10 0.00246967 17.9996 1.12083 9.67289 2.08842 14.3787 0.974566 9.13433 0.0643792 9.99289
371 3.705 2.43962e-06 10 0.00141159 17.9998 0.948526 9.73693 2.16555 14.6705 0.952154 9.19861 0.0539684 9.99652
372 3.715 1.27103e-06 10 0.000793101 17.9999 0.792506 9.79072 2.20562 14.9694 0.929273 9.26169 0.0474615 9.99972
373 3.725 1.609e-06 10 0.000427351 17.9999 0.653606 9.83533 2.20401 15.2696 0.904765 9.32343 0.0443709 10.0027
374 3.735 2.85784e-06 10 0.000224091 18 0.532311 9.87185 2.15957 15.5653 0.878279 9.38369 0.0445278 10.0058
375 3.745 7.61817e-06 10 0.000118385 18 0.427692 9.90135 2.07527 15.8511 0.849376 9.44228 0.0474942 10.009
376 3.755 8.93484e-06 10 5.74271e-05 18 0.339589 9.9249 1.9564 16.1219 0.818046 9.49901 0.0531512 10.0127
377 3.765 2.81248e-05 10 2.63901e-05 18 0.266001 9.94345 1.80986 16.3738 0.782856 9.55359 0.0609947 10.017
378 3.775 5.08044e-05 10 1.29302e-05 18 0.205842 9.95787 1.64608 16.6041 0.744297 9.60575 0.0713167 10.0219
379 3.785 0.000115321 10 7.62291e-06 18 0.157409 9.96896 1.47497 16.8115 0.703549 9.65533 0.0841207 10.0278
380 3.795 0.000215144 10 4.10849e-06 18 0.118939 9.97739 1.3053 16.9961 0.660829 9.70213 0.0993355 10.0348
381 3.805 0.000418997 10.0001 2.3589e-06 18 0.088788 9.98371 1.14152 17.1583 0.616657 9.74604 0.116226 10.0431
382 3.815 0.000759099 10.0001 1.63713e-06 18 0.0653651 9.98839 0.990078 17.2998 0.573587 9.7871 0.135462 10.0527
383 3.825 0.00148193 10.0002 4.6143e-07 18 0.0476579 9.99182 0.852071 17.4222 0.532411 9.82541 0.156932 10.064
384 3.835 0.00254301 10.0004 2.07912e-06 18 0.0342512 9.9943 0.729278 17.5274 0.495383 9.86125 0.180035 10.077
385 3.845 0.00436212 10.0007 4.00233e-06 18 0.0242176 9.99606 0.620292 17.6175 0.463593 9.89495 0.205083 10.0918
386 3.855 0.00751207 10.0013 6.73398e-06 18 0.017009 9.9973 0.524518 17.694 0.438626 9.92701 0.232609 10.1088
387 3.865 0.0123303 10.0022 1.50466e-05 18 0.0118498 9.99817 0.439424 17.7584 0.422699 9.95807 0.261076 10.1279
388 3.875 0.0197604 10.0036 2.86685e-05 18 0.00818646 9.99878 0.365739 17.8124 0.416045 9.98879 0.291033 10.1493
389 3.885 0.0306044 10.0059 5.91998e-05 18 0.00559199 9.99919 0.30262 17.8572 0.41922 10.0199 0.321871 10.1731
390 3.895 0.046575 10.0093 0.000117295 18 0.00374465 9.99947 0.24996 17.8944 0.432491 10.0522 0.354207 10.1994
391 3.905 0.0693722 10.0145 0.000245448 18.0001 0.00248531 9.99966 0.207092 17.9254 0.455006 10.0863 0.387147 10.2283
392 3.915 0.100559 10.0221 0.000455978 18.0001 0.00163576 9.99978 0.175307 17.9518 0.485737 10.1229 0.420333 10.2599
393 3.925 0.142856 10.0329 0.000868289 18.0003 0.00105652 9.99986 0.15542 17.9753 0.522689 10.1625 0.453879 10.2941
394 3.935 0.197817 10.0479 0.00158799 18.0005 0.000686663 9.99991 0.149171 17.998 0.563844 10.2055 0.487034 10.3311
395 3.945 0.266754 10.0682 0.00284226 18.0009 0.000431285 9.99994 0.156414 18.0219 0.607145 10.2519 0.51932 10.3707
396 3.955 0.351784 10.0952 0.00496364 18.0017 0.000270178 9.99997 0.178499 18.0493 0.650044 10.3019 0.55103 10.4129
397 3.965 0.454297 10.1302 0.00850717 18.003 0.000170303 9.99998 0.215704 18.0826 0.689917 10.3553 0.581797 10.4577
398 3.975 0.573292 10.1745 0.0142183 18.0052 0.000102845 9.99999 0.267931 18.1242 0.725027 10.4116 0.61072 10.505
399 3.985 0.702136 10.2292 0.0230643 18.0088 6.55686e-05 9.99999 0.333644 18.1762 0.7544 10.4706 0.637312 10.5546
400 3.995 0.84252 10.295 0.0363429 18.0145 4.20009e-05 10 0.410904 18.2406 0.777664 10.5316 0.662042 10.6063
401 4.005 0.988051 10.3727 0.0559445 18.0234 2.6392e-05 10 0.495724 18.3186 0.793494 10.5942 0.683913 10.6601
402 4.015 1.12987 10.4619 0.0838937 18.0367 1.57663e-05 10 0.5834 18.4109 0.803408 10.6579 0.702975 10.7156
403 4.025 1.25994 10.5619 0.122826 18.0562 8.18718e-06 10 0.66766 18.5171 0.809041 10.7224 0.717812 10.7726
404 4.035 1.37281 10.6714 0.175446 18.0843 3.75624e-06 10 0.742147 18.6358 0.81155 10.7873 0.729059 10.8307
405 4.045 1.45797 10.7883 0.244398 18.1237 2.42707e-06 10 0.80179 18.7645 0.813146 10.8528 0.736933 10.8898
406 4.055 1.5113 10.91 0.332087 18.1774 2.22191e-06 10 0.840414 18.9002 0.815273 10.9187 0.740734 10.9495
407 4.065 1.53122 11.034 0.440111 18.2489 1.29775e-06 10 0.854187 19.0388 0.820746 10.9854 0.739836 11.0093
408 4.075 1.51335 11.1571 0.57032 18.3421 5.26123e-07 10 0.842681 19.1762 0.830342 11.0532 0.735493 11.0692
409 4.085 1.46009 11.2764 0.721927 18.4606 4.75955e-07 10 0.806461 19.3083 0.84497 11.1226 0.726742 11.1286
410 4.095 1.37747 11.3896 0.893439 18.608 2.8418e-07 10 0.74882 19.4315 0.864703 11.1939 0.7145 11.1873
411 4.105 1.26536 11.4941 1.08153 18.7872 6.5986e-07 10 0.675422 19.5433 0.889323 11.2676 0.698019 11.2449
412 4.115 1.13514 11.5882 1.28322 19.001 7.50464e-07 10 0.590484 19.6414 0.918265 11.3441 0.678274 11.3012
413 4.125 0.995292 11.6712 1.49267 19.2508 1.02689e-06 10 0.500528 19.7251 0.949623 11.4235 0.655781 11.3558
414 4.135 0.850168 11.7424 1.70464 19.5375 1.90451e-06 10 0.411992 19.7942 0.980623 11.506 0.630666 11.4087
415 4.145 0.709936 11.8022 1.91613 19.8613 3.60575e-06 10 0.329037 19.8497 1.01052 11.5914 0.603248 11.4595
416 4.155 0.578206 11.8511 2.12063 20.2214 7.54487e-06 10 0.255099 19.8929 1.03659 11.6794 0.573522 11.508
417 4.165 0.459153 11.8901 2.31467 20.6164 1.03473e-05 10 0.192309 19.9257 1.05653 11.7696 0.542663 11.5541
418 4.175 0.356865 11.9206 2.49886 21.0449 1.72694e-05 10 0.141073 19.9498 1.06883 11.8612 0.510866 11.5977
419 4.185 0.270773 11.9438 2.6703 21.5049 3.08367e-05 10 0.101061 19.9672 1.07215 11.9535 0.477926 11.6387
420 4.195 0.200625 11.9611 2.82712 21.9943 5.6686e-05 10 0.0712805 19.9795 1.06586 12.0458 0.445694 11.6771
421 4.205 0.144873 11.9736 2.97456 22.5116 8.83532e-05 10 0.05071 19.9883 1.04939 12.137 0.413138 11.7129
422 4.215 0.101938 11.9825 3.10653 23.0545 0.000146274 10 0.0383686 19.995 1.02431 12.2266 0.380783 11.7461
423 4.225 0.0701284 11.9887 3.22606 23.621 0.000236883 10.0001 0.0334537 20.0009 0.990932 12.3135 0.349688 11.7766
424 4.235 0.0470207 11.9928 3.3286 24.2082 0.000386729 10.0001 0.0356278 20.0072 0.95075 12.3974 0.319382 11.8047
425 4.245 0.0310185 11.9955 3.41016 24.8127 0.000605549 10.0001 0.0456295 20.0152 0.905431 12.4777 0.290687 11.8304
426 4.255 0.0197754 11.9973 3.47063 25.4308 0.000938869 10.0002 0.0646412 20.0267 0.85802 12.5541 0.263425 11.8537
427 4.265 0.0124005 11.9984 3.49949 26.0569 0.00146982 10.0004 0.0942812 20.0436 0.810979 12.6266 0.238375 11.875
428 4.275 0.00750824 11.9991 3.49714 26.6856 0.00225912 10.0006 0.137049 20.0681 0.766394 12.6955 0.215228 11.8942
429 4.285 0.00462494 11.9995 3.46104 27.3107 0.00346586 10.0009 0.195043 20.1033 0.727844 12.7612 0.194623 11.9118
430 4.295 0.00279373 11.9997 3.39081 27.926 0.0052041 10.0013 0.270969 20.1524 0.697266 12.8245 0.176773 11.9277
431 4.305 0.0018155 11.9999 3.28573 28.525 0.00781533 10.0021 0.365679 20.2189 0.677261 12.8862 0.161842 11.9424
432 4.315 0.00132857 12 3.15014 29.1019 0.0113698 10.0031 0.478293 20.3063 0.669543 12.9475 0.150589 11.9562
433 4.325 0.00141741 12.0001 2.99431 29.6528 0.0165555 10.0046 0.608024 20.418 0.674999 13.0096 0.143085 11.9693
434 4.335 0.0019701 12.0003 2.82508 30.1751 0.0236949 10.0068 0.750452 20.5564 0.694513 13.0738 0.139405 11.9821
435 4.345 0.00308297 12.0006 2.65135 30.6674 0.0334528 10.0099 0.899108 20.7231 0.728768 13.1415 0.140062 11.9951
436 4.355 0.00522805 12.0011 2.48357 31.1308 0.0466144 10.0143 1.04648 20.9179 0.776358 13.2139 0.145642 12.0086
437 4.365 0.00891576 12.0019 2.32617 31.5667 0.0641271 10.0203 1.18264 21.1391 0.83593 13.2922 0.156116 12.0232
438 4.375 0.0145008 12.0033 2.18501 31.9781 0.0872744 10.0285 1.2987 21.3832 0.906305 13.3776 0.171472 12.0392
439 4.385 0.0232742 12.0055 2.06272 32.3682 0.116965 10.0396 1.38562 21.6447 0.984627 13.4707 0.192444 12.0574
440 4.395 0.0364247 12.0089 1.95497 32.7397 0.154591 10.0542 1.43804 21.9174 1.0673 13.5721 0.218231 12.078
441 4.405 0.0553697 12.0142 1.8589 33.0945 0.201708 10.0735 1.45174 22.194 1.15288 13.6821 0.249558 12.1017
442 4.415 0.0816538 12.022 1.76724 33.4333 0.259941 10.0984 1.42771 22.4672 1.23797 13.8008 0.285463 12.129
443 4.425 0.118322 12.0333 1.67538 33.756 0.330341 10.1302 1.37136 22.7308 1.31882 13.9278 0.325531 12.1602
444 4.435 0.16605 12.0493 1.57827 34.0614 0.41515 10.1704 1.28897 22.9797 1.39338 14.0626 0.369607 12.1958
445 4.445 0.22675 12.0713 1.47198 34.3475 0.513765 10.2203 1.19034 23.2106 1.45846 14.2043 0.416735 12.2362
446 4.455 0.301762 12.1006 1.35368 34.6117 0.627857 10.2816 1.08665 23.4223 1.51325 14.352 0.465465 12.2814
447 4.465 0.390469 12.1388 1.22609 34.8522 0.75801 10.3559 0.988401 23.6158 1.55558 14.5045 0.516315 12.3319
448 4.475 0.494331 12.1873 1.08951 35.0668 0.904267 10.445 0.90492 23.7937 1.58392 14.6605 0.565593 12.3874
449 4.485 0.608421 12.2472 0.949306 35.2546 1.06449 10.5503 0.841513 23.9599 1.59872 14.8187 0.614127 12.4479
450 4.495 0.73011 12.3195 0.809923 35.4156 1.23763 10.6733 0.801648 24.1189 1.59933 14.9776 0.659405 12.5131
451 4.505 0.854801 12.4045 0.675763 35.5505 1.42092 10.8151 0.789053 24.2761 1.58669 15.136 0.701702 12.5829
452 4.515 0.970837 12.5014 0.550981 35.661 1.61184 10.9767 0.801555 24.4365 1.56017 15.2924 0.738248 12.6566
453 4.525 1.0771 12.6095 0.439375 35.7495 1.80756 11.1587 0.836785 24.6047 1.5212 15.4456 0.768735 12.7338
454 4.535 1.16343 12.7267 0.341994 35.8186 2.0026 11.3613 0.892742 24.785 1.47101 15.5944 0.792187 12.8136
455 4.545 1.22666 12.8508 0.259745 35.8714 2.19256 11.5841 0.967172 24.9811 1.41041 15.7377 0.808228 12.8954
456 4.555 1.25854 12.9788 0.192738 35.9108 2.37338 11.8262 1.05859 25.1967 1.34151 15.8746 0.816777 12.9784
457 4.565 1.25682 13.1071 0.139661 35.9394 2.53947 12.0865 1.16704 25.4355 1.26501 16.0043 0.816713 13.0618
458 4.575 1.22453 13.2326 0.0986627 35.9597 2.68488 12.3629 1.29259 25.7011 1.18243 16.126 0.809561 13.1448
459 4.585 1.16223 13.3523 0.0681081 35.9738 2.80795 12.6532 1.43753 25.9978 1.09617 16.2393 0.795739 13.2267
460 4.595 1.07339 13.4634 0.0459394 35.9833 2.90566 12.955 1.60275 26.33 1.00703 16.3439 0.77609 13.307
461 4.605 0.968865 13.564 0.0301488 35.9896 2.97375 13.2651 1.78924 26.7025 0.917584 16.4396 0.751497 13.3851
462 4.615 0.850787 13.6528 0.0193932 35.9937 3.01091 13.5805 1.99594 27.1198 0.829201 16.5264 0.722581 13.4605
463 4.625 0.728263 13.7291 0.0121383 35.9962 3.01903 13.8981 2.21901 27.5858 0.744059 16.6047 0.691657 13.533
464 4.635 0.607707 13.7931 0.00741751 35.9978 2.99636 14.2147 2.45229 28.103 0.664209 16.6749 0.660038 13.6024
465 4.645 0.49397 13.8453 0.00445587 35.9987 2.94353 14.5271 2.68827 28.6724 0.590809 16.7376 0.628376 13.6688
466 4.655 0.391673 13.8869 0.00261952 35.9993 2.86418 14.8323 2.9161 29.2928 0.526145 16.7937 0.59961 13.7325
467 4.665 0.302578 13.9191 0.00148032 35.9996 2.76015 15.1277 3.12614 29.9607 0.470858 16.8441 0.574139 13.7937
468 4.675 0.228037 13.9435 0.000843491 35.9998 2.63656 15.4112 3.30709 30.6702 0.426886 16.89 0.552052 13.8528
469 4.685 0.169255 13.9617 0.000444951 35.9999 2.49544 15.6805 3.4495 31.4135 0.395202 16.9326 0.536552 13.9105
470 4.695 0.123754 13.9751 0.00023568 35.9999 2.34167 15.9344 3.54964 32.1817 0.37661 16.9734 0.527051 13.9674
471 4.705 0.0917998 13.985 0.000128498 36 2.17902 16.1716 3.59985 32.964 0.371166 17.0139 0.5234 14.0242
472 4.715 0.0710928 13.9928 6.11989e-05 36 2.0112 16.3916 3.60434 33.7507 0.379209 17.0553 0.528194 14.0817
473 4.725 0.0613741 13.9995 2.71972e-05 36 1.84168 16.5938 3.56336 34.5317 0.400189 17.0993 0.540419 14.1408
474 4.735 0.0625614 14.0064 1.28239e-05 36 1.67346 16.7783 3.48427 35.2986 0.433746 17.1471 0.560037 14.2023
475 4.745 0.0756447 14.0147 6.98462e-06 36 1.50953 16.9455 3.37512 36.0446 0.478582 17.2001 0.58615 14.267
476 4.755 0.101514 14.026 3.81135e-06 36 1.35139 17.0957 3.24253 36.7643 0.53326 17.2594 0.619654 14.3356
477 4.765 0.142099 14.0418 2.23874e-06 36 1.20132 17.2299 3.09761 37.4548 0.595716 17.3259 0.658217 14.4088
478 4.775 0.200443 14.0642 1.75912e-06 36 1.06031 17.3488 2.94529 38.1141 0.663869 17.4004 0.70176 14.4872
479 4.785 0.27966 14.0955 5.79299e-06 36 0.929067 17.4534 2.79584 38.7425 0.734792 17.4831 0.75036 14.5714
480 4.795 0.380617 14.1384 1.39558e-05 36 0.807344 17.5447 2.65712 39.3423 0.80621 17.5743 0.802479 14.6618
481 4.805 0.507452 14.1958 3.04959e-05 36 0.696661 17.6238 2.53574 39.9171 0.874799 17.6736 0.855992 14.7586
482 4.815 0.657993 14.2705 6.23831e-05 36 0.596433 17.6918 2.43811 40.472 0.937888 17.7805 0.912386 14.8622
483 4.825 0.832872 14.3655 0.000140813 36.0001 0.506645 17.7498 2.36683 41.0129 0.993626 17.8943 0.96904 14.9728
484 4.835 1.02851 14.4833 0.000286866 36.0001 0.426913 17.7989 2.32674 41.5469 1.03928 18.0138 1.02539 15.0902
485 4.845 1.23583 14.6254 0.000565412 36.0003 0.357438 17.8402 2.31729 42.0809 1.07359 18.1378 1.08201 15.2146
486 4.855 1.44578 14.7924 0.0010899 36.0005 0.29693 17.8746 2.33273 42.6207 1.09566 18.2648 1.13633 15.3458
487 4.865 1.65126 14.9839 0.00205275 36.001 0.24547 17.9032 2.36863 43.1711 1.10522 18.3934 1.18848 15.4836
488 4.875 1.83449 15.1974 0.00380336 36.0019 0.202855 17.9269 2.41533 43.7346 1.1024 18.5223 1.24009 15.628
489 4.885 1.98839 15.4299 0.00670452 36.0034 0.168643 17.9467 2.45665 44.3102 1.08793 18.65 1.28843 15.7787
490 4.895 2.09899 15.6763 0.0116676 36.0062 0.142431 17.9635 2.4828 44.8942 1.0641 18.7754 1.33555 15.9354
491 4.905 2.16167 15.9311 0.019542 36.0108 0.124257 17.9782 2.48021 45.48 1.03194 18.8975 1.38238 16.0984
492 4.915 2.17161 16.1881 0.0319288 36.0184 0.114345 17.9918 2.43836 46.0583 0.994151 19.0156 1.42829 16.2674
493 4.925 2.12494 16.4406 0.0507868 36.0305 0.112153 18.0051 2.35397 46.6188 0.952773 19.1293 1.4737 16.4425
494 4.935 2.03323 16.6832 0.0785638 36.0493 0.118265 18.0193 2.22357 47.1505 0.909446 19.2382 1.51946 16.6238
495 4.945 1.90317 16.9112 0.118023 36.0777 0.133403 18.0353 2.05247 47.6432 0.866688 19.3424 1.5657 16.8114
496 4.955 1.74598 17.1212 0.172743 36.1195 0.158154 18.0544 1.84993 48.0891 0.826656 19.4422 1.6149 17.0056
497 4.965 1.57846 17.3118 0.246282 36.1792 0.192536 18.0778 1.62469 48.4823 0.790427 19.5381 1.66718 17.207
498 4.975 1.41535 17.4834 0.342118 36.2625 0.237975 18.1068 1.39052 48.8201 0.758461 19.6304 1.72127 17.4157
499 4.985 1.27138 17.6382 0.462727 36.3756 0.29518 18.1428 1.15803 49.1027 0.731864 19.7198 1.77934 17.6323
500 4.995 1.16609 17.7807 0.610286 36.5254 0.365122 18.1876 0.940153 49.3329 0.711174 19.8071 1.84132 17.8574
