# Time-averaged data for fix rdf_p
# TimeStep Number-of-rows
# Row c_rdf_p[1] c_rdf_p[2] c_rdf_p[3] c_rdf_p[4] c_rdf_p[5] c_rdf_p[6] c_rdf_p[7] c_rdf_p[8] c_rdf_p[9] c_rdf_p[10] c_rdf_p[11] c_rdf_p[12] c_rdf_p[13]
1000000 500
1 0.005 0 0 0 0 0 0 0 0 0 0 0 0
2 0.015 0 0 0 0 0 0 0 0 0 0 0 0
3 0.025 0 0 0 0 0 0 0 0 0 0 0 0
4 0.035 0 0 0 0 0 0 0 0 0 0 0 0
5 0.045 0 0 0 0 0 0 0 0 0 0 0 0
6 0.055 0 0 0 0 0 0 0 0 0 0 0 0
7 0.065 0 0 0 0 0 0 0 0 0 0 0 0
8 0.075 0 0 0 0 0 0 0 0 0 0 0 0
9 0.085 0 0 0 0 0 0 0 0 0 0 0 0
10 0.095 0 0 0 0 0 0 0 0 0 0 0 0
11 0.105 0 0 0 0 0 0 0 0 0 0 0 0
12 0.115 0 0 0 0 0 0 0 0 0 0 0 0
13 0.125 0 0 0 0 0 0 0 0 0 0 0 0
14 0.135 0 0 0 0 0 0 0 0 0 0 0 0
15 0.145 0 0 0 0 0 0 0 0 0 0 0 0
16 0.155 0 0 0 0 0 0 0 0 0 0 0 0
17 0.165 0 0 0 0 0 0 0 0 0 0 0 0
18 0.175 0 0 0 0 0 0 0 0 0 0 0 0
19 0.185 0 0 0 0 0 0 0 0 0 0 0 0
20 0.195 0 0 0 0 0 0 0 0 0 0 0 0
21 0.205 0 0 0 0 0 0 0 0 0 0 0 0
22 0.215 0 0 0 0 0 0 0 0 0 0 0 0
23 0.225 0 0 0 0 0 0 0 0 0 0 0 0
24 0.235 0 0 0 0 0 0 0 0 0 0 0 0
25 0.245 0 0 0 0 0 0 0 0 0 0 0 0
26 0.255 0 0 0 0 0 0 0 0 0 0 0 0
27 0.265 0 0 0 0 0 0 0 0 0 0 0 0
28 0.275 0 0 0 0 0 0 0 0 0 0 0 0
29 0.285 0 0 0 0 0 0 0 0 0 0 0 0
30 0.295 0 0 0 0 0 0 0 0 0 0 0 0
31 0.305 0 0 0 0 0 0 0 0 0 0 0 0
32 0.315 0 0 0 0 0 0 0 0 0 0 0 0
33 0.325 0 0 0 0 0 0 0 0 0 0 0 0
34 0.335 0 0 0 0 0 0 0 0 0 0 0 0
35 0.345 0 0 0 0 0 0 0 0 0 0 0 0
36 0.355 0 0 0 0 0 0 0 0 0 0 0 0
37 0.365 0 0 0 0 0 0 0 0 0 0 0 0
38 0.375 0 0 0 0 0 0 0 0 0 0 0 0
39 0.385 0 0 0 0 0 0 0 0 0 0 0 0
40 0.395 0 0 0 0 0 0 0 0 0 0 0 0
41 0.405 0 0 0 0 0 0 0 0 0 0 0 0
42 0.415 0 0 0 0 0 0 0 0 0 0 0 0
43 0.425 0 0 0 0 0 0 0 0 0 0 0 0
44 0.435 0 0 0 0 0 0 0 0 0 0 0 0
45 0.445 0 0 0 0 0 0 0 0 0 0 0 0
46 0.455 0 0 0 0 0 0 0 0 0 0 0 0
47 0.465 0 0 0 0 0 0 0 0 0 0 0 0
48 0.475 0 0 0 0 0 0 0 0 0 0 0 0
49 0.485 0 0 0 0 0 0 0 0 0 0 0 0
50 0.495 0 0 0 0 0 0 0 0 0 0 0 0
51 0.505 0 0 0 0 0 0 0 0 0 0 0 0
52 0.515 0 0 0 0 0 0 0 0 0 0 0 0
53 0.525 0 0 0 0 0 0 0 0 0 0 0 0
54 0.535 0 0 0 0 0 0 0 0 0 0 0 0
55 0.545 0 0 0 0 0 0 0 0 0 0 0 0
56 0.555 0 0 0 0 0 0 0 0 0 0 0 0
57 0.565 0 0 0 0 0 0 0 0 0 0 0 0
58 0.575 0 0 0 0 0 0 0 0 0 0 0 0
59 0.585 0 0 0 0 0 0 0 0 0 0 0 0
60 0.595 0 0 0 0 0 0 0 0 0 0 0 0
61 0.605 0 0 0 0 0 0 0 0 0 0 0 0
62 0.615 0 0 0 0 0 0 0 0 0 0 0 0
63 0.625 0 0 0 0 0 0 0 0 0 0 0 0
64 0.635 0 0 0 0 0 0 0 0 0 0 0 0
65 0.645 0 0 0 0 0 0 0 0 0 0 0 0
66 0.655 0 0 0 0 0 0 0 0 0 0 0 0
67 0.665 0 0 0 0 0 0 0 0 0 0 0 0
68 0.675 0 0 0 0 0 0 0 0 0 0 0 0
69 0.685 0 0 0 0 0 0 0 0 0 0 0 0
70 0.695 0 0 0 0 0 0 0 0 0 0 0 0
71 0.705 0 0 0 0 0 0 0 0 0 0 0 0
72 0.715 0 0 0 0 0 0 0 0 0 0 0 0
73 0.725 0 0 0 0 0 0 0 0 0 0 0 0
74 0.735 0 0 0 0 0 0 0 0 0 0 0 0
75 0.745 0 0 0 0 0 0 0 0 0 0 0 0
76 0.755 0 0 0 0 0 0 0 0 0 0 0 0
77 0.765 0 0 0 0 0 0 0 0 0 0 0 0
78 0.775 0 0 0 0 0 0 0 0 0 0 0 0
79 0.785 0 0 0 0 0 0 0 0 0 0 0 0
80 0.795 0 0 0 0 0 0 0 0 0 0 0 0
81 0.805 0 0 0 0 0 0 0 0 0 0 0 0
82 0.815 0 0 0 0 0 0 0 0 0 0 0 0
83 0.825 0 0 0 0 0 0 0 0 0 0 0 0
84 0.835 0 0 0 0 0 0 0 0 0 0 0 0
85 0.845 0 0 0 0 0 0 0 0 0 0 0 0
86 0.855 0 0 0 0 0 0 0 0 0 0 0 0
87 0.865 0 0 0 0 0 0 0 0 0 0 0 0
88 0.875 0 0 0 0 0 0 0 0 0 0 0 0
89 0.885 0 0 0 0 0 0 0 0 0 0 0 0
90 0.895 0 0 0 0 0 0 0 0 0 0 0 0
91 0.905 0 0 0 0 0 0 0 0 3.33051e-06 1.36719e-08 0 0
92 0.915 0 0 0 0 0 0 0 0 3.16502e-05 1.46484e-07 0 0
93 0.925 0 0 0 0 0 0 0 0 0.000215876 1.07227e-06 0 0
94 0.935 0 0 0 0 0 0 0 0 0.00113086 6.02734e-06 0 0
95 0.945 0 0 0 0 0 0 0 0 0.00468565 2.7e-05 0 0
96 0.955 0 0 0 0 0 0 0 0 0.0159287 9.98125e-05 0 0
97 0.965 0 0 0 0 0 0 0 0 0.0459936 0.000314482 0 0
98 0.975 0 0 0 0 0 0 0 0 0.115074 0.000862766 0 0
99 0.985 0 0 0 0 0 0 0 0 0.252467 0.00209048 0 0
100 0.995 0 0 0 0 0 0 0 0 0.490216 0.00452298 0 0
101 1.005 0 0 0 0 0 0 0 0 0.853742 0.00884491 0 0
102 1.015 0 0 0 0 0 0 0 0 1.35285 0.0158305 0 0
103 1.025 0 0 0 0 0 0 0 0 1.96719 0.0261894 0 0
104 1.035 0 0 0 0 0 0 0 0 2.6563 0.0404513 0 0
105 1.045 0 0 0 0 0 0 0 0 3.36043 0.058844 0 0
106 1.055 0 0 0 0 0 0 0 0 4.01608 0.081248 0 0
107 1.065 0 0 0 0 0 0 0 0 4.58075 0.107289 0 0
108 1.075 0 0 0 0 0 0 0 0 5.02572 0.136398 0 0
109 1.085 0 0 0 0 0 0 0 0 5.34273 0.167922 0 0
110 1.095 0 0 0 0 0 0 0 0 5.53264 0.201171 0 0
111 1.105 0 0 0 0 0 0 0 0 5.61895 0.235559 0 0
112 1.115 0 0 0 0 0 0 0 0 5.62082 0.270583 0 0
113 1.125 0 0 0 0 0 0 0 0 5.55924 0.305847 0 0
114 1.135 0 0 0 0 0 0 0 0 5.45744 0.341085 0 0
115 1.145 0 0 0 0 0 0 0 0 5.32545 0.376078 0 0
116 1.155 0 0 0 0 0 0 0 0 5.1828 0.410731 0 0
117 1.165 0 0 0 0 0 0 0 0 5.02948 0.444944 0 0
118 1.175 0 0 0 0 0 0 0 0 4.87226 0.47866 0 0
119 1.185 0 0 0 0 0 0 0 0 4.71379 0.511836 0 0
120 1.195 0 0 0 0 0 0 0 0 4.55566 0.544442 0 0
121 1.205 0 0 0 0 0 0 0 0 4.40039 0.576467 0 0
122 1.215 0 0 0 0 0 0 0 0 4.24189 0.607852 0 0
123 1.225 0 0 0 0 0 0 0 0 4.08149 0.63855 0 0
124 1.235 0 0 0 0 0 0 0 0 3.9181 0.668502 0 0
125 1.245 0 0 0 0 0 0 0 0 3.75654 0.697686 0 0
126 1.255 0 0 0 0 0 0 0 0 3.58516 0.725988 0 0
127 1.265 0 0 0 0 0 0 0 0 3.41218 0.753356 0 0
128 1.275 0 0 0 0 0 0 0 0 3.22982 0.779671 0 0
129 1.285 0 0 0 0 0 0 0 0 3.03804 0.804814 0 0
130 1.295 0 0 0 0 0 0 0 0 2.83384 0.828634 0 0
131 1.305 0 0 0 0 0 0 0 0 2.62383 0.85103 0 0
132 1.315 0 0 0 0 0 0 0 0 2.40603 0.871883 0 0
133 1.325 0 0 0 0 0 0 0 0 2.17869 0.891054 0 0
134 1.335 0 0 0 0 0 0 0 0 1.95134 0.908485 0 0
135 1.345 0 0 0 0 0 0 0 0 1.72188 0.924097 0 0
136 1.355 0 0 0 0 0 0 0 0 1.49673 0.93787 0 0
137 1.365 0 0 0 0 0 0 0 0 1.28324 0.949854 0 0
138 1.375 0 0 0 0 0 0 0 0 1.08243 0.960111 0 0
139 1.385 0 0 0 0 0 0 0 0 0.897931 0.968744 0 0
140 1.395 0 0 0 0 0 0 0 0 0.73295 0.975893 0 0
141 1.405 0 0 0 0 0 0 0 0 0.588374 0.981714 0 0
142 1.415 0 0 0 0 0 0 0 0 0.461868 0.986349 0 0
143 1.425 0 0 0 0 0 0 0 0 0.356725 0.98998 0 0
144 1.435 0 0 0 0 0 0 0 0 0.270122 0.992768 0 0
145 1.445 0 0 0 0 0 0 0 0 0.200665 0.994868 0 0
146 1.455 0 0 0 0 0 0 0 0 0.14617 0.996419 0 0
147 1.465 0 0 0 0 0 0 0 0 0.104579 0.997544 0 0
148 1.475 0 0 0 0 0 0 0 0 0.0731401 0.998341 0 0
149 1.485 0 0 0 0 0 0 0 0 0.0501485 0.998896 0 0
150 1.495 0 0 0 0 0 0 0 0 0.0340284 0.999277 0 0
151 1.505 0 0 0 0 0 0 0 0 0.0227802 0.999535 0 0
152 1.515 0 0 0 0 0 0 0 0 0.0147931 0.999706 0 0
153 1.525 0 0 0 0 0 0 0 0 0.00956405 0.999817 0 0
154 1.535 0 0 0 0 0 0 0 0 0.00602216 0.999888 0 0
155 1.545 0 0 0 0 0 0 0 0 0.00368457 0.999932 0 0
156 1.555 0 0 0 0 0 0 0 0 0.00227491 0.99996 0 0
157 1.565 0 0 0 0 0 0 0 0 0.00134189 0.999976 0 0
158 1.575 0 0 0 0 0 0 0 0 0.000803207 0.999986 0 0
159 1.585 0 0 0 0 0 0 0 0 0.000476669 0.999992 0 0
160 1.595 0 0 0 0 0 0 0 0 0.00026331 0.999996 0 0
161 1.605 0 0 0 0 0 0 0 0 0.000153089 0.999998 0 0
162 1.615 0 0 5.97624e-07 1.5625e-08 0 0 0 0 8.62072e-05 0.999999 0 0
163 1.625 0 0 5.90291e-07 3.125e-08 0 0 0 0 4.53048e-05 0.999999 0 0
164 1.635 0 0 2.47814e-06 9.76563e-08 0 0 0 0 2.01167e-05 1 0 0
165 1.645 0 0 8.92838e-06 3.39844e-07 0 0 0 0 1.49766e-05 1 0 0
166 1.655 0 0 4.43886e-05 1.55859e-06 0 0 0 0 8.394e-06 1 0 0
167 1.665 0 0 0.000218161 7.62109e-06 0 0 0 0 3.51418e-06 1 0 0
168 1.675 0 0 0.000837947 3.11875e-05 0 0 0 0 1.25005e-06 1 0 0
169 1.685 0 0 0.00303886 0.000117676 0 0 0 0 1.3725e-07 1 0 0
170 1.695 0 0 0.00958632 0.000393758 0 0 0 0 0 1 0 0
171 1.705 0 0 0.0269935 0.00118036 0 0 0 0 0 1 0 0
172 1.715 0 0 0.0693891 0.00322618 0 0 0 0 0 1 0 0
173 1.725 0 0 0.164272 0.00812608 0 0 0 0 0 1 0 0
174 1.735 0 0 0.354844 0.0188335 0 0 0 0 0 1 0 0
175 1.745 0 0 0.704283 0.0403308 0 0 0 0 0 1 0 0
176 1.755 0 0 1.28546 0.080019 0 0 0 0 0 1 0 0
177 1.765 0 0 2.18046 0.148109 0 0 0 0 0 1 0 0
178 1.775 0 0 3.43853 0.256706 0 0 0 0 0 1 0 0
179 1.785 0 0 5.06968 0.418627 0 0 0 0 0 1 0 0
180 1.795 0 0 7.00004 0.644715 0 0 0 0 0 1 0 0
181 1.805 0 0 9.09885 0.941873 0 0 0 0 0 1 0 0
182 1.815 0 0 11.1561 1.31027 0 0 0 0 0 1 0 0
183 1.825 0 0 12.9309 1.74198 0 0 0 0 0 1 0 0
184 1.835 0 0 14.2338 2.22242 0 0 0 0 0 1 0 0
185 1.845 0 0 14.8993 2.73082 0 0 0 0 0 1 0 0
186 1.855 0 0 14.8661 3.2436 0 0 0 0 0 1 0 0
187 1.865 0 0 14.1721 3.73773 0 0 0 0 0 1 0 0
188 1.875 0 0 12.933 4.1935 0 0 0 0 0 1 0 0
189 1.885 0 0 11.3279 4.59698 0 0 0 0 0 1 0 0
190 1.895 0 0 9.53859 4.94034 1.3022e-06 2.34375e-08 0 0 5.42581e-07 1 0 0
191 1.905 0 0 7.73185 5.22161 6.4428e-07 3.51563e-08 0 0 7.5166e-07 1 0 0
192 1.915 0 0 6.03969 5.44363 2.12523e-06 7.42188e-08 0 0 1.91271e-06 1 0 0
193 1.925 0 0 4.55813 5.61294 5.25802e-06 1.71875e-07 0 0 1.68256e-06 1 0 0
194 1.935 0 0 3.32799 5.73785 1.72766e-05 4.96094e-07 0 0 4.3712e-06 1 0 0
195 1.945 0 0 2.3515 5.82703 3.39929e-05 1.14062e-06 0 0 1.07129e-05 1 0 0
196 1.955 0 0 1.61134 5.88876 6.5049e-05 2.38672e-06 0 0 1.66191e-05 1 0 0
197 1.965 0 0 1.0706 5.9302 0.000137658 5.05078e-06 0 0 3.11851e-05 1 0 0
198 1.975 0 0 0.69277 5.95729 0.000282926 1.0582e-05 0 0 6.13405e-05 1 0 0
199 1.985 0 0 0.434883 5.97446 0.000550868 2.14609e-05 0 0 0.000112053 1 0 0
200 1.995 0 0 0.265971 5.98507 0.00107388 4.28828e-05 0 0 0.000192589 1.00001 0 0
201 2.005 0 0 0.159101 5.99148 0.00206144 8.4418e-05 0 0 0.000344898 1.00002 0 0
202 2.015 0 0 0.0925321 5.99525 0.00377282 0.000161195 0 0 0.000587086 1.00003 0 0
203 2.025 0 0 0.0524718 5.99741 0.0065917 0.000296672 0 0 0.00100162 1.00005 0 0
204 2.035 0 0 0.0290997 5.99862 0.0115909 0.000537254 0 0 0.00167468 1.00008 0 0
205 2.045 0 0 0.0156967 5.99927 0.0197652 0.000951543 0 0 0.00273216 1.00014 0 0
206 2.055 0 0 0.00832941 5.99963 0.0326658 0.00164295 0 0 0.00448573 1.00024 0 0
207 2.065 0 0 0.00432798 5.99981 0.0527503 0.00277036 0 0 0.0071418 1.00039 0 0
208 2.075 0 0 0.00221731 5.99991 0.0827092 0.00455523 0 0 0.011268 1.00063 0 0
209 2.085 0 0 0.0011257 5.99996 0.126227 0.00730554 0 0 0.0172979 1.00101 0 0
210 2.095 0 0 0.000540175 5.99998 0.188181 0.0114452 0 0 0.0263584 1.00159 0 0
211 2.105 0 0 0.000234548 5.99999 0.274203 0.0175348 0 0 0.0392518 1.00246 0 0
212 2.115 0 0 0.000121612 6 0.388984 0.0262559 0 0 0.0575382 1.00375 0 0
213 2.125 0 0 5.39356e-05 6 0.538999 0.0384548 0 0 0.0831473 1.00563 0 0
214 2.135 0 0 2.18001e-05 6 0.728424 0.0550965 0 0 0.118264 1.00833 0 0
215 2.145 0 0 1.09257e-05 6 0.964298 0.0773338 0 0 0.165836 1.01216 0 0
216 2.155 0 0 4.61511e-06 6 1.24465 0.106305 5.88527e-07 2.73437e-08 0.227983 1.01746 0 0
217 2.165 0 0 3.99061e-06 6 1.56935 0.143173 1.33281e-06 8.98438e-08 0.307984 1.0247 0 0
218 2.175 0 0 1.56512e-06 6 1.93519 0.189057 1.81579e-06 1.75781e-07 0.408862 1.03439 0 0
219 2.185 0 0 1.30596e-06 6 2.33303 0.244883 5.72477e-06 4.49219e-07 0.533995 1.04717 6.55542e-07 1.5625e-08
220 2.195 0 0 0 6 2.75137 0.311324 2.55273e-05 1.67969e-06 0.685744 1.06373 1.62396e-06 5.46875e-08
221 2.205 0 0 0 6 3.17837 0.388777 7.44432e-05 5.30078e-06 0.864535 1.0848 6.43704e-07 7.03125e-08
222 2.215 0 0 0 6 3.59737 0.477237 0.000250286 1.75859e-05 1.07357 1.1112 6.37905e-07 8.59375e-08
223 2.225 0 0 0 6 3.99113 0.576268 0.000783399 5.63867e-05 1.30868 1.14367 2.52873e-06 1.48438e-07
224 2.235 0 0 0 6 4.34823 0.685132 0.00220423 0.000166543 1.56836 1.18294 8.14501e-06 3.51563e-07
225 2.245 0 0 0 6 4.65537 0.802731 0.00584638 0.000461336 1.84947 1.22966 1.21089e-05 6.5625e-07
226 2.255 0 0 0 6 4.90854 0.927832 0.0139425 0.00117064 2.14219 1.28425 2.36958e-05 1.25781e-06
227 2.265 0 0 0 6 5.10931 1.05921 0.0309846 0.00276094 2.43985 1.34699 3.41629e-05 2.13281e-06
228 2.275 0 0 0 6 5.2545 1.19551 0.0629787 0.00602196 2.73189 1.41785 6.04701e-05 3.69531e-06
229 2.285 0 0 0 6 5.3571 1.3357 0.119 0.012238 3.00777 1.49657 0.000104599 6.42188e-06
230 2.295 0 0 0 6 5.43411 1.47916 0.209044 0.0232534 3.25475 1.58249 0.000183907 1.12578e-05
231 2.305 0 0 0 6 5.49585 1.62551 0.339846 0.0413178 3.46534 1.67477 0.000258304 1.81094e-05
232 2.315 0 0 0 6 5.55484 1.77471 0.514759 0.0689174 3.6252 1.77214 0.000380174 2.82812e-05
233 2.325 0 0 0 6 5.62755 1.92718 0.729774 0.108384 3.72888 1.87317 0.000575209 4.38047e-05
234 2.335 0 0 0 6 5.72194 2.08355 0.969658 0.161276 3.7727 1.97627 0.000858165 6.71641e-05
235 2.345 0 0 0 6 5.83536 2.24438 1.20827 0.22775 3.75274 2.0797 0.00128796 0.000102523
236 2.355 0 0 0 6 5.98136 2.41064 1.4168 0.306362 3.67134 2.18175 0.00186506 0.000154164
237 2.365 0 0 0 6 6.14603 2.58294 1.56931 0.394177 3.53017 2.28071 0.0026976 0.000229492
238 2.375 0 0 0 6 6.31377 2.76143 1.64822 0.487189 3.34014 2.37514 0.00381654 0.000336969
239 2.385 0 0 0 6 6.47469 2.94602 1.64972 0.581071 3.10689 2.46372 0.00540331 0.000490414
240 2.395 0 0 0 6 6.61872 3.13631 1.58553 0.672059 2.84335 2.54546 0.00775303 0.000712437
241 2.405 0 0 0 6 6.73279 3.33149 1.48115 0.757768 2.55764 2.61961 0.0106501 0.00101998
242 2.415 0 0 0 6 6.79882 3.53023 1.36726 0.837546 2.26319 2.68576 0.0146477 0.00144648
243 2.425 0 0 0 6 6.80586 3.73083 1.27767 0.912715 1.96942 2.74381 0.0198965 0.00203062
244 2.435 0 0 0 6 6.74643 3.93132 1.23607 0.986038 1.68632 2.79393 0.0266178 0.00281855
245 2.445 0 0 0 6 6.62069 4.12969 1.25615 1.06116 1.42104 2.8365 0.0355446 0.00387938
246 2.455 0 0 0 6 6.42257 4.3237 1.34243 1.14211 1.17663 2.87205 0.0471593 0.0052984
247 2.465 0 0 0 6 6.15992 4.51129 1.48759 1.23254 0.958824 2.90125 0.0615954 0.00716692
248 2.475 0 0 0 6 5.8362 4.69048 1.68402 1.33574 0.768716 2.92485 0.0797718 0.00960651
249 2.485 1.01363e-06 3.125e-08 0 6 5.45982 4.85946 1.91953 1.45433 0.606909 2.94363 0.102184 0.0127568
250 2.495 1.40773e-05 4.6875e-07 0 6 5.04165 5.01676 2.18496 1.59041 0.470424 2.95831 0.130094 0.0167999
251 2.505 3.64092e-05 1.60937e-06 0 6 4.59717 5.16135 2.48824 1.74662 0.35912 2.9696 0.163688 0.0219279
252 2.515 0.000110587 5.10156e-06 0 6 4.1378 5.29252 2.83305 1.9259 0.269731 2.97815 0.203716 0.028361
253 2.525 0.000288886 1.42969e-05 0 6 3.672 5.40986 3.23341 2.13214 0.19971 2.98454 0.251108 0.0363538
254 2.535 0.000762431 3.87578e-05 0 6 3.2141 5.51339 3.69959 2.36999 0.145106 2.98921 0.305825 0.0461655
255 2.545 0.00182046 9.7625e-05 0 6 2.77675 5.60353 4.23903 2.64468 0.103863 2.99258 0.370378 0.0581422
256 2.555 0.00447856 0.000243586 0 6 2.36356 5.68086 4.84737 2.96126 0.0729342 2.99497 0.443292 0.0725896
257 2.565 0.00938523 0.000551859 0 6 1.98385 5.74628 5.49533 3.32298 0.050725 2.99664 0.524688 0.0898238
258 2.575 0.0193962 0.00119394 0 6 1.6405 5.8008 6.15807 3.73148 0.0345466 2.99779 0.616018 0.110216
259 2.585 0.0386062 0.00248188 0 6 1.33834 5.84562 6.78112 4.18481 0.0232881 2.99857 0.715605 0.134089
260 2.595 0.073087 0.00493902 0 6 1.07409 5.88187 7.32319 4.67818 0.0154622 2.99909 0.823445 0.161773
261 2.605 0.12962 0.00933045 0 6 0.850052 5.91079 7.7449 5.20399 0.0103083 2.99944 0.938825 0.19358
262 2.615 0.219357 0.0168192 0 6 0.662915 5.93351 8.00782 5.75184 0.00683471 2.99968 1.05864 0.229721
263 2.625 0.357283 0.0291102 0 6 0.509046 5.95109 8.09366 6.30979 0.00472907 2.99984 1.18374 0.270443
264 2.635 0.55445 0.0483297 0 6 0.384954 5.96448 8.00246 6.86567 0.00356997 2.99996 1.31015 0.315858
265 2.645 0.823232 0.0770831 0 6 0.287013 5.97455 7.74801 7.40797 0.00316153 3.00007 1.43517 0.365985
266 2.655 1.17159 0.118314 0 6 0.211269 5.98201 7.36086 7.92708 0.00333357 3.00019 1.55743 0.420795
267 2.665 1.59055 0.174711 0 6 0.152795 5.98745 6.87468 8.41555 0.00407971 3.00034 1.67408 0.480154
268 2.675 2.06771 0.248579 0 6 0.10876 5.99135 6.32448 8.86832 0.00550685 3.00053 1.78103 0.54378
269 2.685 2.57612 0.341298 0 6 0.0765268 5.99412 5.7505 9.28307 0.00779708 3.00082 1.87392 0.611226
270 2.695 3.07934 0.452957 0 6 0.0531716 5.99605 5.17742 9.65928 0.0109467 3.00121 1.95541 0.68213
271 2.705 3.53192 0.581978 0 6 0.0364092 5.99739 4.62642 9.99795 0.0155058 3.00178 2.02077 0.755949
272 2.715 3.89454 0.7253 0 6 0.0245101 5.99829 4.11174 10.3012 0.0217366 3.00259 2.06865 0.832077
273 2.725 4.13028 0.878419 0 6 0.0162439 5.9989 3.63843 10.5715 0.029984 3.0037 2.09658 0.909802
274 2.735 4.20825 1.03558 0 6 0.0106605 5.9993 3.20278 10.8112 0.041099 3.00524 2.10498 0.988412
275 2.745 4.12896 1.1909 0 6 0.00692318 5.99956 2.80061 11.0223 0.0557224 3.00735 2.09019 1.06704
276 2.755 3.89237 1.33839 0 6 0.00438407 5.99972 2.42983 11.2068 0.0747755 3.01019 2.05892 1.14506
277 2.765 3.53087 1.47316 0 6 0.00279525 5.99983 2.08751 11.3665 0.0988817 3.01398 2.006 1.22163
278 2.775 3.09288 1.59207 0 6 0.0017079 5.9999 1.76538 11.5025 0.129291 3.01897 1.93513 1.29602
279 2.785 2.60557 1.69296 0 6 0.00105306 5.99994 1.468 11.6164 0.167244 3.02547 1.85092 1.3677
280 2.795 2.11852 1.77559 4.98827e-07 6 0.000631416 5.99996 1.19865 11.7101 0.213451 3.03383 1.75316 1.43607
281 2.805 1.65775 1.84071 1.48583e-06 6 0.000393052 5.99998 0.957159 11.7854 0.269713 3.04447 1.64511 1.50069
282 2.815 1.25211 1.89024 4.52423e-06 6 0.000232309 5.99999 0.746237 11.8446 0.336196 3.05782 1.52724 1.56111
283 2.825 0.915851 1.92673 1.34279e-05 6 0.000132717 5.99999 0.568701 11.89 0.413852 3.07437 1.40504 1.61709
284 2.835 0.644735 1.9526 3.54426e-05 6 6.77821e-05 6 0.422204 11.9239 0.503466 3.09465 1.27982 1.66845
285 2.845 0.437585 1.97029 8.2809e-05 6.00001 4.14045e-05 6 0.305416 11.9486 0.605062 3.1192 1.15469 1.71511
286 2.855 0.286046 1.98193 0.000163073 6.00002 1.77846e-05 6 0.214591 11.9661 0.718894 3.14857 1.03198 1.7571
287 2.865 0.180747 1.98933 0.000323115 6.00005 1.24384e-05 6 0.147291 11.9782 0.842998 3.18325 0.91365 1.79454
288 2.875 0.111039 1.99392 0.000597519 6.0001 5.65743e-06 6 0.0981836 11.9864 0.976052 3.22369 0.801735 1.82763
289 2.885 0.0655739 1.99664 0.00113845 6.0002 2.90278e-06 6 0.0635114 11.9916 1.11681 3.27028 0.695648 1.85654
290 2.895 0.0372313 1.9982 0.00217583 6.00038 1.30189e-06 6 0.0402386 11.995 1.26199 3.32329 0.599177 1.88161
291 2.905 0.0202757 1.99905 0.00406183 6.00072 5.54119e-07 6 0.0247375 11.9971 1.4087 3.38287 0.51039 1.90311
292 2.915 0.0110389 1.99952 0.00720415 6.00134 0 6 0.0146858 11.9984 1.55393 3.44905 0.431831 1.92143
293 2.925 0.00565501 1.99976 0.0123366 6.00239 0 6 0.00858206 11.9991 1.6938 3.52168 0.362691 1.93692
294 2.935 0.00286967 1.99989 0.0205749 6.00417 0 6 0.00485971 11.9995 1.82522 3.60049 0.303111 1.94996
295 2.945 0.00144739 1.99995 0.0333899 6.00707 0 6 0.00267708 11.9997 1.94459 3.68502 0.251811 1.96086
296 2.955 0.000666297 1.99998 0.0523746 6.01166 0 6 0.00141745 11.9999 2.04838 3.77466 0.209908 1.97001
297 2.965 0.000305629 1.99999 0.080163 6.01872 0 6 0.000717187 11.9999 2.13458 3.86872 0.176495 1.97776
298 2.975 0.000114041 2 0.118837 6.02927 0 6 0.00037445 12 2.20055 3.96633 0.151438 1.98445
299 2.985 4.46086e-05 2 0.170963 6.04453 0 6 0.000186543 12 2.24655 4.06666 0.134454 1.99043
300 2.995 2.54702e-05 2 0.238904 6.06602 0 6 9.93746e-05 12 2.27023 4.16873 0.125256 1.99604
301 3.005 7.79825e-06 2 0.324035 6.09535 0 6 4.95949e-05 12 2.27392 4.27164 0.124333 2.00164
302 3.015 1.2911e-05 2 0.426616 6.13422 0 6 2.55567e-05 12 2.25827 4.37453 0.13219 2.00764
303 3.025 1.19707e-05 2 0.545943 6.1843 0 6 1.19046e-05 12 2.22287 4.47648 0.149582 2.01448
304 3.035 1.39306e-05 2 0.67931 6.24702 8.46109e-08 6 4.87465e-06 12 2.17176 4.57674 0.17683 2.02261
305 3.045 4.8775e-05 2 0.820885 6.32332 3.36224e-07 6 1.13698e-06 12 2.10761 4.67469 0.215021 2.03256
306 3.055 0.000136314 2.00001 0.962577 6.41337 1.67013e-07 6 1.08771e-06 12 2.03347 4.76981 0.266045 2.04496
307 3.065 0.000287177 2.00002 1.09717 6.51669 1.65925e-07 6 0 12 1.95099 4.86167 0.330538 2.06046
308 3.075 0.000659826 2.00005 1.21461 6.63182 9.89088e-07 6 0 12 1.86151 4.94989 0.409339 2.07979
309 3.085 0.00139464 2.00012 1.30749 6.75655 9.00796e-07 6 0 12 1.76913 5.03428 0.505621 2.10381
310 3.095 0.00303724 2.00027 1.36612 6.88773 2.27814e-06 6 0 12 1.67573 5.11473 0.619411 2.13343
311 3.105 0.00598931 2.00055 1.38926 7.02199 2.42517e-06 6 0 12 1.5821 5.19118 0.751254 2.16959
312 3.115 0.0118901 2.00113 1.37879 7.1561 6.02406e-06 6 0 12 1.48993 5.26364 0.902251 2.2133
313 3.125 0.0229228 2.00225 1.33332 7.28662 1.26894e-05 6 0 12 1.40044 5.33219 1.07278 2.2656
314 3.135 0.0423109 2.00432 1.26146 7.4109 2.45828e-05 6 0 12 1.31483 5.39696 1.2637 2.32761
315 3.145 0.0751065 2.00803 1.17292 7.5272 4.09738e-05 6 0 12 1.23343 5.4581 1.47167 2.40028
316 3.155 0.12761 2.01437 1.07874 7.63483 6.73354e-05 6.00001 0 12 1.15683 5.51582 1.69676 2.4846
317 3.165 0.210479 2.0249 0.992959 7.73454 0.000110402 6.00001 0 12 1.08561 5.57032 1.9373 2.58149
318 3.175 0.336162 2.04182 0.929611 7.82848 0.000183929 6.00002 0 12 1.01974 5.62185 2.19068 2.69174
319 3.185 0.52119 2.06821 0.899112 7.9199 0.000299018 6.00004 0 12 0.959384 5.67062 2.45362 2.816
320 3.195 0.77922 2.10793 0.914703 8.0135 0.000472981 6.00006 0 12 0.905439 5.71695 2.72067 2.95466
321 3.205 1.12747 2.16575 0.983764 8.1148 0.000763511 6.0001 0 12 0.859087 5.76118 2.98937 3.10796
322 3.215 1.58742 2.24766 1.11382 8.2302 0.00122543 6.00016 0 12 0.82003 5.80366 3.25602 3.27598
323 3.225 2.16272 2.35996 1.30516 8.36628 0.00189368 6.00026 0 12 0.790796 5.84488 3.51482 3.45849
324 3.235 2.8572 2.50924 1.55692 8.5296 0.0029013 6.00042 0 12 0.771038 5.88533 3.76334 3.65511
325 3.245 3.66002 2.70165 1.86468 8.72643 0.00445898 6.00065 0 12 0.762264 5.92556 3.99445 3.86511
326 3.255 4.55285 2.94248 2.21506 8.96168 0.00669713 6.00101 0 12 0.764864 5.96617 4.20757 4.08767
327 3.265 5.49576 3.23497 2.59423 9.2389 0.00995131 6.00154 0 12 0.780269 6.00786 4.39997 4.32184
328 3.275 6.44556 3.58011 2.98838 9.56019 0.0145223 6.00232 1.82016e-07 12 0.806514 6.05122 4.56317 4.56618
329 3.285 7.35317 3.97626 3.37488 9.92526 0.0210227 6.00346 6.15094e-07 12 0.84455 6.0969 4.70038 4.81942
330 3.295 8.15599 4.41835 3.73168 10.3314 0.0300007 6.00509 1.04292e-06 12 0.893642 6.14553 4.80966 5.08012
331 3.305 8.79484 4.89795 4.03825 10.7736 0.042487 6.00741 2.60941e-06 12 0.951389 6.19761 4.8855 5.34654
332 3.315 9.23079 5.40439 4.28199 11.2452 0.0592143 6.01068 7.42578e-06 12 1.01549 6.25354 4.92741 5.61687
333 3.325 9.42888 5.92481 4.44775 11.7382 0.081582 6.0152 1.15839e-05 12 1.0842 6.31362 4.93907 5.88948
334 3.335 9.38279 6.44582 4.52817 12.243 0.110683 6.02137 2.59778e-05 12 1.15389 6.37794 4.91828 6.16258
335 3.345 9.0871 6.95343 4.52559 12.7506 0.148631 6.0297 5.18898e-05 12 1.22316 6.44654 4.86414 6.4343
336 3.355 8.57862 7.43551 4.44074 13.2517 0.196725 6.0408 0.000102364 12 1.2895 6.51929 4.78226 6.70304
337 3.365 7.88826 7.88144 4.28588 13.7381 0.256885 6.05538 0.000205237 12 1.35116 6.59597 4.66881 6.96697
338 3.375 7.07369 8.2837 4.07233 14.2031 0.331709 6.07432 0.00037034 12.0001 1.40533 6.6762 4.53034 7.2246
339 3.385 6.18475 8.6375 3.81526 14.6413 0.421167 6.0985 0.000712661 12.0002 1.45028 6.75949 4.36339 7.47421
340 3.395 5.26259 8.94033 3.53415 15.0496 0.528017 6.12901 0.0012585 12.0003 1.48657 6.84537 4.17588 7.7145
341 3.405 4.37101 9.19334 3.23848 15.426 0.653356 6.16697 0.00218396 12.0006 1.5129 6.93328 3.96874 7.94423
342 3.415 3.53376 9.39908 2.9412 15.7699 0.79801 6.21362 0.00369914 12.001 1.5314 7.02279 3.7451 8.16228
343 3.425 2.78402 9.56213 2.65305 16.0818 0.960252 6.27008 0.00606839 12.0017 1.54028 7.11335 3.50908 8.36779
344 3.435 2.1386 9.68811 2.37813 16.3631 1.14065 6.33753 0.00989546 12.0029 1.54184 7.20454 3.26216 8.55995
345 3.445 1.59729 9.78275 2.11764 16.615 1.33554 6.41697 0.0156394 12.0047 1.53688 7.29595 3.00713 8.73813
346 3.455 1.16202 9.852 1.87518 16.8394 1.54276 6.50928 0.0242577 12.0076 1.52511 7.3872 2.75064 8.90205
347 3.465 0.826321 9.90153 1.64882 17.0379 1.75567 6.61493 0.036509 12.012 1.50841 7.47797 2.49737 9.05175
348 3.475 0.571352 9.93598 1.43746 17.2119 1.97225 6.73429 0.0539944 12.0185 1.48908 7.56809 2.24649 9.18718
349 3.485 0.385319 9.95934 1.24033 17.3629 2.18376 6.86722 0.0775119 12.028 1.46709 7.6574 2.00527 9.30877
350 3.495 0.253851 9.97482 1.05721 17.4923 2.38433 7.0132 0.108911 12.0413 1.44335 7.74577 1.77164 9.41681
351 3.505 0.163305 9.98484 0.888978 17.6018 2.56587 7.17119 0.149298 12.0596 1.41925 7.83315 1.55122 9.51195
352 3.515 0.101045 9.99107 0.73592 17.6929 2.72337 7.33983 0.200388 12.0844 1.395 7.91954 1.34551 9.59495
353 3.525 0.0611279 9.99486 0.597837 17.7674 2.85041 7.51735 0.262843 12.1171 1.37059 8.0049 1.15682 9.66671
354 3.535 0.03635 9.99713 0.47631 17.8271 2.93943 7.70145 0.336879 12.1592 1.34703 8.08926 0.985125 9.72817
355 3.545 0.0207953 9.99843 0.37204 17.8739 2.98827 7.88967 0.42265 12.2123 1.32454 8.17269 0.829855 9.78024
356 3.555 0.0116855 9.99917 0.284224 17.9099 2.99655 8.07948 0.519382 12.278 1.302 8.25516 0.692258 9.82391
357 3.565 0.00633835 9.99957 0.212517 17.937 2.96168 8.26814 0.626509 12.3576 1.28051 8.33673 0.571765 9.86019
358 3.575 0.00330917 9.99978 0.155259 17.9569 2.88593 8.453 0.742675 12.4526 1.26033 8.41746 0.467739 9.89004
359 3.585 0.00169791 9.99989 0.110589 17.9711 2.77209 8.63157 0.866656 12.564 1.24018 8.49735 0.378719 9.91434
360 3.595 0.000882438 9.99995 0.0769738 17.9811 2.62606 8.80168 0.999245 12.6932 1.22106 8.57645 0.303592 9.93393
361 3.605 0.000411562 9.99998 0.0520386 17.9879 2.45199 8.96139 1.13791 12.8412 1.20229 8.65476 0.241011 9.94956
362 3.615 0.000193867 9.99999 0.0344996 17.9924 2.25719 9.10923 1.28377 13.009 1.18362 8.73229 0.189536 9.96193
363 3.625 9.58636e-05 10 0.0224074 17.9954 2.0493 9.2442 1.43565 13.1978 1.16524 8.80903 0.147368 9.9716
364 3.635 3.6003e-05 10 0.0140877 17.9972 1.83454 9.3657 1.59185 13.4082 1.1451 8.88486 0.114083 9.97912
365 3.645 1.13071e-05 10 0.00866372 17.9984 1.61894 9.4735 1.74832 13.6406 1.12495 8.95978 0.0877393 9.98494
366 3.655 4.80267e-06 10 0.00518506 17.9991 1.40857 9.56782 1.89828 13.8943 1.10319 9.03364 0.0675715 9.98945
367 3.665 5.825e-07 10 0.00304081 17.9995 1.20992 9.64927 2.03327 14.1675 1.08032 9.10637 0.0525317 9.99297
368 3.675 9.26935e-07 10 0.00173341 17.9997 1.024 9.71859 2.14472 14.4573 1.05436 9.17774 0.0417306 9.99579
369 3.685 1.4981e-06 10 0.00096058 17.9999 0.855048 9.77678 2.22158 14.7591 1.02554 9.24754 0.0343867 9.99812
370 3.695 1.94847e-06 10 0.000508477 17.9999 0.7042 9.82497 2.25727 15.0675 0.993583 9.31553 0.0303203 10.0002
371 3.705 1.70997e-06 10 0.000274457 18 0.572007 9.86432 2.24567 15.3759 0.957923 9.38144 0.0288982 10.0022
372 3.715 2.38109e-06 10 0.00014578 18 0.458459 9.89604 2.18703 15.6778 0.918255 9.44495 0.0299543 10.0042
373 3.725 3.04498e-06 10 6.86939e-05 18 0.362748 9.92126 2.08531 15.9673 0.874774 9.50579 0.0329789 10.0065
374 3.735 1.30122e-05 10 3.0448e-05 18 0.283011 9.94105 1.94598 16.2389 0.827595 9.56366 0.0383776 10.0092
375 3.745 2.68898e-05 10 1.49205e-05 18 0.218143 9.95639 1.78065 16.4888 0.777214 9.61829 0.0456028 10.0124
376 3.755 5.0497e-05 10 6.60529e-06 18 0.165778 9.9681 1.60146 16.7147 0.72445 9.66949 0.0549408 10.0162
377 3.765 9.78087e-05 10 4.12359e-06 18 0.124201 9.97693 1.41634 16.9155 0.670386 9.71712 0.0664142 10.0209
378 3.775 0.000208089 10 1.44929e-06 18 0.0921367 9.98351 1.23812 17.0921 0.616419 9.76114 0.0801247 10.0266
379 3.785 0.00040142 10.0001 6.25619e-07 18 0.0673977 9.98835 1.07123 17.2456 0.563317 9.80159 0.0961702 10.0335
380 3.795 0.000713212 10.0001 4.5998e-07 18 0.0487314 9.99186 0.919224 17.378 0.513839 9.83868 0.114464 10.0418
381 3.805 0.00132988 10.0002 7.53638e-07 18 0.0347206 9.99438 0.784209 17.4916 0.469309 9.87274 0.135214 10.0515
382 3.815 0.00235929 10.0004 1.28519e-06 18 0.0243528 9.99616 0.664938 17.5884 0.431307 9.9042 0.158809 10.0631
383 3.825 0.0041461 10.0007 1.33175e-06 18 0.0170049 9.99741 0.560211 17.6704 0.401698 9.93366 0.184291 10.0765
384 3.835 0.00697731 10.0012 5.82916e-06 18 0.011686 9.99827 0.468999 17.7395 0.381712 9.96179 0.212393 10.0921
385 3.845 0.0116216 10.002 1.1176e-05 18 0.00789502 9.99885 0.389926 17.7971 0.372524 9.9894 0.243277 10.1101
386 3.855 0.0190053 10.0035 2.50158e-05 18 0.00532018 9.99925 0.321122 17.8449 0.374797 10.0173 0.275234 10.1305
387 3.865 0.0299051 10.0057 5.17034e-05 18 0.00357097 9.99952 0.262524 17.8841 0.387992 10.0464 0.309468 10.1536
388 3.875 0.045921 10.0091 0.000105183 18 0.00231865 9.99969 0.214098 17.9163 0.411871 10.0774 0.344804 10.1794
389 3.885 0.0696812 10.0144 0.000214242 18.0001 0.00150543 9.9998 0.176572 17.9429 0.444991 10.111 0.38178 10.2082
390 3.895 0.102468 10.0221 0.000423539 18.0001 0.000965748 9.99988 0.150612 17.9658 0.485001 10.1479 0.420137 10.24
391 3.905 0.146831 10.0333 0.000814788 18.0003 0.000608459 9.99992 0.136355 17.9866 0.530643 10.1885 0.458593 10.2749
392 3.915 0.204901 10.049 0.00155318 18.0005 0.000378417 9.99995 0.135619 18.0074 0.578269 10.2329 0.496492 10.3129
393 3.925 0.279078 10.0705 0.00284081 18.0009 0.000236508 9.99997 0.148803 18.0303 0.625402 10.2812 0.534506 10.354
394 3.935 0.370136 10.0991 0.00513039 18.0017 0.000141185 9.99998 0.177373 18.0578 0.669988 10.3332 0.571966 10.3982
395 3.945 0.479549 10.1363 0.00882992 18.0031 8.99407e-05 9.99999 0.221396 18.0923 0.709671 10.3885 0.608122 10.4455
396 3.955 0.605661 10.1836 0.0148984 18.0054 5.2516e-05 9.99999 0.28067 18.1362 0.742063 10.4467 0.641619 10.4956
397 3.965 0.745539 10.2422 0.0244239 18.0093 3.17276e-05 10 0.353439 18.1918 0.766113 10.5071 0.672622 10.5484
398 3.975 0.892336 10.3125 0.0387151 18.0154 1.92862e-05 10 0.436802 18.2608 0.782303 10.569 0.701047 10.6037
399 3.985 1.0425 10.3952 0.0601426 18.025 9.86469e-06 10 0.526502 18.3445 0.791138 10.632 0.725386 10.6612
400 3.995 1.18909 10.4899 0.0908759 18.0395 5.76226e-06 10 0.617368 18.4431 0.794159 10.6955 0.746639 10.7207
401 4.005 1.31922 10.5956 0.133816 18.061 2.72099e-06 10 0.702879 18.5559 0.792509 10.7592 0.763667 10.7819
402 4.015 1.43025 10.7107 0.191676 18.092 1.88555e-06 10 0.77512 18.6809 0.788979 10.823 0.776827 10.8444
403 4.025 1.51094 10.8329 0.267632 18.1355 6.73504e-07 10 0.829724 18.8153 0.787198 10.8869 0.784445 10.9078
404 4.035 1.55653 10.9594 0.363731 18.1948 5.74431e-07 10 0.860635 18.9555 0.788393 10.9512 0.786396 10.9717
405 4.045 1.56106 11.0869 0.482873 18.274 4.28696e-07 10 0.864506 19.097 0.794212 11.0164 0.785024 11.0359
406 4.055 1.52589 11.2122 0.625117 18.3771 0 10 0.841809 19.2355 0.806638 11.0828 0.777851 11.0997
407 4.065 1.45609 11.3323 0.790102 18.508 0 10 0.793971 19.3668 0.826369 11.1513 0.766031 11.1629
408 4.075 1.35289 11.4445 0.974913 18.6702 1.40802e-07 10 0.726208 19.4874 0.85322 11.2223 0.749733 11.2251
409 4.085 1.22521 11.5466 1.17718 18.8671 2.80228e-07 10 0.643557 19.5949 0.886004 11.2964 0.729361 11.2858
410 4.095 1.08068 11.637 1.39077 19.1009 2.32384e-07 10 0.552026 19.6875 0.924096 11.3741 0.704961 11.3449
411 4.105 0.929781 11.7152 1.61008 19.3729 1.52627e-06 10 0.459163 19.7649 0.963448 11.4554 0.677725 11.4019
412 4.115 0.780263 11.7812 1.83051 19.6836 1.97912e-06 10 0.370141 19.8276 1.00264 11.5405 0.64711 11.4566
413 4.125 0.637302 11.8353 2.04526 20.0325 3.02301e-06 10 0.289597 19.8769 1.03838 11.6291 0.613523 11.5087
414 4.135 0.507725 11.8787 2.25101 20.4183 5.74333e-06 10 0.219441 19.9144 1.06813 11.7206 0.578745 11.5581
415 4.145 0.394555 11.9125 2.4455 20.8394 1.19756e-05 10 0.161244 19.9421 1.08978 11.8145 0.542613 11.6046
416 4.155 0.299172 11.9383 2.62653 21.294 2.13984e-05 10 0.115221 19.962 1.10192 11.9098 0.504907 11.6482
417 4.165 0.221573 11.9575 2.79239 21.7796 3.38755e-05 10 0.0802654 19.976 1.1023 12.0056 0.467241 11.6886
418 4.175 0.159455 11.9714 2.9472 22.2945 5.81265e-05 10 0.0554381 19.9856 1.09092 12.101 0.429503 11.726
419 4.185 0.111837 11.9812 3.08787 22.8366 9.37155e-05 10 0.0388089 19.9924 1.06796 12.1947 0.392477 11.7603
420 4.195 0.0767182 11.9879 3.21451 23.4037 0.00015412 10 0.0297581 19.9977 1.03417 12.2859 0.356535 11.7916
421 4.205 0.0507994 11.9924 3.32786 23.9935 0.00024476 10.0001 0.0275541 20.0026 0.991301 12.3738 0.322171 11.8201
422 4.215 0.0332009 11.9953 3.42449 24.6034 0.000386039 10.0001 0.0320197 20.0082 0.942052 12.4577 0.289163 11.8457
423 4.225 0.0211244 11.9972 3.49704 25.2292 0.000611381 10.0001 0.0439934 20.0161 0.888634 12.5372 0.258507 11.8688
424 4.235 0.0129667 11.9984 3.54188 25.8659 0.000981556 10.0002 0.0649823 20.0278 0.833987 12.6121 0.229333 11.8893
425 4.245 0.00771649 11.9991 3.55295 26.5077 0.00153041 10.0004 0.0972697 20.0453 0.781467 12.6827 0.203541 11.9076
426 4.255 0.00460536 11.9995 3.52802 27.148 0.00235925 10.0006 0.14296 20.0712 0.733684 12.7493 0.180267 11.9239
427 4.265 0.00270048 11.9997 3.46341 27.7795 0.00362392 10.0009 0.204802 20.1085 0.694112 12.8126 0.16049 11.9385
428 4.275 0.00154451 11.9999 3.35991 28.3951 0.00543869 10.0014 0.285688 20.1607 0.665272 12.8735 0.143846 11.9516
429 4.285 0.00101479 12 3.22213 28.9881 0.00804617 10.0022 0.386213 20.2316 0.649501 12.9333 0.131138 11.9636
430 4.295 0.00092634 12.0001 3.05925 29.5538 0.0118909 10.0033 0.50584 20.325 0.648417 12.9932 0.122109 11.9749
431 4.305 0.00118607 12.0002 2.87588 30.0881 0.0172823 10.0049 0.642747 20.4442 0.662349 13.0548 0.117169 11.9857
432 4.315 0.00188429 12.0003 2.68977 30.5901 0.0247985 10.0072 0.792433 20.5918 0.692654 13.1194 0.116827 11.9966
433 4.325 0.00320004 12.0006 2.50838 31.0604 0.0351773 10.0105 0.947959 20.7692 0.73824 13.1886 0.121248 12.0079
434 4.335 0.00544453 12.0011 2.33991 31.5012 0.049239 10.0151 1.09883 20.9758 0.797714 13.2637 0.130881 12.0202
435 4.345 0.00956351 12.002 2.19034 31.9157 0.0679711 10.0215 1.23481 21.209 0.869912 13.3461 0.145293 12.0339
436 4.355 0.0161729 12.0036 2.063 32.3079 0.0926782 10.0303 1.3477 21.4647 0.951574 13.4365 0.165166 12.0495
437 4.365 0.0262057 12.0061 1.95524 32.6814 0.124737 10.0423 1.42646 21.7366 1.0405 13.5359 0.190614 12.0676
438 4.375 0.041586 12.01 1.86151 33.0385 0.165357 10.0581 1.46893 22.0179 1.13261 13.6445 0.221234 12.0888
439 4.385 0.0635778 12.0161 1.77612 33.3809 0.216611 10.079 1.46906 22.3005 1.22455 13.7625 0.257347 12.1135
440 4.395 0.0948377 12.0253 1.69268 33.7086 0.279944 10.1061 1.43118 22.5771 1.31427 13.8898 0.297996 12.1422
441 4.405 0.136972 12.0386 1.60177 34.0202 0.356725 10.1408 1.36064 22.8412 1.39713 14.0257 0.343383 12.1755
442 4.415 0.192649 12.0573 1.4997 34.3132 0.449166 10.1847 1.26852 23.0886 1.47011 14.1693 0.392931 12.2137
443 4.425 0.262977 12.083 1.38493 34.585 0.55715 10.2394 1.16383 23.3166 1.53285 14.3197 0.444549 12.2572
444 4.435 0.349934 12.1174 1.2564 34.8328 0.682288 10.3066 1.05902 23.525 1.58087 14.4756 0.497927 12.3061
445 4.445 0.4524 12.162 1.11759 35.0541 0.824497 10.3883 0.964729 23.7157 1.61461 14.6355 0.551574 12.3605
446 4.455 0.568251 12.2183 0.973962 35.2479 0.983858 10.4861 0.88961 23.8923 1.63241 14.7978 0.6044 12.4204
447 4.465 0.694055 12.2874 0.829309 35.4136 1.15822 10.6019 0.839399 24.0598 1.63443 14.9612 0.654593 12.4855
448 4.475 0.825295 12.3699 0.689782 35.5521 1.34563 10.7369 0.81726 24.2235 1.62159 15.1239 0.701296 12.5556
449 4.485 0.953412 12.4656 0.559447 35.6649 1.54275 10.8925 0.822008 24.3889 1.59402 15.2846 0.742179 12.6302
450 4.495 1.07408 12.574 0.44268 35.7545 1.74796 11.0695 0.85393 24.5615 1.55301 15.4419 0.777133 12.7086
451 4.505 1.17234 12.6928 0.341414 35.824 1.95479 11.2683 0.908751 24.746 1.49928 15.5944 0.80407 12.79
452 4.515 1.24621 12.8196 0.257374 35.8766 2.15839 11.4888 0.984772 24.9469 1.43442 15.7409 0.824314 12.8739
453 4.525 1.28829 12.9513 0.189178 35.9154 2.35561 11.7306 1.07942 25.168 1.36072 15.8806 0.834541 12.9592
454 4.535 1.29599 13.0844 0.135329 35.9433 2.53886 11.9923 1.19189 25.4132 1.27957 16.0125 0.83621 13.0451
455 4.545 1.26702 13.215 0.0943173 35.9629 2.70375 12.2722 1.32295 25.6866 1.19212 16.1359 0.829894 13.1307
456 4.555 1.20375 13.3397 0.0642381 35.9762 2.84697 12.5683 1.47319 25.9924 1.10092 16.2504 0.815587 13.2152
457 4.565 1.11284 13.4555 0.0425905 35.9851 2.96097 12.8775 1.64373 26.3351 1.00776 16.3557 0.793456 13.2977
458 4.575 1.00157 13.5602 0.0275417 35.9909 3.04545 13.197 1.83391 26.7192 0.914281 16.4516 0.765166 13.3777
459 4.585 0.878045 13.6523 0.0174285 35.9946 3.09642 13.5233 2.04303 27.1488 0.8231 16.5383 0.733106 13.4546
460 4.595 0.74755 13.7311 0.0107436 35.9968 3.1138 13.8528 2.2675 27.6278 0.734973 16.6161 0.697759 13.5282
461 4.605 0.619812 13.7967 0.0064728 35.9982 3.09591 14.1819 2.50185 28.1586 0.65252 16.6854 0.660528 13.5981
462 4.615 0.500247 13.8499 0.00372933 35.999 3.04739 14.5072 2.73544 28.7415 0.577556 16.7471 0.62374 13.6644
463 4.625 0.39123 13.8917 0.00211836 35.9995 2.96831 14.8254 2.9605 29.375 0.511797 16.802 0.588826 13.7273
464 4.635 0.298035 13.9237 0.0011621 35.9997 2.86123 15.1335 3.16537 30.0554 0.456024 16.8511 0.557873 13.7871
465 4.645 0.222113 13.9476 0.0006321 35.9998 2.73042 15.4287 3.33862 30.776 0.411992 16.8956 0.531098 13.8444
466 4.655 0.162012 13.9651 0.000342532 35.9999 2.581 15.7091 3.47216 31.5288 0.380178 16.9369 0.509982 13.8995
467 4.665 0.116162 13.9777 0.000181554 36 2.41642 15.9726 3.55927 32.3037 0.361738 16.9764 0.496286 13.9534
468 4.675 0.0834632 13.9869 8.51382e-05 36 2.24127 16.2181 3.59778 33.0904 0.356798 17.0154 0.490278 14.0069
469 4.685 0.0625833 13.9937 4.08873e-05 36 2.05988 16.4447 3.58808 33.8783 0.366075 17.0557 0.492968 14.061
470 4.695 0.0526128 13.9995 2.31587e-05 36 1.87684 16.6521 3.53563 34.658 0.38867 17.0987 0.503441 14.1164
471 4.705 0.0532545 14.0054 1.03156e-05 36 1.69445 16.8401 3.4445 35.4208 0.423656 17.1457 0.523183 14.1742
472 4.715 0.0646513 14.0126 5.46897e-06 36 1.51761 17.0092 3.32357 36.16 0.470172 17.198 0.551057 14.2353
473 4.725 0.0882074 14.0224 2.77529e-06 36 1.34716 17.1599 3.18301 36.871 0.526624 17.257 0.58605 14.3007
474 4.735 0.125752 14.0365 1.40786e-06 36 1.18612 17.2932 3.03124 37.5509 0.591419 17.3234 0.628897 14.3711
475 4.745 0.181137 14.0568 1.92117e-06 36 1.03501 17.41 2.87549 38.1986 0.66188 17.3981 0.677159 14.4472
476 4.755 0.257634 14.0859 3.39531e-06 36 0.896266 17.5116 2.7259 38.8152 0.734942 17.4814 0.73036 14.5296
477 4.765 0.356212 14.1263 8.37545e-06 36 0.768699 17.5991 2.58503 39.4024 0.807881 17.5733 0.788568 14.619
478 4.775 0.482636 14.1812 1.7091e-05 36 0.654069 17.6738 2.46238 39.9641 0.878382 17.6737 0.849472 14.7157
479 4.785 0.635623 14.2539 3.57242e-05 36 0.551152 17.7371 2.36378 40.5056 0.943 17.7819 0.911828 14.8199
480 4.795 0.813931 14.3473 7.18456e-05 36 0.46052 17.7901 2.29287 41.033 0.999395 17.8971 0.974812 14.9318
481 4.805 1.01464 14.4643 0.000162673 36.0001 0.381264 17.8343 2.25487 41.5538 1.04552 18.0181 1.03791 15.0515
482 4.815 1.23013 14.6067 0.000340736 36.0001 0.312837 17.8706 2.24824 42.0753 1.07933 18.1435 1.09971 15.1788
483 4.825 1.45127 14.7753 0.000708161 36.0003 0.254376 17.9003 2.2718 42.6044 1.10005 18.2719 1.16043 15.3136
484 4.835 1.66637 14.9698 0.00137473 36.0006 0.205703 17.9244 2.3172 43.1464 1.10796 18.4017 1.21823 15.4558
485 4.845 1.86122 15.1879 0.00260878 36.0012 0.165929 17.9439 2.3739 43.7039 1.1029 18.5314 1.27339 15.605
486 4.855 2.02217 15.4259 0.00486021 36.0024 0.134642 17.9598 2.42951 44.2768 1.0861 18.6598 1.32607 15.7611
487 4.865 2.14153 15.679 0.00864877 36.0045 0.110717 17.973 2.4691 44.8615 1.05938 18.7854 1.37661 15.9238
488 4.875 2.20637 15.9407 0.0150116 36.008 0.0942495 17.9842 2.47954 45.451 1.02523 18.9075 1.4235 16.0927
489 4.885 2.21314 16.2044 0.0254679 36.0141 0.08533 17.9944 2.44811 46.0355 0.985947 19.0255 1.46936 16.2677
490 4.895 2.16138 16.463 0.0417786 36.0242 0.0834497 18.0044 2.36919 46.6034 0.942892 19.1387 1.51379 16.4488
491 4.905 2.05788 16.7101 0.0665306 36.0402 0.0890792 18.0151 2.24337 47.1434 0.898893 19.2471 1.55928 16.6361
492 4.915 1.9154 16.9411 0.102875 36.0651 0.102813 18.0276 2.0726 47.6443 0.856101 19.3508 1.60414 16.8296
493 4.925 1.74481 17.1524 0.15455 36.1027 0.125219 18.0428 1.86611 48.0971 0.81606 19.45 1.65153 17.0295
494 4.935 1.56299 17.3425 0.225665 36.1578 0.157211 18.062 1.63675 48.4959 0.780344 19.5452 1.70143 17.2364
495 4.945 1.3883 17.512 0.320471 36.2363 0.199647 18.0865 1.39626 48.8375 0.749711 19.6371 1.75375 17.4505
496 4.955 1.23815 17.6637 0.442307 36.3452 0.254225 18.1178 1.15787 49.1219 0.725434 19.7264 1.80971 17.6723
497 4.965 1.12859 17.8026 0.593676 36.4919 0.321838 18.1575 0.933852 49.3522 0.706691 19.8137 1.86991 17.9025
498 4.975 1.06991 17.9348 0.775515 36.6843 0.403296 18.2076 0.732383 49.5336 0.694367 19.8998 1.93317 18.1414
499 4.985 1.07807 18.0686 0.985268 36.9297 0.500409 18.2699 0.557884 49.6723 0.688196 19.9855 1.99976 18.3895
500 4.995 1.15788 18.2128 1.21901 37.2346 0.61315 18.3466 0.413203 49.7754 0.687755 20.0715 2.06955 18.6472
