# Time-averaged data for fix rdf_p
# TimeStep Number-of-rows
# Row c_rdf_p[1] c_rdf_p[2] c_rdf_p[3] c_rdf_p[4] c_rdf_p[5] c_rdf_p[6] c_rdf_p[7] c_rdf_p[8] c_rdf_p[9] c_rdf_p[10] c_rdf_p[11] c_rdf_p[12] c_rdf_p[13]
1000000 500
1 0.005 0 0 0 0 0 0 0 0 0 0 0 0
2 0.015 0 0 0 0 0 0 0 0 0 0 0 0
3 0.025 0 0 0 0 0 0 0 0 0 0 0 0
4 0.035 0 0 0 0 0 0 0 0 0 0 0 0
5 0.045 0 0 0 0 0 0 0 0 0 0 0 0
6 0.055 0 0 0 0 0 0 0 0 0 0 0 0
7 0.065 0 0 0 0 0 0 0 0 0 0 0 0
8 0.075 0 0 0 0 0 0 0 0 0 0 0 0
9 0.085 0 0 0 0 0 0 0 0 0 0 0 0
10 0.095 0 0 0 0 0 0 0 0 0 0 0 0
11 0.105 0 0 0 0 0 0 0 0 0 0 0 0
12 0.115 0 0 0 0 0 0 0 0 0 0 0 0
13 0.125 0 0 0 0 0 0 0 0 0 0 0 0
14 0.135 0 0 0 0 0 0 0 0 0 0 0 0
15 0.145 0 0 0 0 0 0 0 0 0 0 0 0
16 0.155 0 0 0 0 0 0 0 0 0 0 0 0
17 0.165 0 0 0 0 0 0 0 0 0 0 0 0
18 0.175 0 0 0 0 0 0 0 0 0 0 0 0
19 0.185 0 0 0 0 0 0 0 0 0 0 0 0
20 0.195 0 0 0 0 0 0 0 0 0 0 0 0
21 0.205 0 0 0 0 0 0 0 0 0 0 0 0
22 0.215 0 0 0 0 0 0 0 0 0 0 0 0
23 0.225 0 0 0 0 0 0 0 0 0 0 0 0
24 0.235 0 0 0 0 0 0 0 0 0 0 0 0
25 0.245 0 0 0 0 0 0 0 0 0 0 0 0
26 0.255 0 0 0 0 0 0 0 0 0 0 0 0
27 0.265 0 0 0 0 0 0 0 0 0 0 0 0
28 0.275 0 0 0 0 0 0 0 0 0 0 0 0
29 0.285 0 0 0 0 0 0 0 0 0 0 0 0
30 0.295 0 0 0 0 0 0 0 0 0 0 0 0
31 0.305 0 0 0 0 0 0 0 0 0 0 0 0
32 0.315 0 0 0 0 0 0 0 0 0 0 0 0
33 0.325 0 0 0 0 0 0 0 0 0 0 0 0
34 0.335 0 0 0 0 0 0 0 0 0 0 0 0
35 0.345 0 0 0 0 0 0 0 0 0 0 0 0
36 0.355 0 0 0 0 0 0 0 0 0 0 0 0
37 0.365 0 0 0 0 0 0 0 0 0 0 0 0
38 0.375 0 0 0 0 0 0 0 0 0 0 0 0
39 0.385 0 0 0 0 0 0 0 0 0 0 0 0
40 0.395 0 0 0 0 0 0 0 0 0 0 0 0
41 0.405 0 0 0 0 0 0 0 0 0 0 0 0
42 0.415 0 0 0 0 0 0 0 0 0 0 0 0
43 0.425 0 0 0 0 0 0 0 0 0 0 0 0
44 0.435 0 0 0 0 0 0 0 0 0 0 0 0
45 0.445 0 0 0 0 0 0 0 0 0 0 0 0
46 0.455 0 0 0 0 0 0 0 0 0 0 0 0
47 0.465 0 0 0 0 0 0 0 0 0 0 0 0
48 0.475 0 0 0 0 0 0 0 0 0 0 0 0
49 0.485 0 0 0 0 0 0 0 0 0 0 0 0
50 0.495 0 0 0 0 0 0 0 0 0 0 0 0
51 0.505 0 0 0 0 0 0 0 0 0 0 0 0
52 0.515 0 0 0 0 0 0 0 0 0 0 0 0
53 0.525 0 0 0 0 0 0 0 0 0 0 0 0
54 0.535 0 0 0 0 0 0 0 0 0 0 0 0
55 0.545 0 0 0 0 0 0 0 0 0 0 0 0
56 0.555 0 0 0 0 0 0 0 0 0 0 0 0
57 0.565 0 0 0 0 0 0 0 0 0 0 0 0
58 0.575 0 0 0 0 0 0 0 0 0 0 0 0
59 0.585 0 0 0 0 0 0 0 0 0 0 0 0
60 0.595 0 0 0 0 0 0 0 0 0 0 0 0
61 0.605 0 0 0 0 0 0 0 0 0 0 0 0
62 0.615 0 0 0 0 0 0 0 0 0 0 0 0
63 0.625 0 0 0 0 0 0 0 0 0 0 0 0
64 0.635 0 0 0 0 0 0 0 0 0 0 0 0
65 0.645 0 0 0 0 0 0 0 0 0 0 0 0
66 0.655 0 0 0 0 0 0 0 0 0 0 0 0
67 0.665 0 0 0 0 0 0 0 0 0 0 0 0
68 0.675 0 0 0 0 0 0 0 0 0 0 0 0
69 0.685 0 0 0 0 0 0 0 0 0 0 0 0
70 0.695 0 0 0 0 0 0 0 0 0 0 0 0
71 0.705 0 0 0 0 0 0 0 0 0 0 0 0
72 0.715 0 0 0 0 0 0 0 0 0 0 0 0
73 0.725 0 0 0 0 0 0 0 0 0 0 0 0
74 0.735 0 0 0 0 0 0 0 0 0 0 0 0
75 0.745 0 0 0 0 0 0 0 0 0 0 0 0
76 0.755 0 0 0 0 0 0 0 0 0 0 0 0
77 0.765 0 0 0 0 0 0 0 0 0 0 0 0
78 0.775 0 0 0 0 0 0 0 0 0 0 0 0
79 0.785 0 0 0 0 0 0 0 0 0 0 0 0
80 0.795 0 0 0 0 0 0 0 0 0 0 0 0
81 0.805 0 0 0 0 0 0 0 0 0 0 0 0
82 0.815 0 0 0 0 0 0 0 0 0 0 0 0
83 0.825 0 0 0 0 0 0 0 0 0 0 0 0
84 0.835 0 0 0 0 0 0 0 0 0 0 0 0
85 0.845 0 0 0 0 0 0 0 0 0 0 0 0
86 0.855 0 0 0 0 0 0 0 0 0 0 0 0
87 0.865 0 0 0 0 0 0 0 0 0 0 0 0
88 0.875 0 0 0 0 0 0 0 0 0 0 0 0
89 0.885 0 0 0 0 0 0 0 0 1.6421e-06 5.85938e-09 0 0
90 0.895 0 0 0 0 0 0 0 0 1.98025e-05 7.8125e-08 0 0
91 0.905 0 0 0 0 0 0 0 0 0.000137665 5.91797e-07 0 0
92 0.915 0 0 0 0 0 0 0 0 0.0010021 4.41406e-06 0 0
93 0.925 0 0 0 0 0 0 0 0 0.00537126 2.53516e-05 0 0
94 0.935 0 0 0 0 0 0 0 0 0.0226075 0.000115393 0 0
95 0.945 0 0 0 0 0 0 0 0 0.0767002 0.000427443 0 0
96 0.955 0 0 0 0 0 0 0 0 0.218114 0.00133371 0 0
97 0.965 0 0 0 0 0 0 0 0 0.526662 0.00356806 0 0
98 0.975 0 0 0 0 0 0 0 0 1.09271 0.00830044 0 0
99 0.985 0 0 0 0 0 0 0 0 1.98756 0.0170858 0 0
100 0.995 0 0 0 0 0 0 0 0 3.19978 0.0315179 0 0
101 1.005 0 0 0 0 0 0 0 0 4.60697 0.0527168 0 0
102 1.015 0 0 0 0 0 0 0 0 6.02056 0.0809743 0 0
103 1.025 0 0 0 0 0 0 0 0 7.19997 0.115436 0 0
104 1.035 0 0 0 0 0 0 0 0 7.97261 0.154345 0 0
105 1.045 0 0 0 0 0 0 0 0 8.25625 0.19542 0 0
106 1.055 0 0 0 0 0 0 0 0 8.06701 0.236326 0 0
107 1.065 0 0 0 0 0 0 0 0 7.50594 0.275111 0 0
108 1.075 0 0 0 0 0 0 0 0 6.70667 0.310421 0 0
109 1.085 0 0 0 0 0 0 0 0 5.80382 0.341548 0 0
110 1.095 0 0 0 0 0 0 0 0 4.90956 0.368366 0 0
111 1.105 0 0 0 0 0 0 0 0 4.08784 0.391106 0 0
112 1.115 0 0 0 0 0 0 0 0 3.37831 0.41024 0 0
113 1.125 0 0 0 0 0 0 0 0 2.78762 0.426313 0 0
114 1.135 0 0 0 0 0 0 0 0 2.30549 0.439844 0 0
115 1.145 0 0 0 0 0 0 0 0 1.92749 0.451356 0 0
116 1.155 0 0 0 0 0 0 0 0 1.63454 0.46129 0 0
117 1.165 0 0 0 0 0 0 0 0 1.41032 0.470011 0 0
118 1.175 0 0 0 0 0 0 0 0 1.24037 0.477812 0 0
119 1.185 0 0 0 0 0 0 0 0 1.11288 0.484932 0 0
120 1.195 0 0 0 0 0 0 0 0 1.02101 0.491574 0 0
121 1.205 0 0 0 0 0 0 0 0 0.956905 0.497904 0 0
122 1.215 0 0 0 0 0 0 0 0 0.916274 0.504067 0 0
123 1.225 0 0 0 0 0 0 0 0 0.895276 0.510187 0 0
124 1.235 0 0 0 0 0 0 0 0 0.889407 0.516367 0 0
125 1.245 0 0 0 0 0 0 0 0 0.900042 0.522723 0 0
126 1.255 0 0 0 0 0 0 0 0 0.925344 0.529363 0 0
127 1.265 0 0 0 0 0 0 0 0 0.964461 0.536394 0 0
128 1.275 0 0 0 0 0 0 0 0 1.01579 0.543917 0 0
129 1.285 0 0 0 0 0 0 0 0 1.08085 0.552048 0 0
130 1.295 0 0 0 0 0 0 0 0 1.15874 0.560901 0 0
131 1.305 0 0 0 0 0 0 0 0 1.24986 0.570598 0 0
132 1.315 0 0 0 0 0 0 0 0 1.34975 0.581231 0 0
133 1.325 0 0 0 0 0 0 0 0 1.45889 0.5929 0 0
134 1.335 0 0 0 0 0 0 0 0 1.57552 0.605692 0 0
135 1.345 0 0 0 0 0 0 0 0 1.69876 0.619693 0 0
136 1.355 0 0 0 0 0 0 0 0 1.8248 0.634956 0 0
137 1.365 0 0 0 0 0 0 0 0 1.94607 0.651475 0 0
138 1.375 0 0 0 0 0 0 0 0 2.06084 0.669226 0 0
139 1.385 0 0 0 0 0 0 0 0 2.16377 0.688135 0 0
140 1.395 0 0 0 0 0 0 0 0 2.25059 0.708088 0 0
141 1.405 0 0 0 0 0 0 0 0 2.31103 0.728872 0 0
142 1.415 0 0 0 0 0 0 0 0 2.3456 0.750268 0 0
143 1.425 0 0 0 0 0 0 0 0 2.3473 0.771983 0 0
144 1.435 0 0 0 0 0 0 0 0 2.32163 0.793763 0 0
145 1.445 0 0 0 0 0 0 0 0 2.25979 0.815259 0 0
146 1.455 0 0 0 0 0 0 0 0 2.16879 0.836177 0 0
147 1.465 0 0 0 0 0 0 0 0 2.0519 0.85624 0 0
148 1.475 0 0 0 0 0 0 0 0 1.9129 0.8752 0 0
149 1.485 0 0 0 0 0 0 0 0 1.75824 0.892864 0 0
150 1.495 0 0 0 0 0 0 0 0 1.59164 0.90907 0 0
151 1.505 0 0 0 0 0 0 0 0 1.41921 0.923715 0 0
152 1.515 0 0 0 0 0 0 0 0 1.24601 0.936744 0 0
153 1.525 0 0 0 0 0 0 0 0 1.07839 0.94817 0 0
154 1.535 0 0 0 0 0 0 0 0 0.919229 0.958037 0 0
155 1.545 0 0 0 0 0 0 0 0 0.772747 0.96644 0 0
156 1.555 0 0 0 0 0 0 0 0 0.640431 0.973495 0 0
157 1.565 0 0 0 0 0 0 0 0 0.523156 0.979333 0 0
158 1.575 0 0 0 0 0 0 0 0 0.421249 0.984094 0 0
159 1.585 0 0 0 0 0 0 0 0 0.334261 0.987919 0 0
160 1.595 0 0 0 0 0 0 0 0 0.260959 0.990944 0 0
161 1.605 0 0 0 0 0 0 0 0 0.200352 0.993295 0 0
162 1.615 0 0 0 0 0 0 0 0 0.152045 0.995102 0 0
163 1.625 0 0 0 0 0 0 0 0 0.113563 0.996468 0 0
164 1.635 0 0 3.20746e-07 7.8125e-09 0 0 0 0 0.0829726 0.997478 0 0
165 1.645 0 0 1.42586e-06 4.29687e-08 0 0 0 0 0.0601247 0.99822 0 0
166 1.655 0 0 7.66951e-06 2.34375e-07 0 0 0 0 0.043305 0.99876 0 0
167 1.665 0 0 2.04133e-05 7.5e-07 0 0 0 0 0.0307409 0.999148 0 0
168 1.675 0 0 0.000115521 3.70312e-06 0 0 0 0 0.0214757 0.999423 0 0
169 1.685 0 0 0.000425962 1.47227e-05 0 0 0 0 0.0148069 0.999614 0 0
170 1.695 0 0 0.00138581 5.1e-05 0 0 0 0 0.0101097 0.999747 0 0
171 1.705 0 0 0.00446864 0.000169363 0 0 0 0 0.00672767 0.999836 0 0
172 1.715 0 0 0.0124597 0.000503273 0 0 0 0 0.00440633 0.999895 0 0
173 1.725 0 0 0.0318052 0.00136559 0 0 0 0 0.00286004 0.999933 0 0
174 1.735 0 0 0.072978 0.00336722 0 0 0 0 0.00179448 0.999958 0 0
175 1.745 0 0 0.156435 0.0077075 0 0 0 0 0.00117927 0.999974 0 0
176 1.755 0 0 0.309383 0.01639 0 0 0 0 0.000696654 0.999984 0 0
177 1.765 0 0 0.566157 0.0324601 0 0 0 0 0.000432536 0.99999 0 0
178 1.775 0 0 0.967419 0.0602319 0 0 0 0 0.000265886 0.999994 0 0
179 1.785 0 0 1.54686 0.105139 0 0 0 0 0.000157695 0.999996 0 0
180 1.795 0 0 2.32474 0.173388 0 0 0 0 0.000104982 0.999998 0 0
181 1.805 0 0 3.29803 0.271292 0 0 0 0 5.8951e-05 0.999999 0 0
182 1.815 0 0 4.42659 0.404159 0 0 0 0 3.27956e-05 0.999999 0 0
183 1.825 0 0 5.65852 0.575879 0 0 0 0 1.94365e-05 1 0 0
184 1.835 0 0 6.90451 0.787714 0 0 0 0 1.08222e-05 1 0 0
185 1.845 0 0 8.07297 1.0381 0 0 0 0 6.17122e-06 1 0 0
186 1.855 0 0 9.0909 1.32313 0 0 0 0 2.2426e-06 1 0 0
187 1.865 0 0 9.88314 1.63635 0 0 0 0 1.47908e-06 1 0 0
188 1.875 0 0 10.4158 1.96999 0 0 0 0 8.53617e-07 1 0 0
189 1.885 0 0 10.6976 2.31633 0 0 0 0 3.61965e-07 1 0 0
190 1.895 0 0 10.7165 2.66698 0 0 0 0 1.19385e-07 1 0 0
191 1.905 0 0 10.5151 3.01467 0 0 0 0 0 1 0 0
192 1.915 0 0 10.1235 3.35294 2.33808e-07 3.90625e-09 0 0 1.16904e-07 1 0 0
193 1.925 0 0 9.57337 3.67617 6.94157e-07 1.5625e-08 0 0 1.38831e-06 1 0 0
194 1.935 0 0 8.91502 3.98032 4.58e-07 2.34375e-08 0 0 1.603e-06 1 0 0
195 1.945 0 0 8.17892 4.26224 2.49317e-06 6.64062e-08 0 0 1.81321e-06 1 0 0
196 1.955 0 0 7.40129 4.51998 6.9545e-06 1.875e-07 0 0 3.81376e-06 1 0 0
197 1.965 0 0 6.6055 4.75238 2.22061e-05 5.78125e-07 0 0 6.99493e-06 1 0 0
198 1.975 0 0 5.81508 4.95905 3.3852e-05 1.17969e-06 0 0 9.45218e-06 1 0 0
199 1.985 0 0 5.05404 5.1405 6.70236e-05 2.38281e-06 0 0 1.59943e-05 1 0 0
200 1.995 0 0 4.33386 5.29766 0.000135723 4.84375e-06 0 0 2.90834e-05 1 0 0
201 2.005 0 0 3.67233 5.43217 0.000247416 9.375e-06 0 0 4.48974e-05 1 0 0
202 2.015 0 0 3.07174 5.54581 0.000468603 1.8043e-05 0 0 7.65519e-05 1 0 0
203 2.025 0 0 2.53626 5.64057 0.000843497 3.38008e-05 0 0 0.000126295 1.00001 0 0
204 2.035 0 0 2.069 5.71864 0.00154333 6.2918e-05 0 0 0.000207358 1.00001 0 0
205 2.045 0 0 1.66657 5.78215 0.00280006 0.000116266 0 0 0.000351519 1.00002 0 0
206 2.055 0 0 1.32787 5.83324 0.0047342 0.000207348 0 0 0.000547387 1.00003 0 0
207 2.065 0 0 1.04285 5.87376 0.00800801 0.000362918 0 0 0.000879602 1.00004 0 0
208 2.075 0 0 0.809777 5.90553 0.0132527 0.000622875 0 0 0.00139698 1.00007 0 0
209 2.085 0 0 0.620191 5.9301 0.021208 0.0010429 0 0 0.00216535 1.00011 0 0
210 2.095 0 0 0.469323 5.94886 0.0331012 0.00170477 0 0 0.00337412 1.00018 0 0
211 2.105 0 0 0.350654 5.96302 0.0509082 0.00273244 0 0 0.00515867 1.00029 0 0
212 2.115 0 0 0.258347 5.97355 0.0760169 0.00428159 0 0 0.00780196 1.00044 0 0
213 2.125 0 0 0.187969 5.98128 0.111635 0.00657816 0 0 0.0117048 1.00069 0 0
214 2.135 0 0 0.135514 5.98691 0.159478 0.00988992 0 0 0.0171871 1.00104 0 0
215 2.145 0 0 0.0965514 5.99096 0.2237 0.0145789 0 0 0.0247662 1.00156 0 0
216 2.155 0 0 0.0679901 5.99384 0.307596 0.0210868 0 0 0.0354155 1.00231 0 0
217 2.165 0 0 0.0470878 5.99585 0.412418 0.0298935 0 0 0.0500173 1.00338 0 0
218 2.175 0 0 0.0321449 5.99723 0.544183 0.0416216 0 0 0.0698823 1.00489 0 0
219 2.185 0 0 0.0217601 5.99818 0.701119 0.0568711 0 0 0.0964293 1.00698 0 0
220 2.195 0 0 0.0144355 5.99881 0.885101 0.0762989 0 0 0.130919 1.00986 7.14642e-07 1.5625e-08
221 2.205 0 0 0.009509 5.99924 1.09788 0.100617 0 0 0.175603 1.01375 7.08175e-07 3.125e-08
222 2.215 0 0 0.00615202 5.99951 1.33399 0.130434 5.25316e-07 2.34375e-08 0.232075 1.01893 7.01795e-07 4.6875e-08
223 2.225 0 0 0.00396593 5.99969 1.59338 0.166371 2.60302e-06 1.40625e-07 0.302817 1.02576 1.73875e-06 8.59375e-08
224 2.235 0 0 0.00251115 5.9998 1.87105 0.208951 8.08332e-06 5.07812e-07 0.390248 1.03464 3.44646e-07 9.375e-08
225 2.245 0 0 0.00158402 5.99988 2.16264 0.258608 1.77275e-05 1.32031e-06 0.495351 1.04602 2.04949e-06 1.40625e-07
226 2.255 0 0 0.00100648 5.99992 2.46268 0.315659 5.47393e-05 3.85156e-06 0.621438 1.06041 5.41695e-06 2.65625e-07
227 2.265 0 0 0.000630258 5.99995 2.76396 0.380258 0.000153812 1.10273e-05 0.767498 1.07835 8.72499e-06 4.6875e-07
228 2.275 0 0 0.000399837 5.99997 3.06931 0.452629 0.000413649 3.04961e-05 0.934995 1.1004 1.29727e-05 7.73437e-07
229 2.285 0 0 0.000235327 5.99998 3.37076 0.532809 0.0010306 7.94297e-05 1.12325 1.12712 1.58269e-05 1.14844e-06
230 2.295 0 0 0.000145048 5.99999 3.67035 0.62088 0.00245579 0.000197055 1.33136 1.15906 3.00712e-05 1.86719e-06
231 2.305 0 0 8.2305e-05 5.99999 3.96545 0.716863 0.0054692 0.000461301 1.55698 1.19675 3.88837e-05 2.80469e-06
232 2.315 0 0 4.31976e-05 6 4.2543 0.820734 0.0115758 0.00102545 1.79459 1.24057 5.91076e-05 4.24219e-06
233 2.325 0 0 2.84719e-05 6 4.54311 0.932616 0.0225961 0.00213622 2.04146 1.29084 8.47156e-05 6.32031e-06
234 2.335 0 0 2.05227e-05 6 4.82614 1.05249 0.0413089 0.00418436 2.28943 1.34771 0.000114304 9.14844e-06
235 2.345 0 0 1.27858e-05 6 5.10835 1.18047 0.0713373 0.0077517 2.53342 1.41118 0.000160918 1.31641e-05
236 2.355 0 0 5.25648e-06 6 5.38007 1.3164 0.116726 0.0136387 2.76416 1.48102 0.000239953 1.92031e-05
237 2.365 0 0 5.36542e-06 6 5.64319 1.4602 0.180241 0.0228063 2.9754 1.55683 0.00035366 2.81797e-05
238 2.375 0 0 3.64823e-06 6 5.88291 1.61138 0.265759 0.0364383 3.1573 1.63797 0.000525269 4.1625e-05
239 2.385 0 0 1.95959e-06 6 6.09891 1.76942 0.373249 0.0557454 3.30673 1.72366 0.000732128 6.05234e-05
240 2.395 0 0 0 6 6.27905 1.93351 0.499912 0.0818218 3.41568 1.81292 0.00108559 8.87813e-05
241 2.405 0 0 0 6 6.41266 2.10249 0.643727 0.115681 3.47906 1.90459 0.00153436 0.000129055
242 2.415 0 0 0 6 6.49349 2.27502 0.797575 0.157982 3.49769 1.99753 0.0021023 0.000184695
243 2.425 0 0 0 6 6.51815 2.44965 0.956658 0.209141 3.46782 2.09043 0.00300864 0.000264984
244 2.435 0 0 0 6 6.48586 2.62484 1.11266 0.269134 3.39166 2.18205 0.00406875 0.000374461
245 2.445 0 0 0 6 6.39811 2.79909 1.26074 0.337671 3.27149 2.27115 0.00560074 0.000526398
246 2.455 0 0 0 6 6.26252 2.97105 1.40004 0.414405 3.11405 2.35665 0.00755414 0.000733008
247 2.465 0 0 0 6 6.08606 3.13952 1.52874 0.498877 2.92375 2.43759 0.0102163 0.00101471
248 2.475 0 0 0 6 5.87988 3.30361 1.64695 0.59062 2.70901 2.51319 0.013647 0.00139407
249 2.485 0 0 0 6 5.65976 3.46284 1.75495 0.689171 2.47698 2.58287 0.0181639 0.00190308
250 2.495 0 0 0 6 5.43028 3.61684 1.85089 0.793948 2.23289 2.6462 0.0239602 0.00257993
251 2.505 0 0 0 6 5.20982 3.76578 1.93762 0.904515 1.98807 2.70303 0.0314671 0.00347598
252 2.515 0 0 0 6 4.9984 3.90981 2.01117 1.0202 1.74594 2.75334 0.0406023 0.00464142
253 2.525 2.70026e-06 7.8125e-08 0 6 4.80451 4.04936 2.07049 1.14024 1.51346 2.7973 0.0521039 0.00614891
254 2.535 2.4111e-06 1.48438e-07 0 6 4.63277 4.18499 2.11536 1.26386 1.29552 2.83523 0.0662577 0.00808112
255 2.545 1.38215e-05 5.54688e-07 0 6 4.47395 4.31701 2.14911 1.39044 1.09416 2.86752 0.0837914 0.010544
256 2.555 4.9316e-05 2.01562e-06 0 6 4.33189 4.44584 2.17726 1.51969 0.911405 2.89462 0.104936 0.0136526
257 2.565 8.92293e-05 4.67969e-06 0 6 4.19933 4.57171 2.22062 1.65255 0.749258 2.91708 0.130637 0.0175529
258 2.575 0.0002168 1.12031e-05 0 6 4.06765 4.69458 2.2908 1.79068 0.608811 2.93547 0.161142 0.0224016
259 2.585 0.000509347 2.66484e-05 0 6 3.93185 4.81428 2.41242 1.93728 0.488243 2.95033 0.197226 0.0283823
260 2.595 0.00119544 6.31797e-05 0 6 3.78392 4.93036 2.60441 2.09676 0.386322 2.96219 0.238996 0.0356857
261 2.605 0.00229544 0.000133867 0 6 3.62029 5.04229 2.88457 2.27477 0.30191 2.97152 0.28791 0.0445519
262 2.615 0.00455658 0.000275266 0 6 3.43842 5.14941 3.25768 2.47735 0.2333 2.97879 0.343193 0.0552017
263 2.625 0.0088235 0.000551172 0 6 3.23578 5.25098 3.72482 2.71075 0.178056 2.98438 0.406527 0.0679136
264 2.635 0.0161962 0.00106148 0 6 3.01674 5.34641 4.27445 2.98064 0.134352 2.98863 0.476236 0.0829189
265 2.645 0.0292971 0.0019916 0 6 2.78037 5.43503 4.87952 3.29108 0.100368 2.99183 0.554496 0.100523
266 2.655 0.0502887 0.00360025 0 6 2.53526 5.51644 5.51013 3.64429 0.0740282 2.9942 0.63944 0.120978
267 2.665 0.0829706 0.00627437 0 6 2.28039 5.59023 6.1264 4.03997 0.0543906 2.99596 0.732792 0.144595
268 2.675 0.133242 0.010601 0 6 2.02666 5.6563 6.68823 4.47518 0.039701 2.99726 0.830774 0.171572
269 2.685 0.206225 0.0173477 0 6 1.77974 5.71475 7.16084 4.94464 0.0292598 2.99822 0.934482 0.202144
270 2.695 0.312206 0.0276379 0 6 1.54356 5.76582 7.51511 5.44099 0.0221345 2.99895 1.04452 0.236571
271 2.705 0.455401 0.0427592 0 6 1.31937 5.8098 7.72813 5.95522 0.0174119 2.99953 1.1546 0.274909
272 2.715 0.646263 0.064377 0 6 1.11413 5.84722 7.78903 6.47733 0.0148543 3.00003 1.26719 0.317297
273 2.725 0.887843 0.0942949 0 6 0.928491 5.87863 7.70078 6.99734 0.0141436 3.00051 1.37963 0.363787
274 2.735 1.18639 0.134567 0 6 0.763131 5.90463 7.48306 7.50636 0.014977 3.00102 1.4886 0.414317
275 2.745 1.5327 0.186976 0 6 0.619349 5.92589 7.14906 7.99623 0.017492 3.00162 1.59307 0.468791
276 2.755 1.93023 0.253459 0 6 0.496066 5.94305 6.72441 8.46036 0.0216911 3.00237 1.69241 0.527083
277 2.765 2.34704 0.334887 0 6 0.392602 5.95672 6.23926 8.89413 0.0275934 3.00333 1.77884 0.588797
278 2.775 2.7676 0.431601 0 6 0.306803 5.96749 5.71985 9.29468 0.0357232 3.00458 1.85739 0.653704
279 2.785 3.16449 0.542984 0 6 0.236112 5.97583 5.19345 9.66099 0.0463173 3.00622 1.92107 0.721321
280 2.795 3.50413 0.667208 0 6 0.179714 5.98222 4.67479 9.99309 0.0598142 3.00835 1.97042 0.791174
281 2.805 3.74799 0.80103 0 6 0.135353 5.98708 4.17517 10.2918 0.076633 3.0111 2.00381 0.86272
282 2.815 3.8824 0.94064 6.49221e-07 6 0.100549 5.99071 3.703 10.5587 0.097047 3.0146 2.0209 0.935391
283 2.825 3.89362 1.08165 1.18183e-06 6 0.0737598 5.99339 3.26041 10.7953 0.122099 3.01904 2.02127 1.00859
284 2.835 3.77904 1.21948 1.92028e-06 6 0.0533857 5.99534 2.84821 11.0035 0.152524 3.02462 2.00437 1.0817
285 2.845 3.55866 1.35019 3.60174e-06 6 0.0384524 5.99676 2.46633 11.185 0.187982 3.03155 1.97315 1.15417
286 2.855 3.24899 1.47037 4.62848e-06 6 0.0272201 5.99777 2.11493 11.3418 0.230015 3.0401 1.92405 1.22534
287 2.865 2.87649 1.57752 7.31218e-06 6 0.0189117 5.99848 1.79283 11.4756 0.27854 3.05051 1.86006 1.29463
288 2.875 2.46705 1.67005 1.44709e-05 6 0.0130101 5.99897 1.49755 11.5881 0.334164 3.0631 1.78593 1.36162
289 2.885 2.05604 1.74771 3.13685e-05 6 0.00893379 5.99931 1.23371 11.6815 0.397115 3.07815 1.69949 1.42581
290 2.895 1.66691 1.81111 6.04629e-05 6.00001 0.00609918 5.99954 0.999056 11.7577 0.467521 3.096 1.60324 1.48678
291 2.905 1.31207 1.86136 0.00013056 6.00002 0.0041521 5.9997 0.79429 11.8186 0.545596 3.11698 1.5014 1.54428
292 2.915 1.01076 1.90033 0.000222853 6.00004 0.00273448 5.99981 0.620525 11.8666 0.630578 3.14139 1.39604 1.59811
293 2.925 0.758696 1.92979 0.000394559 6.00007 0.00180683 5.99988 0.475538 11.9036 0.722596 3.16956 1.28677 1.64807
294 2.935 0.554395 1.95146 0.000700388 6.00012 0.00115482 5.99992 0.357008 11.9315 0.820841 3.20177 1.17986 1.69419
295 2.945 0.397135 1.96709 0.00119316 6.00022 0.000730192 5.99995 0.263565 11.9523 0.924328 3.23829 1.07426 1.73647
296 2.955 0.277289 1.97808 0.00197114 6.00037 0.000460921 5.99997 0.189844 11.9674 1.03295 3.27938 0.973493 1.77505
297 2.965 0.190445 1.98568 0.00330562 6.00064 0.00028655 5.99998 0.133892 11.9781 1.14492 3.32524 0.880666 1.81018
298 2.975 0.128332 1.99083 0.00537686 6.00107 0.000177577 5.99999 0.0923845 11.9855 1.25859 3.37599 0.796038 1.84215
299 2.985 0.0844635 1.99425 0.00843195 6.00176 0.000109702 5.99999 0.0628935 11.9906 1.37313 3.43173 0.722398 1.87136
300 2.995 0.0543159 1.99646 0.0129883 6.00282 7.8e-05 6 0.0416082 11.994 1.48531 3.49242 0.658488 1.89817
301 3.005 0.0342737 1.99786 0.019771 6.00444 4.98504e-05 6 0.0272367 11.9963 1.59396 3.558 0.608203 1.92309
302 3.015 0.0211581 1.99873 0.0294008 6.00688 2.75427e-05 6 0.0175069 11.9977 1.6976 3.6283 0.572495 1.94671
303 3.025 0.0128931 1.99927 0.0428896 6.01046 1.39616e-05 6 0.010968 11.9986 1.79297 3.70305 0.552738 1.96966
304 3.035 0.00749229 1.99958 0.0612568 6.0156 1.04256e-05 6 0.00670154 11.9992 1.88025 3.78195 0.548727 1.9926
305 3.045 0.00452731 1.99977 0.0858717 6.02285 7.30552e-06 6 0.00403841 11.9995 1.95543 3.86455 0.563494 2.01631
306 3.055 0.00248507 1.99988 0.117731 6.03286 4.40978e-06 6 0.00236808 11.9997 2.01759 3.95033 0.594114 2.04147
307 3.065 0.00140853 1.99994 0.158561 6.04644 3.37706e-06 6 0.00140034 11.9998 2.06542 4.03873 0.644893 2.06896
308 3.075 0.000837521 1.99997 0.209156 6.06446 6.34755e-07 6 0.000805854 11.9999 2.09717 4.12907 0.713517 2.09958
309 3.085 0.000586269 2 0.270336 6.0879 1.35139e-06 6 0.000446333 12 2.11219 4.22065 0.799823 2.13412
310 3.095 0.000673786 2.00003 0.343049 6.11784 8.95111e-07 6 0.000243992 12 2.11001 4.31273 0.905598 2.17349
311 3.105 0.00103784 2.00007 0.427413 6.15539 5.33613e-07 6 0.00014458 12 2.09053 4.40455 1.02894 2.2185
312 3.115 0.00196302 2.00016 0.52163 6.2015 3.53462e-07 6 7.13619e-05 12 2.0544 4.49537 1.16679 2.26988
313 3.125 0.00369116 2.00032 0.623503 6.25698 4.39004e-07 6 3.92358e-05 12 2.00452 4.58455 1.32032 2.32839
314 3.135 0.00690965 2.00063 0.72977 6.32233 1.48311e-06 6 1.61713e-05 12 1.93936 4.67139 1.48613 2.39467
315 3.145 0.0126679 2.0012 0.836285 6.3977 1.56038e-06 6 1.0336e-05 12 1.86386 4.75537 1.66154 2.46925
316 3.155 0.0223096 2.00221 0.940724 6.48302 3.70398e-06 6 3.53861e-06 12 1.77828 4.83602 1.84224 2.55247
317 3.165 0.0380493 2.00394 1.03708 6.57768 5.13573e-06 6 2.65865e-06 12 1.68618 4.91297 2.02584 2.64456
318 3.175 0.0641221 2.00687 1.11876 6.68044 1.12275e-05 6 1.83231e-06 12 1.58938 4.98596 2.2066 2.7455
319 3.185 0.104496 2.01168 1.18347 6.78982 1.85953e-05 6 1.22799e-06 12 1.4925 5.05493 2.3825 2.85518
320 3.195 0.164122 2.01928 1.2294 6.90417 3.63701e-05 6 6.312e-07 12 1.39631 5.11987 2.54605 2.97312
321 3.205 0.250438 2.03096 1.25296 7.02144 5.84306e-05 6.00001 8.36356e-08 12 1.30508 5.18094 2.69676 3.09883
322 3.215 0.372665 2.04844 1.25499 7.13964 7.74789e-05 6.00001 8.31162e-08 12 1.22076 5.23843 2.82767 3.23146
323 3.225 0.536506 2.07376 1.2394 7.25709 0.000124979 6.00002 1.23902e-07 12 1.14781 5.29282 2.93987 3.37022
324 3.235 0.74836 2.1093 1.20887 7.37236 0.0001909 6.00003 1.23137e-07 12 1.08519 5.34455 3.02595 3.51392
325 3.245 1.01882 2.15799 1.1717 7.48478 0.000285483 6.00004 8.15865e-08 12 1.03636 5.39427 3.08759 3.66146
326 3.255 1.34565 2.22268 1.13424 7.59427 0.000422604 6.00006 2.43258e-07 12 1.00293 5.44268 3.12113 3.81152
327 3.265 1.72739 2.30625 1.10679 7.70178 0.00062657 6.00009 2.4177e-07 12 0.984553 5.4905 3.12535 3.96272
328 3.275 2.15686 2.41123 1.09743 7.80903 0.00092573 6.00013 0 12 0.981806 5.53847 3.106 4.11389
329 3.285 2.61892 2.53948 1.1154 7.9187 0.00134408 6.0002 0 12 0.99361 5.58732 3.05986 4.26374
330 3.295 3.09335 2.69188 1.16546 8.03399 0.00196671 6.0003 0 12 1.01935 5.63774 2.99186 4.41114
331 3.305 3.55675 2.86819 1.25397 8.15879 0.00287144 6.00044 0 12 1.05677 5.69033 2.9033 4.55505
332 3.315 3.99852 3.06759 1.38369 8.29734 0.0041172 6.00065 0 12 1.10296 5.74554 2.7984 4.69461
333 3.325 4.38045 3.28735 1.55372 8.45385 0.00592054 6.00095 0 12 1.15474 5.8037 2.67908 4.82902
334 3.335 4.69041 3.52409 1.75932 8.63214 0.00834647 6.00137 0 12 1.20859 5.86494 2.55135 4.95779
335 3.345 4.91282 3.77354 1.99808 8.83584 0.0115626 6.00196 0 12 1.26146 5.92925 2.41839 5.08058
336 3.355 5.04181 4.03107 2.25836 9.06746 0.0160326 6.00278 0 12 1.30852 5.99635 2.28532 5.19732
337 3.365 5.07776 4.29199 2.52753 9.32823 0.0219945 6.00391 3.79356e-07 12 1.34762 6.06587 2.15331 5.30796
338 3.375 5.0398 4.5525 2.79617 9.61843 0.029842 6.00546 1.47074e-06 12 1.37644 6.13729 2.02936 5.41286
339 3.385 4.94108 4.80942 3.05067 9.93693 0.0402016 6.00756 1.68699e-06 12 1.39186 6.20995 1.91219 5.51229
340 3.395 4.80519 5.06076 3.28069 10.2815 0.0534125 6.01037 3.13053e-06 12 1.39484 6.28319 1.80898 5.60691
341 3.405 4.649 5.30536 3.47616 10.6487 0.0703035 6.01408 5.22399e-06 12 1.38381 6.35628 1.71608 5.6972
342 3.415 4.49864 5.54344 3.62746 11.0341 0.0920784 6.01897 9.53972e-06 12 1.35938 6.42851 1.63859 5.78392
343 3.425 4.37405 5.77628 3.73101 11.4329 0.11901 6.02533 1.94809e-05 12 1.32524 6.49933 1.57713 5.86787
344 3.435 4.28083 6.0055 3.7837 11.8397 0.152202 6.03351 3.18546e-05 12 1.28314 6.56831 1.53085 5.94984
345 3.445 4.2319 6.23341 3.78838 12.2494 0.193025 6.04395 6.14578e-05 12 1.23715 6.6352 1.50142 6.0307
346 3.455 4.22042 6.46203 3.74922 12.6572 0.242328 6.05713 0.000109826 12 1.19047 6.69994 1.48961 6.11139
347 3.465 4.24848 6.69351 3.67054 13.0587 0.301035 6.07359 0.000195167 12 1.14819 6.76274 1.49395 6.19279
348 3.475 4.2988 6.92908 3.55829 13.4502 0.370745 6.09399 0.000345155 12.0001 1.1128 6.82396 1.51399 6.27575
349 3.485 4.35451 7.16907 3.42205 13.8289 0.451147 6.11895 0.000602956 12.0002 1.08876 6.8842 1.54821 6.36108
350 3.495 4.39634 7.41277 3.26845 14.1927 0.543743 6.14921 0.00100687 12.0003 1.0783 6.94421 1.59659 6.44959
351 3.505 4.41171 7.65872 3.10062 14.5397 0.64869 6.18552 0.00170391 12.0005 1.08239 7.00479 1.65592 6.5419
352 3.515 4.38123 7.90436 2.93007 14.8696 0.76605 6.22864 0.00283761 12.0008 1.10223 7.06683 1.72482 6.63861
353 3.525 4.29694 8.14666 2.75345 15.1813 0.895241 6.27931 0.00447626 12.0013 1.13718 7.1312 1.80268 6.74026
354 3.535 4.14969 8.38197 2.57855 15.4749 1.03504 6.33824 0.00702543 12.0021 1.18609 7.19873 1.88512 6.84716
355 3.545 3.94632 8.60703 2.40497 15.7503 1.18511 6.40609 0.0107996 12.0033 1.24542 7.27003 1.97125 6.95957
356 3.555 3.68338 8.81827 2.23555 16.0077 1.34194 6.48335 0.0162194 12.0052 1.31174 7.34555 2.05661 7.07752
357 3.565 3.37648 9.01301 2.06836 16.2472 1.50539 6.57052 0.0238627 12.0079 1.38116 7.42552 2.13863 7.20087
358 3.575 3.02885 9.18868 1.90359 16.4689 1.67111 6.66782 0.0348598 12.012 1.44966 7.50993 2.21639 7.32941
359 3.585 2.66588 9.34416 1.74148 16.6728 1.83465 6.77524 0.0493816 12.0178 1.51135 7.59842 2.28592 7.46274
360 3.595 2.29796 9.47893 1.58424 16.8594 1.99392 6.89264 0.0694127 12.0259 1.56295 7.69045 2.34385 7.6002
361 3.605 1.93829 9.59324 1.42942 17.0287 2.1431 7.01952 0.0956511 12.0372 1.59984 7.78517 2.38761 7.74101
362 3.615 1.6018 9.68824 1.27738 17.1808 2.28116 7.15534 0.129628 12.0526 1.6197 7.8816 2.41641 7.88431
363 3.625 1.29289 9.76533 1.13107 17.3162 2.40174 7.29912 0.172813 12.0733 1.62162 7.97868 2.42761 8.02907
364 3.635 1.02191 9.82661 0.990897 17.4355 2.50277 7.44977 0.227168 12.1006 1.60206 8.07512 2.41904 8.17412
365 3.645 0.790872 9.87429 0.857498 17.5393 2.58042 7.60596 0.293788 12.1361 1.56276 8.16971 2.39253 8.31837
366 3.655 0.599027 9.91061 0.733617 17.6286 2.63293 7.7662 0.37385 12.1815 1.50644 8.26139 2.34717 8.46066
367 3.665 0.443325 9.93763 0.619499 17.7044 2.65885 7.92891 0.468202 12.2387 1.43388 8.34914 2.28154 8.59974
368 3.675 0.321599 9.95734 0.515288 17.7678 2.65601 8.09233 0.577257 12.3096 1.34687 8.43201 2.20125 8.73465
369 3.685 0.228021 9.97139 0.422279 17.8201 2.62522 8.25474 0.701957 12.3963 1.2508 8.50939 2.10312 8.86425
370 3.695 0.158416 9.9812 0.341548 17.8626 2.56674 8.41439 0.839275 12.5005 1.14916 8.58086 1.99297 8.98772
371 3.705 0.106923 9.98787 0.271785 17.8965 2.48475 8.56978 0.988584 12.6239 1.0446 8.64619 1.87162 9.10431
372 3.715 0.0711025 9.99232 0.212885 17.9233 2.38056 8.71945 1.14539 12.7676 0.940838 8.70535 1.74195 9.21341
373 3.725 0.0463877 9.99524 0.16384 17.944 2.25725 8.86214 1.30696 12.9325 0.840555 8.75848 1.60623 9.31455
374 3.735 0.029587 9.99711 0.123945 17.9598 2.11701 8.99669 1.46862 13.1188 0.747223 8.80597 1.46887 9.40754
375 3.745 0.0183989 9.99828 0.0922211 17.9716 1.96458 9.12222 1.62292 13.3258 0.662251 8.84828 1.33135 9.49227
376 3.755 0.0112458 9.999 0.0674296 17.9802 1.80477 9.23815 1.76389 13.552 0.587376 8.88601 1.19571 9.56878
377 3.765 0.00661564 9.99943 0.048504 17.9865 1.64104 9.34412 1.88671 13.7952 0.522337 8.91975 1.06581 9.63734
378 3.775 0.00380749 9.99967 0.0342888 17.991 1.47565 9.43993 1.98587 14.0525 0.468707 8.95018 0.942459 9.69829
379 3.785 0.00219743 9.99982 0.0236804 17.994 1.3142 9.5257 2.05723 14.3206 0.426813 8.97803 0.827391 9.75208
380 3.795 0.00126578 9.9999 0.0160182 17.9961 1.15779 9.60167 2.09893 14.5955 0.395799 9.004 0.722181 9.79928
381 3.805 0.000702878 9.99995 0.0106551 17.9975 1.01031 9.6683 2.10988 14.8732 0.375194 9.02875 0.62779 9.84052
382 3.815 0.000375918 9.99997 0.00690905 17.9985 0.871398 9.72608 2.09112 15.15 0.364554 9.05292 0.543086 9.87639
383 3.825 0.000221455 9.99999 0.00446345 17.9991 0.744968 9.77574 2.04371 15.4219 0.363205 9.07713 0.469644 9.90757
384 3.835 0.000145619 10 0.00277461 17.9994 0.630037 9.81795 1.97161 15.6856 0.370152 9.10193 0.406081 9.93468
385 3.845 9.71184e-05 10 0.00173469 17.9997 0.527618 9.85349 1.87767 15.938 0.384349 9.12782 0.352278 9.95831
386 3.855 0.000116425 10 0.00105989 17.9998 0.437653 9.88312 1.7678 16.1769 0.40488 9.15523 0.307799 9.97907
387 3.865 0.000175521 10 0.000614105 17.9999 0.359224 9.90757 1.647 16.4007 0.430988 9.18456 0.272112 9.99751
388 3.875 0.000317244 10 0.00035198 17.9999 0.292148 9.92755 1.51764 16.6079 0.461526 9.21613 0.243434 10.0141
389 3.885 0.000570887 10.0001 0.000197155 18 0.23502 9.94371 1.38446 16.7979 0.495425 9.2502 0.221369 10.0293
390 3.895 0.000913388 10.0001 0.000111735 18 0.187215 9.95665 1.25123 16.9706 0.53186 9.28696 0.205637 10.0434
391 3.905 0.00153891 10.0003 5.73531e-05 18 0.147422 9.96689 1.1196 17.1258 0.569721 9.32654 0.195161 10.0569
392 3.915 0.00232855 10.0004 3.38447e-05 18 0.115145 9.97493 0.99354 17.2643 0.607919 9.36899 0.188875 10.0701
393 3.925 0.00374475 10.0007 2.28193e-05 18 0.0890822 9.98119 0.873478 17.3867 0.645097 9.41426 0.18665 10.0831
394 3.935 0.00584445 10.0011 1.6197e-05 18 0.0683236 9.986 0.759754 17.4936 0.681567 9.46234 0.18795 10.0963
395 3.945 0.00893125 10.0017 2.31395e-05 18 0.0519596 9.98969 0.656219 17.5865 0.716475 9.51314 0.192896 10.1099
396 3.955 0.0136333 10.0027 4.09748e-05 18 0.0387708 9.99245 0.560404 17.6662 0.748495 9.56648 0.200935 10.1242
397 3.965 0.0206882 10.0042 7.28377e-05 18 0.0289849 9.99453 0.474915 17.7341 0.778193 9.62222 0.211646 10.1393
398 3.975 0.030242 10.0063 0.000135637 18 0.0213941 9.99607 0.399174 17.7915 0.806221 9.68025 0.225722 10.1555
399 3.985 0.0437697 10.0095 0.000251664 18.0001 0.015614 9.9972 0.333378 17.8396 0.831633 9.74042 0.242873 10.173
400 3.995 0.0620363 10.014 0.000472418 18.0001 0.0113334 9.99802 0.278531 17.8801 0.854692 9.80256 0.263218 10.1921
401 4.005 0.0861733 10.0202 0.000843049 18.0003 0.00805459 9.99861 0.235286 17.9144 0.876442 9.86661 0.287095 10.213
402 4.015 0.11783 10.0289 0.00143144 18.0005 0.00575986 9.99903 0.202892 17.9441 0.897658 9.93253 0.313775 10.2359
403 4.025 0.158304 10.0405 0.00242744 18.0008 0.0040549 9.99933 0.182351 17.971 0.917579 10.0003 0.343454 10.2612
404 4.035 0.208206 10.0559 0.00406235 18.0014 0.00284316 9.99954 0.173759 17.9967 0.937676 10.0698 0.377795 10.2891
405 4.045 0.269832 10.0759 0.00656274 18.0024 0.00197247 9.99969 0.177014 18.023 0.957908 10.1412 0.414289 10.3198
406 4.055 0.342244 10.1015 0.0104495 18.004 0.00137169 9.99979 0.192933 18.0519 0.977873 10.2145 0.452939 10.3536
407 4.065 0.427124 10.1335 0.0165108 18.0065 0.00092228 9.99986 0.220541 18.085 0.998427 10.2896 0.494072 10.3907
408 4.075 0.522723 10.1729 0.025502 18.0103 0.000630772 9.99991 0.259814 18.1243 1.01774 10.3666 0.535979 10.4311
409 4.085 0.627742 10.2204 0.03853 18.0162 0.00040664 9.99994 0.309799 18.1713 1.03641 10.4454 0.579403 10.4749
410 4.095 0.741172 10.2768 0.0571208 18.0249 0.000271612 9.99996 0.367869 18.2274 1.05297 10.5259 0.621778 10.5223
411 4.105 0.856249 10.3423 0.0828161 18.0376 0.000171018 9.99997 0.43149 18.2935 1.06775 10.6078 0.66319 10.573
412 4.115 0.971782 10.417 0.117685 18.0558 0.000116716 9.99998 0.499181 18.3704 1.0789 10.6911 0.701485 10.6269
413 4.125 1.08328 10.5006 0.164061 18.0812 7.8156e-05 9.99999 0.566107 18.458 1.08651 10.7753 0.737049 10.6838
414 4.135 1.18577 10.5926 0.22392 18.1161 4.80411e-05 9.99999 0.628607 18.5557 1.08873 10.8601 0.767061 10.7433
415 4.145 1.26985 10.6916 0.300344 18.1631 3.29377e-05 10 0.682813 18.6624 1.0858 10.9451 0.792798 10.8051
416 4.155 1.33438 10.7962 0.39485 18.2252 2.37402e-05 10 0.724946 18.7762 1.07687 11.0298 0.810569 10.8686
417 4.165 1.37433 10.9044 0.50947 18.3058 1.80905e-05 10 0.753501 18.8951 1.06302 11.1138 0.822335 10.9334
418 4.175 1.39002 11.0143 0.64389 18.408 1.41178e-05 10 0.764953 19.0163 1.04337 11.1966 0.82492 10.9986
419 4.185 1.38039 11.124 0.799734 18.5356 1.83096e-05 10 0.7585 19.1371 1.01836 11.2779 0.822008 11.0639
420 4.195 1.34308 11.2313 0.974823 18.692 2.54822e-05 10 0.735083 19.2548 0.988903 11.3572 0.810559 11.1287
421 4.205 1.28036 11.334 1.16513 18.8797 4.47093e-05 10 0.695656 19.3666 0.955277 11.4341 0.792341 11.1922
422 4.215 1.19838 11.4306 1.36812 19.1011 6.747e-05 10 0.643532 19.4706 0.919118 11.5085 0.766739 11.2541
423 4.225 1.10447 11.5201 1.57834 19.3578 0.000112783 10 0.581347 19.565 0.881494 11.5802 0.736444 11.3137
424 4.235 0.997859 11.6013 1.79075 19.6505 0.000185682 10 0.513887 19.6488 0.843969 11.6492 0.701279 11.3708
425 4.245 0.881282 11.6734 1.99806 19.9785 0.000314803 10.0001 0.444239 19.7216 0.807584 11.7155 0.660808 11.4248
426 4.255 0.766366 11.7363 2.19477 20.3406 0.000511 10.0001 0.375111 19.7833 0.77347 11.7793 0.618932 11.4757
427 4.265 0.65462 11.7904 2.37546 20.7343 0.000824235 10.0002 0.31011 19.8346 0.743095 11.8408 0.575312 11.5232
428 4.275 0.547895 11.8358 2.53536 21.1565 0.00130588 10.0003 0.251168 19.8764 0.716971 11.9005 0.53114 11.5672
429 4.285 0.449842 11.8733 2.67513 21.6041 0.00201851 10.0005 0.200054 19.9098 0.696113 11.9588 0.486754 11.6078
430 4.295 0.363246 11.9037 2.79322 22.0735 0.00308185 10.0007 0.157719 19.9362 0.680309 12.0159 0.444085 11.645
431 4.305 0.288002 11.9279 2.89125 22.5618 0.00463501 10.0011 0.124504 19.9572 0.669809 12.0725 0.403094 11.6789
432 4.315 0.224384 11.9469 2.96985 23.0656 0.00678434 10.0017 0.100127 19.9742 0.66428 12.1288 0.36417 11.7096
433 4.325 0.17189 11.9615 3.03374 23.5827 0.00987875 10.0025 0.0854316 19.9887 0.66406 12.1854 0.329429 11.7376
434 4.335 0.128859 11.9725 3.08755 24.1113 0.0140348 10.0037 0.0805582 20.0025 0.667987 12.2426 0.297176 11.7629
435 4.345 0.0950601 11.9806 3.12992 24.6497 0.0196837 10.0054 0.0855533 20.0171 0.675562 12.3007 0.268143 11.7859
436 4.355 0.0689916 11.9866 3.16547 25.1968 0.0273437 10.0078 0.100884 20.0345 0.686101 12.36 0.242899 11.8068
437 4.365 0.0494354 11.9908 3.19271 25.751 0.0372999 10.011 0.128338 20.0568 0.699086 12.4207 0.220814 11.8259
438 4.375 0.0347248 11.9938 3.21255 26.3113 0.050039 10.0154 0.168086 20.086 0.714003 12.4829 0.202278 11.8435
439 4.385 0.0240475 11.9959 3.21989 26.8754 0.0661973 10.0212 0.221411 20.1248 0.729949 12.5469 0.186746 11.8598
440 4.395 0.0164555 11.9974 3.21047 27.4404 0.0863281 10.0288 0.289049 20.1755 0.747002 12.6126 0.174318 11.8751
441 4.405 0.0113636 11.9984 3.18375 28.0033 0.11099 10.0386 0.371659 20.2411 0.765156 12.6803 0.16493 11.8896
442 4.415 0.00800944 11.9991 3.13813 28.5607 0.140823 10.0511 0.467822 20.324 0.784262 12.7499 0.158359 11.9036
443 4.425 0.00628807 11.9997 3.06934 29.1083 0.176297 10.0668 0.576342 20.4267 0.805196 12.8217 0.154819 11.9173
444 4.435 0.00559891 12.0002 2.9782 29.642 0.217349 10.0863 0.693929 20.5508 0.827196 12.8959 0.154346 11.9311
445 4.445 0.00611581 12.0007 2.86774 30.1583 0.265174 10.1102 0.816158 20.6974 0.850822 12.9724 0.156666 11.9452
446 4.455 0.00795725 12.0014 2.74068 30.6539 0.319036 10.139 0.937707 20.8667 0.878067 13.0518 0.162207 11.9598
447 4.465 0.0112166 12.0024 2.59996 31.1262 0.379006 10.1734 1.05407 21.0578 0.907447 13.1343 0.170823 11.9752
448 4.475 0.0167087 12.0039 2.44979 31.5732 0.445188 10.214 1.15633 21.2683 0.940794 13.2201 0.182871 11.9918
449 4.485 0.0248268 12.0062 2.29541 31.9939 0.517735 10.2615 1.24055 21.4953 0.977715 13.3097 0.198401 12.01
450 4.495 0.0364617 12.0096 2.14053 32.388 0.595085 10.3163 1.30174 21.7344 1.01836 13.4034 0.217803 12.0299
451 4.505 0.0522833 12.0144 1.98912 32.7558 0.67795 10.379 1.33506 21.9808 1.06159 13.5016 0.240849 12.0521
452 4.515 0.0740701 12.0212 1.8442 33.0983 0.764683 10.45 1.34167 22.2296 1.10889 13.6046 0.26805 12.0769
453 4.525 0.10278 12.0308 1.70524 33.4165 0.854998 10.5297 1.32179 22.4757 1.1589 13.7127 0.299421 12.1047
454 4.535 0.139915 12.0438 1.57347 33.7113 0.948115 10.6186 1.27877 22.7148 1.21052 13.8261 0.334387 12.1359
455 4.545 0.185677 12.0612 1.44995 33.9842 1.04311 10.7167 1.21711 22.9435 1.26275 13.9449 0.373078 12.1709
456 4.555 0.243471 12.0842 1.33194 34.236 1.13967 10.8244 1.14288 23.1591 1.31501 14.0692 0.41466 12.2099
457 4.565 0.311481 12.1136 1.21869 34.4674 1.23649 10.9418 1.06338 23.3606 1.36511 14.1988 0.459436 12.2534
458 4.575 0.390031 12.1507 1.11038 34.6792 1.33265 11.0689 0.986931 23.5485 1.41237 14.3335 0.505475 12.3014
459 4.585 0.477783 12.1962 1.00626 34.8719 1.42756 11.2056 0.917777 23.7239 1.45385 14.4727 0.552183 12.3541
460 4.595 0.573693 12.2512 0.904943 35.046 1.51997 11.3518 0.861171 23.8893 1.4884 14.6159 0.598905 12.4115
461 4.605 0.674997 12.3162 0.806705 35.2019 1.60898 11.5073 0.820757 24.0475 1.516 14.7624 0.643977 12.4734
462 4.615 0.777453 12.3913 0.711503 35.34 1.69375 11.6716 0.799588 24.2024 1.53358 14.9112 0.686694 12.5398
463 4.625 0.876108 12.4764 0.620178 35.4608 1.77253 11.8444 0.798649 24.3578 1.54006 15.0613 0.726393 12.6103
464 4.635 0.967854 12.5707 0.53428 35.5654 1.84588 12.025 0.816077 24.5172 1.53432 15.2114 0.760914 12.6845
465 4.645 1.04647 12.6732 0.452936 35.6545 1.91001 12.2128 0.853421 24.6846 1.51696 15.3605 0.789811 12.7618
466 4.655 1.10646 12.782 0.378317 35.7292 1.96525 12.4068 0.91019 24.864 1.48683 15.5073 0.811934 12.8417
467 4.665 1.14627 12.8952 0.310862 35.7908 2.01013 12.6061 0.98429 25.0588 1.44515 15.6506 0.826602 12.9233
468 4.675 1.16232 13.0105 0.251497 35.8409 2.04428 12.8096 1.07798 25.273 1.39167 15.7892 0.832981 13.0059
469 4.685 1.1541 13.1254 0.199859 35.8809 2.06621 13.0162 1.19024 25.5106 1.3288 15.922 0.832599 13.0889
470 4.695 1.12406 13.2378 0.156272 35.9122 2.07551 13.2247 1.32278 25.7758 1.25721 16.0483 0.824794 13.1714
471 4.705 1.06899 13.3452 0.119889 35.9364 2.07163 13.4336 1.47724 26.0731 1.17881 16.1672 0.81099 13.2528
472 4.715 0.996421 13.4458 0.0902767 35.9547 2.05519 13.6417 1.65251 26.4072 1.09685 16.2783 0.79069 13.3326
473 4.725 0.909767 13.5379 0.0668292 35.9683 2.02503 13.8477 1.84715 26.7822 1.01336 16.3813 0.764535 13.4101
474 4.735 0.814567 13.6208 0.0482486 35.9782 1.98202 14.0501 2.05837 27.2019 0.92971 16.4763 0.735749 13.4849
475 4.745 0.714483 13.6938 0.0344836 35.9852 1.92896 14.248 2.28033 27.6688 0.848882 16.5634 0.704757 13.5569
476 4.755 0.612887 13.7567 0.0240266 35.9902 1.86535 14.4401 2.50633 28.1841 0.772822 16.643 0.672332 13.6259
477 4.765 0.515939 13.8099 0.016453 35.9936 1.79357 14.6257 2.7273 28.7472 0.704598 16.7158 0.640002 13.6918
478 4.775 0.426427 13.854 0.01104 35.9959 1.71494 14.8038 2.93303 29.3554 0.644594 16.7828 0.609 13.7549
479 4.785 0.345569 13.8899 0.00729435 35.9974 1.63209 14.9741 3.11315 30.0036 0.594335 16.8448 0.581765 13.8153
480 4.795 0.275935 13.9187 0.00468023 35.9984 1.54581 15.136 3.25983 30.6852 0.555138 16.9029 0.558122 13.8735
481 4.805 0.217102 13.9414 0.00298111 35.999 1.45856 15.2894 3.3643 31.3915 0.527497 16.9584 0.539373 13.93
482 4.815 0.170627 13.9594 0.00187272 35.9994 1.37263 15.4344 3.42131 32.1128 0.511644 17.0125 0.525674 13.9853
483 4.825 0.135655 13.9737 0.00115708 35.9997 1.28933 15.5711 3.43208 32.8394 0.507933 17.0663 0.51957 14.0402
484 4.835 0.112225 13.9856 0.000693819 35.9998 1.2105 15.7 3.3971 33.5616 0.515459 17.1212 0.520557 14.0955
485 4.845 0.0997221 13.9962 0.000420624 35.9999 1.13733 15.8217 3.32239 34.2708 0.533256 17.1783 0.528941 14.1518
486 4.855 0.0990867 14.0068 0.000255999 35.9999 1.07074 15.9366 3.21867 34.9607 0.560215 17.2384 0.546267 14.2102
487 4.865 0.110746 14.0187 0.000156899 36 1.01118 16.0457 3.09563 35.627 0.595329 17.3026 0.570931 14.2716
488 4.875 0.135349 14.0333 0.000133743 36 0.959916 16.1496 2.96494 36.2678 0.636957 17.3716 0.604165 14.3367
489 4.885 0.173052 14.0521 0.000168894 36 0.916348 16.2492 2.83868 36.8838 0.683557 17.4459 0.64517 14.4066
490 4.895 0.226125 14.0766 0.000242189 36.0001 0.879622 16.3453 2.72533 37.4777 0.733248 17.5259 0.695152 14.4822
491 4.905 0.297365 14.1091 0.000415635 36.0002 0.849587 16.4384 2.63305 38.0537 0.784064 17.6119 0.751975 14.5643
492 4.915 0.386978 14.1515 0.000714489 36.0003 0.826001 16.5293 2.56871 38.618 0.83449 17.7037 0.815977 14.6537
493 4.925 0.495671 14.2061 0.00123685 36.0006 0.806457 16.6184 2.53115 39.1763 0.882229 17.8012 0.887374 14.7514
494 4.935 0.622299 14.2749 0.00207291 36.0011 0.791509 16.7062 2.52353 39.7352 0.925871 17.9039 0.963571 14.8579
495 4.945 0.766873 14.36 0.00342879 36.0018 0.779262 16.793 2.53938 40.2999 0.964663 18.0114 1.04503 14.9739
496 4.955 0.927627 14.4633 0.005564 36.0031 0.768453 16.879 2.57384 40.8746 0.997013 18.1229 1.13058 15.0998
497 4.965 1.09789 14.5861 0.00873599 36.005 0.759077 16.9642 2.61939 41.4617 1.02139 18.2376 1.21805 15.2361
498 4.975 1.27275 14.7291 0.0134346 36.0081 0.749683 17.0488 2.66952 42.0626 1.0382 18.3547 1.30809 15.383
499 4.985 1.44746 14.8923 0.0203097 36.0127 0.73967 17.1325 2.71361 42.6758 1.04599 18.4731 1.39777 15.5406
500 4.995 1.61114 15.0747 0.0299321 36.0195 0.728971 17.2154 2.74342 43.2983 1.0453 18.5919 1.48621 15.7089
