# Time-averaged data for fix rdf_p
# TimeStep Number-of-rows
# Row c_rdf_p[1] c_rdf_p[2] c_rdf_p[3] c_rdf_p[4] c_rdf_p[5] c_rdf_p[6] c_rdf_p[7] c_rdf_p[8] c_rdf_p[9] c_rdf_p[10] c_rdf_p[11] c_rdf_p[12] c_rdf_p[13]
1000000 500
1 0.005 0 0 0 0 0 0 0 0 0 0 0 0
2 0.015 0 0 0 0 0 0 0 0 0 0 0 0
3 0.025 0 0 0 0 0 0 0 0 0 0 0 0
4 0.035 0 0 0 0 0 0 0 0 0 0 0 0
5 0.045 0 0 0 0 0 0 0 0 0 0 0 0
6 0.055 0 0 0 0 0 0 0 0 0 0 0 0
7 0.065 0 0 0 0 0 0 0 0 0 0 0 0
8 0.075 0 0 0 0 0 0 0 0 0 0 0 0
9 0.085 0 0 0 0 0 0 0 0 0 0 0 0
10 0.095 0 0 0 0 0 0 0 0 0 0 0 0
11 0.105 0 0 0 0 0 0 0 0 0 0 0 0
12 0.115 0 0 0 0 0 0 0 0 0 0 0 0
13 0.125 0 0 0 0 0 0 0 0 0 0 0 0
14 0.135 0 0 0 0 0 0 0 0 0 0 0 0
15 0.145 0 0 0 0 0 0 0 0 0 0 0 0
16 0.155 0 0 0 0 0 0 0 0 0 0 0 0
17 0.165 0 0 0 0 0 0 0 0 0 0 0 0
18 0.175 0 0 0 0 0 0 0 0 0 0 0 0
19 0.185 0 0 0 0 0 0 0 0 0 0 0 0
20 0.195 0 0 0 0 0 0 0 0 0 0 0 0
21 0.205 0 0 0 0 0 0 0 0 0 0 0 0
22 0.215 0 0 0 0 0 0 0 0 0 0 0 0
23 0.225 0 0 0 0 0 0 0 0 0 0 0 0
24 0.235 0 0 0 0 0 0 0 0 0 0 0 0
25 0.245 0 0 0 0 0 0 0 0 0 0 0 0
26 0.255 0 0 0 0 0 0 0 0 0 0 0 0
27 0.265 0 0 0 0 0 0 0 0 0 0 0 0
28 0.275 0 0 0 0 0 0 0 0 0 0 0 0
29 0.285 0 0 0 0 0 0 0 0 0 0 0 0
30 0.295 0 0 0 0 0 0 0 0 0 0 0 0
31 0.305 0 0 0 0 0 0 0 0 0 0 0 0
32 0.315 0 0 0 0 0 0 0 0 0 0 0 0
33 0.325 0 0 0 0 0 0 0 0 0 0 0 0
34 0.335 0 0 0 0 0 0 0 0 0 0 0 0
35 0.345 0 0 0 0 0 0 0 0 0 0 0 0
36 0.355 0 0 0 0 0 0 0 0 0 0 0 0
37 0.365 0 0 0 0 0 0 0 0 0 0 0 0
38 0.375 0 0 0 0 0 0 0 0 0 0 0 0
39 0.385 0 0 0 0 0 0 0 0 0 0 0 0
40 0.395 0 0 0 0 0 0 0 0 0 0 0 0
41 0.405 0 0 0 0 0 0 0 0 0 0 0 0
42 0.415 0 0 0 0 0 0 0 0 0 0 0 0
43 0.425 0 0 0 0 0 0 0 0 0 0 0 0
44 0.435 0 0 0 0 0 0 0 0 0 0 0 0
45 0.445 0 0 0 0 0 0 0 0 0 0 0 0
46 0.455 0 0 0 0 0 0 0 0 0 0 0 0
47 0.465 0 0 0 0 0 0 0 0 0 0 0 0
48 0.475 0 0 0 0 0 0 0 0 0 0 0 0
49 0.485 0 0 0 0 0 0 0 0 0 0 0 0
50 0.495 0 0 0 0 0 0 0 0 0 0 0 0
51 0.505 0 0 0 0 0 0 0 0 0 0 0 0
52 0.515 0 0 0 0 0 0 0 0 0 0 0 0
53 0.525 0 0 0 0 0 0 0 0 0 0 0 0
54 0.535 0 0 0 0 0 0 0 0 0 0 0 0
55 0.545 0 0 0 0 0 0 0 0 0 0 0 0
56 0.555 0 0 0 0 0 0 0 0 0 0 0 0
57 0.565 0 0 0 0 0 0 0 0 0 0 0 0
58 0.575 0 0 0 0 0 0 0 0 0 0 0 0
59 0.585 0 0 0 0 0 0 0 0 0 0 0 0
60 0.595 0 0 0 0 0 0 0 0 0 0 0 0
61 0.605 0 0 0 0 0 0 0 0 0 0 0 0
62 0.615 0 0 0 0 0 0 0 0 0 0 0 0
63 0.625 0 0 0 0 0 0 0 0 0 0 0 0
64 0.635 0 0 0 0 0 0 0 0 0 0 0 0
65 0.645 0 0 0 0 0 0 0 0 0 0 0 0
66 0.655 0 0 0 0 0 0 0 0 0 0 0 0
67 0.665 0 0 0 0 0 0 0 0 0 0 0 0
68 0.675 0 0 0 0 0 0 0 0 0 0 0 0
69 0.685 0 0 0 0 0 0 0 0 0 0 0 0
70 0.695 0 0 0 0 0 0 0 0 0 0 0 0
71 0.705 0 0 0 0 0 0 0 0 0 0 0 0
72 0.715 0 0 0 0 0 0 0 0 0 0 0 0
73 0.725 0 0 0 0 0 0 0 0 0 0 0 0
74 0.735 0 0 0 0 0 0 0 0 0 0 0 0
75 0.745 0 0 0 0 0 0 0 0 0 0 0 0
76 0.755 0 0 0 0 0 0 0 0 0 0 0 0
77 0.765 0 0 0 0 0 0 0 0 0 0 0 0
78 0.775 0 0 0 0 0 0 0 0 0 0 0 0
79 0.785 0 0 0 0 0 0 0 0 0 0 0 0
80 0.795 0 0 0 0 0 0 0 0 0 0 0 0
81 0.805 0 0 0 0 0 0 0 0 0 0 0 0
82 0.815 0 0 0 0 0 0 0 0 0 0 0 0
83 0.825 0 0 0 0 0 0 0 0 0 0 0 0
84 0.835 0 0 0 0 0 0 0 0 0 0 0 0
85 0.845 0 0 0 0 0 0 0 0 0 0 0 0
86 0.855 0 0 0 0 0 0 0 0 0 0 0 0
87 0.865 0 0 0 0 0 0 0 0 0 0 0 0
88 0.875 0 0 0 0 0 0 0 0 0 0 0 0
89 0.885 0 0 0 0 0 0 0 0 0 0 0 0
90 0.895 0 0 0 0 0 0 0 0 3.06967e-06 1.17188e-08 0 0
91 0.905 0 0 0 0 0 0 0 0 2.70198e-05 1.17188e-07 0 0
92 0.915 0 0 0 0 0 0 0 0 0.000139505 6.73828e-07 0 0
93 0.925 0 0 0 0 0 0 0 0 0.000731378 3.65625e-06 0 0
94 0.935 0 0 0 0 0 0 0 0 0.00339205 1.77891e-05 0 0
95 0.945 0 0 0 0 0 0 0 0 0.0129416 7.28691e-05 0 0
96 0.955 0 0 0 0 0 0 0 0 0.0412544 0.000252186 0 0
97 0.965 0 0 0 0 0 0 0 0 0.112382 0.000750949 0 0
98 0.975 0 0 0 0 0 0 0 0 0.262587 0.00194062 0 0
99 0.985 0 0 0 0 0 0 0 0 0.538399 0.00443016 0 0
100 0.995 0 0 0 0 0 0 0 0 0.979387 0.00905124 0 0
101 1.005 0 0 0 0 0 0 0 0 1.60018 0.016754 0 0
102 1.015 0 0 0 0 0 0 0 0 2.3739 0.0284097 0 0
103 1.025 0 0 0 0 0 0 0 0 3.23184 0.044592 0 0
104 1.035 0 0 0 0 0 0 0 0 4.07337 0.0653878 0 0
105 1.045 0 0 0 0 0 0 0 0 4.81052 0.090424 0 0
106 1.055 0 0 0 0 0 0 0 0 5.3685 0.118901 0 0
107 1.065 0 0 0 0 0 0 0 0 5.70533 0.149742 0 0
108 1.075 0 0 0 0 0 0 0 0 5.83498 0.181878 0 0
109 1.085 0 0 0 0 0 0 0 0 5.78595 0.214341 0 0
110 1.095 0 0 0 0 0 0 0 0 5.60057 0.246344 0 0
111 1.105 0 0 0 0 0 0 0 0 5.33066 0.277365 0 0
112 1.115 0 0 0 0 0 0 0 0 5.01029 0.307051 0 0
113 1.125 0 0 0 0 0 0 0 0 4.67755 0.335265 0 0
114 1.135 0 0 0 0 0 0 0 0 4.3606 0.362037 0 0
115 1.145 0 0 0 0 0 0 0 0 4.06336 0.387426 0 0
116 1.155 0 0 0 0 0 0 0 0 3.80382 0.41161 0 0
117 1.165 0 0 0 0 0 0 0 0 3.57815 0.434754 0 0
118 1.175 0 0 0 0 0 0 0 0 3.38621 0.457035 0 0
119 1.185 0 0 0 0 0 0 0 0 3.22858 0.478642 0 0
120 1.195 0 0 0 0 0 0 0 0 3.09444 0.499702 0 0
121 1.205 0 0 0 0 0 0 0 0 2.98873 0.520384 0 0
122 1.215 0 0 0 0 0 0 0 0 2.90731 0.540839 0 0
123 1.225 0 0 0 0 0 0 0 0 2.84366 0.561176 0 0
124 1.235 0 0 0 0 0 0 0 0 2.79536 0.581495 0 0
125 1.245 0 0 0 0 0 0 0 0 2.75977 0.601882 0 0
126 1.255 0 0 0 0 0 0 0 0 2.73609 0.622421 0 0
127 1.265 0 0 0 0 0 0 0 0 2.72148 0.643176 0 0
128 1.275 0 0 0 0 0 0 0 0 2.70856 0.66416 0 0
129 1.285 0 0 0 0 0 0 0 0 2.69704 0.685385 0 0
130 1.295 0 0 0 0 0 0 0 0 2.68335 0.706831 0 0
131 1.305 0 0 0 0 0 0 0 0 2.66094 0.728429 0 0
132 1.315 0 0 0 0 0 0 0 0 2.63011 0.750104 0 0
133 1.325 0 0 0 0 0 0 0 0 2.58331 0.771719 0 0
134 1.335 0 0 0 0 0 0 0 0 2.52002 0.793123 0 0
135 1.345 0 0 0 0 0 0 0 0 2.43838 0.814146 0 0
136 1.355 0 0 0 0 0 0 0 0 2.33502 0.834578 0 0
137 1.365 0 0 0 0 0 0 0 0 2.21295 0.854229 0 0
138 1.375 0 0 0 0 0 0 0 0 2.07208 0.872899 0 0
139 1.385 0 0 0 0 0 0 0 0 1.91498 0.890406 0 0
140 1.395 0 0 0 0 0 0 0 0 1.74919 0.906629 0 0
141 1.405 0 0 0 0 0 0 0 0 1.57388 0.921436 0 0
142 1.415 0 0 0 0 0 0 0 0 1.39392 0.934737 0 0
143 1.425 0 0 0 0 0 0 0 0 1.21589 0.946504 0 0
144 1.435 0 0 0 0 0 0 0 0 1.04244 0.956734 0 0
145 1.445 0 0 0 0 0 0 0 0 0.879246 0.965484 0 0
146 1.455 0 0 0 0 0 0 0 0 0.728547 0.972834 0 0
147 1.465 0 0 0 0 0 0 0 0 0.593916 0.978909 0 0
148 1.475 0 0 0 0 0 0 0 0 0.47643 0.983849 0 0
149 1.485 0 0 0 0 0 0 0 0 0.376878 0.98781 0 0
150 1.495 0 0 0 0 0 0 0 0 0.292878 0.99093 0 0
151 1.505 0 0 0 0 0 0 0 0 0.223612 0.993344 0 0
152 1.515 0 0 0 0 0 0 0 0 0.168071 0.995182 0 0
153 1.525 0 0 0 0 0 0 0 0 0.124214 0.996559 0 0
154 1.535 0 0 0 0 0 0 0 0 0.0908218 0.997579 0 0
155 1.545 0 0 0 0 0 0 0 0 0.0653335 0.998322 0 0
156 1.555 0 0 0 0 0 0 0 0 0.0463016 0.998856 0 0
157 1.565 0 0 0 0 0 0 0 0 0.0322278 0.999232 0 0
158 1.575 0 0 0 0 0 0 0 0 0.0220497 0.999493 0 0
159 1.585 0 0 0 0 0 0 0 0 0.0148048 0.99967 0 0
160 1.595 0 0 0 0 0 0 0 0 0.00966909 0.999787 0 0
161 1.605 0 0 0 0 0 0 0 0 0.0063408 0.999865 0 0
162 1.615 0 0 0 0 0 0 0 0 0.00406183 0.999915 0 0
163 1.625 0 0 0 0 0 0 0 0 0.00256183 0.999948 0 0
164 1.635 0 0 0 0 0 0 0 0 0.00164097 0.999969 0 0
165 1.645 0 0 1.36301e-06 3.51563e-08 0 0 0 0 0.000954715 0.999981 0 0
166 1.655 0 0 8.82766e-06 2.65625e-07 0 0 0 0 0.000590106 0.999989 0 0
167 1.665 0 0 4.16879e-05 1.36719e-06 0 0 0 0 0.000351834 0.999993 0 0
168 1.675 0 0 0.000169587 5.90234e-06 0 0 0 0 0.000204643 0.999996 0 0
169 1.685 0 0 0.000683888 2.44102e-05 0 0 0 0 0.000126587 0.999998 0 0
170 1.695 0 0 0.00218686 8.42969e-05 0 0 0 0 7.30331e-05 0.999999 0 0
171 1.705 0 0 0.00661904 0.000267703 0 0 0 0 3.91909e-05 0.999999 0 0
172 1.715 0 0 0.0182298 0.000778773 0 0 0 0 2.22937e-05 0.999999 0 0
173 1.725 0 0 0.0456086 0.00207236 0 0 0 0 1.79042e-05 1 0 0
174 1.735 0 0 0.105527 0.0051002 0 0 0 0 1.26612e-05 1 0 0
175 1.745 0 0 0.222359 0.011554 0 0 0 0 5.38343e-06 1 0 0
176 1.755 0 0 0.434094 0.0242981 0 0 0 0 3.99169e-07 1 0 0
177 1.765 0 0 0.788618 0.0477149 0 0 0 0 0 1 0 0
178 1.775 0 0 1.33838 0.0879074 0 0 0 0 0 1 0 0
179 1.785 0 0 2.13277 0.15268 0 0 0 0 0 1 0 0
180 1.795 0 0 3.19525 0.25081 0 0 0 0 0 1 0 0
181 1.805 0 0 4.51835 0.391125 0 0 0 0 0 1 0 0
182 1.815 0 0 6.04618 0.580973 0 0 0 0 0 1 0 0
183 1.825 0 0 7.69342 0.825212 0 0 0 0 0 1 0 0
184 1.835 0 0 9.33028 1.12467 0 0 0 0 0 1 0 0
185 1.845 0 0 10.8279 1.47599 0 0 0 0 0 1 0 0
186 1.855 0 0 12.0329 1.87066 0 0 0 0 0 1 0 0
187 1.865 0 0 12.8471 2.29658 0 0 0 0 0 1 0 0
188 1.875 0 0 13.2148 2.73941 0 0 0 0 0 1 0 0
189 1.885 0 0 13.1135 3.18354 0 0 0 0 0 1 0 0
190 1.895 0 0 12.5826 3.61423 0 0 0 0 0 1 0 0
191 1.905 0 0 11.6873 4.0185 0 0 0 0 0 1 0 0
192 1.915 0 0 10.5341 4.38672 0 0 0 0 0 1 0 0
193 1.925 0 0 9.21268 4.71212 0 0 0 0 3.31779e-07 1 0 0
194 1.935 0 0 7.84185 4.99199 2.62687e-06 4.6875e-08 0 0 1.42289e-06 1 0 0
195 1.945 0 0 6.49956 5.22635 9.74974e-06 2.22656e-07 0 0 1.84162e-06 1 0 0
196 1.955 0 0 5.24746 5.41752 1.69416e-05 5.3125e-07 0 0 3.53843e-06 1 0 0
197 1.965 0 0 4.13729 5.56979 3.77846e-05 1.22656e-06 0 0 6.15592e-06 1 0 0
198 1.975 0 0 3.1818 5.68809 7.96388e-05 2.70703e-06 0 0 1.35533e-05 1 0 0
199 1.985 0 0 2.39188 5.77792 0.000157261 5.66016e-06 0 0 2.00736e-05 1 0 0
200 1.995 0 0 1.76186 5.84476 0.000290165 1.11641e-05 0 0 3.15083e-05 1 0 0
201 2.005 0 0 1.26898 5.89338 0.000542545 2.15586e-05 0 0 7.03413e-05 1 0 0
202 2.015 0 0 0.895511 5.92804 0.00106123 4.20938e-05 0 0 0.000112138 1 0 0
203 2.025 0 0 0.618539 5.95221 0.00196682 8.05312e-05 0 0 0.000188787 1.00001 0 0
204 2.035 0 0 0.420163 5.9688 0.00359721 0.000151527 0 0 0.000357544 1.00002 0 0
205 2.045 0 0 0.280272 5.97997 0.00621523 0.000275402 0 0 0.000609136 1.00003 0 0
206 2.055 0 0 0.183206 5.98735 0.0105781 0.000488301 0 0 0.00099945 1.00005 0 0
207 2.065 0 0 0.117488 5.99212 0.0174382 0.000842691 0 0 0.00167974 1.00008 0 0
208 2.075 0 0 0.0744299 5.99518 0.0284719 0.00142693 0 0 0.0026391 1.00014 0 0
209 2.085 0 0 0.0461146 5.99709 0.044806 0.00235523 0 0 0.00419534 1.00022 0 0
210 2.095 0 0 0.0282032 5.99827 0.0695531 0.00381011 0 0 0.00655573 1.00036 0 0
211 2.105 0 0 0.0169764 5.99898 0.104705 0.00602122 0 0 0.0100844 1.00057 0 0
212 2.115 0 0 0.0100926 5.99941 0.153884 0.00930183 0 0 0.015316 1.0009 0 0
213 2.125 0 0 0.00587359 5.99967 0.221554 0.0140698 0 0 0.0229114 1.00139 0 0
214 2.135 0 0 0.00334967 5.99981 0.311499 0.0208368 0 0 0.0337121 1.00213 0 0
215 2.145 0 0 0.00190175 5.99989 0.429567 0.0302562 0 0 0.0491301 1.0032 0 0
216 2.155 0 0 0.00105719 5.99994 0.578005 0.0430491 0 0 0.0702553 1.00476 0 0
217 2.165 0 0 0.000585013 5.99997 0.760892 0.0600463 0 0 0.0993208 1.00698 0 0
218 2.175 0 0 0.000324085 5.99998 0.980703 0.0821567 0 0 0.137822 1.01008 0 0
219 2.185 0 0 0.000189104 5.99999 1.2356 0.110271 0 0 0.188414 1.01437 0 0
220 2.195 0 0 9.74778e-05 6 1.52865 0.145371 1.70451e-07 7.8125e-09 0.253692 1.0202 0 0
221 2.205 0 0 5.26809e-05 6 1.853 0.188308 2.19581e-06 1.09375e-07 0.336571 1.02799 0 0
222 2.215 0 0 2.38896e-05 6 2.20281 0.239815 9.95952e-06 5.74219e-07 0.439054 1.03826 0 0
223 2.225 0 0 8.36087e-06 6 2.57158 0.300489 4.85216e-05 2.85938e-06 0.563519 1.05156 0 0
224 2.235 0 0 4.34821e-06 6 2.94985 0.370714 0.000145498 9.77344e-06 0.713096 1.06853 6.58908e-07 1.5625e-08
225 2.245 0 0 3.00856e-06 6 3.32825 0.450659 0.000440761 3.09063e-05 0.888526 1.08988 6.53051e-07 3.125e-08
226 2.255 0 0 1.53127e-06 6 3.69242 0.540142 0.00130566 9.40664e-05 1.08827 1.11625 2.26545e-06 8.59375e-08
227 2.265 0 0 1.43789e-06 6 4.03959 0.63891 0.00323102 0.000251754 1.31371 1.14837 5.77412e-06 2.26563e-07
228 2.275 0 0 9.50186e-07 6 4.36189 0.746501 0.00768086 0.00062993 1.56119 1.18688 9.22115e-06 4.53125e-07
229 2.285 0 0 0 6 4.65524 0.86234 0.0169682 0.00147274 1.8256 1.2323 1.9542e-05 9.375e-07
230 2.295 0 0 0 6 4.91607 0.985743 0.0350394 0.00322841 2.10089 1.28504 3.06204e-05 1.70313e-06
231 2.305 0 0 0 6 5.14117 1.11592 0.0675566 0.00664294 2.38068 1.34532 5.01791e-05 2.96875e-06
232 2.315 0 0 0 6 5.33686 1.25223 0.120527 0.0127877 2.65446 1.41312 6.60216e-05 4.64844e-06
233 2.325 0 0 0 6 5.5069 1.3941 0.202252 0.0231884 2.91448 1.4882 0.000110817 7.49219e-06
234 2.335 0 0 0 6 5.65508 1.54105 0.316505 0.0396047 3.15247 1.57012 0.000152127 1.14297e-05
235 2.345 0 0 0 6 5.78242 1.69259 0.467293 0.06405 3.35381 1.65801 0.000231336 1.74688e-05
236 2.355 0 0 0 6 5.89781 1.84848 0.64839 0.0982589 3.51288 1.75087 0.000351927 2.67344e-05
237 2.365 0 0 0 6 6.00227 2.00848 0.849748 0.143473 3.62257 1.84743 0.000516669 4.04531e-05
238 2.375 0 0 0 6 6.09 2.17219 1.05323 0.199989 3.67813 1.94631 0.000815172 6.22812e-05
239 2.385 0 0 0 6 6.16519 2.33932 1.24041 0.267111 3.67726 2.04599 0.00118764 9.43516e-05
240 2.395 0 0 0 6 6.22439 2.50948 1.39359 0.343155 3.61896 2.14493 0.00177996 0.00014282
241 2.405 0 0 0 6 6.26894 2.68229 1.49958 0.425668 3.50783 2.24162 0.00251861 0.000211977
242 2.415 0 0 0 6 6.29319 2.85721 1.55273 0.511817 3.34539 2.33461 0.00347976 0.00030832
243 2.425 0 0 0 6 6.29319 3.03358 1.55863 0.599011 3.14081 2.42263 0.00499366 0.000447727
244 2.435 0 0 0 6 6.27249 3.21083 1.5317 0.685407 2.90478 2.50472 0.00690173 0.000641992
245 2.445 0 0 0 6 6.2234 3.38814 1.49044 0.770168 2.64638 2.58011 0.00954407 0.000912844
246 2.455 0 0 0 6 6.14879 3.56475 1.45309 0.853481 2.37219 2.64825 0.0130104 0.00128509
247 2.465 0 0 0 6 6.04944 3.73994 1.43664 0.936524 2.09408 2.70889 0.0176505 0.00179423
248 2.475 0 0 0 6 5.92101 3.91279 1.454 1.02125 1.82015 2.76203 0.0236467 0.00248187
249 2.485 0 0 0 6 5.77229 4.08267 1.50563 1.1097 1.55873 2.8079 0.0314062 0.00340255
250 2.495 0 0 0 6 5.5965 4.24871 1.59279 1.20403 1.31345 2.84687 0.0412676 0.00462207
251 2.505 0 0 0 6 5.39751 4.41012 1.70263 1.30566 1.09022 2.87947 0.0541184 0.0062342
252 2.515 7.02486e-06 2.10937e-07 0 6 5.1754 4.56614 1.83336 1.41598 0.891728 2.90635 0.0698893 0.00833279
253 2.525 2.47798e-05 9.60938e-07 0 6 4.92781 4.71587 1.98195 1.53619 0.718184 2.92818 0.0898119 0.0110511
254 2.535 5.78765e-05 2.72656e-06 0 6 4.65889 4.85855 2.15439 1.66789 0.569898 2.94563 0.114141 0.0145332
255 2.545 0.000133901 6.84375e-06 0 6 4.36933 4.99343 2.35945 1.81328 0.445339 2.95938 0.143029 0.018931
256 2.555 0.000352936 1.77812e-05 0 6 4.06191 5.1198 2.61188 1.97548 0.342702 2.97004 0.17827 0.0244556
257 2.565 0.000842706 4.41016e-05 0 6 3.74107 5.2371 2.93209 2.15899 0.259998 2.97819 0.220021 0.0313275
258 2.575 0.00189026 0.000103602 0 6 3.41166 5.34491 3.32867 2.36896 0.194479 2.98434 0.269053 0.0397965
259 2.585 0.00409292 0.000233438 0 6 3.07827 5.44295 3.81077 2.6112 0.143035 2.98889 0.325778 0.0501309
260 2.595 0.00843423 0.000503063 0 6 2.74543 5.53106 4.37076 2.8912 0.103892 2.99223 0.391256 0.0626385
261 2.605 0.0166022 0.0010379 0 6 2.42034 5.60933 4.98988 3.21332 0.0744967 2.99464 0.46559 0.0776374
262 2.615 0.0313623 0.002056 0 6 2.1083 5.67804 5.6372 3.58004 0.0525453 2.99635 0.547611 0.0954143
263 2.625 0.0560633 0.00388991 0 6 1.81226 5.73756 6.27112 3.99112 0.0367401 2.99756 0.638338 0.116295
264 2.635 0.0968996 0.00708382 0 6 1.53931 5.78849 6.85019 4.44358 0.0253279 2.99839 0.737304 0.140598
265 2.645 0.159033 0.0123656 0 6 1.2895 5.83149 7.33009 4.93143 0.0174036 2.99897 0.843178 0.168601
266 2.655 0.252413 0.0208122 0 6 1.0653 5.86727 7.67564 5.44614 0.0119445 2.99937 0.955774 0.200584
267 2.665 0.384183 0.0337652 0 6 0.869154 5.89669 7.86941 5.97783 0.00849395 2.99966 1.07315 0.236767
268 2.675 0.566906 0.0530227 0 6 0.69995 5.92056 7.89895 6.51552 0.00642231 2.99988 1.1952 0.277367
269 2.685 0.801965 0.080469 0 6 0.554882 5.93963 7.76549 7.0481 0.00543541 3.00007 1.31674 0.32243
270 2.695 1.09258 0.11814 0 6 0.434788 5.95468 7.48598 7.56533 0.00535164 3.00025 1.43859 0.372032
271 2.705 1.4365 0.168038 0 6 0.335555 5.96638 7.09306 8.05906 0.00612847 3.00047 1.55555 0.426065
272 2.715 1.82252 0.231813 0 6 0.255401 5.97535 6.61543 8.52295 0.00774532 3.00074 1.66651 0.484381
273 2.725 2.23445 0.31058 0 6 0.191887 5.98214 6.08939 8.95311 0.0103165 3.0011 1.7689 0.546736
274 2.735 2.64567 0.404528 0 6 0.142432 5.98722 5.54131 9.34743 0.014055 3.00161 1.86123 0.612829
275 2.745 3.03474 0.513083 0 6 0.104409 5.99097 4.99734 9.70564 0.0191647 3.00229 1.939 0.682188
276 2.755 3.36149 0.634202 0 6 0.075307 5.99369 4.47728 10.0289 0.026005 3.00323 2.00233 0.754335
277 2.765 3.61009 0.765226 0 6 0.053667 5.99565 3.99234 10.3193 0.0350823 3.00451 2.04856 0.828685
278 2.775 3.75929 0.902652 0 6 0.0377696 5.99704 3.54263 10.5788 0.0467304 3.00623 2.07469 0.904529
279 2.785 3.79401 1.04235 0 6 0.0262522 5.99801 3.12774 10.8096 0.06193 3.00852 2.08245 0.981206
280 2.795 3.71404 1.18009 0 6 0.0180211 5.99868 2.7436 11.0135 0.0810407 3.01153 2.0736 1.05811
281 2.805 3.53201 1.31201 2.60432e-07 6 0.0122118 5.99913 2.38925 11.1923 0.104933 3.01547 2.04378 1.13444
282 2.815 3.26197 1.43472 2.32727e-06 6 0.00804313 5.99944 2.06219 11.3478 0.13431 3.02054 1.99549 1.20951
283 2.825 2.92588 1.54557 4.92975e-06 6 0.00528828 5.99964 1.75455 11.481 0.170297 3.02702 1.93161 1.28269
284 2.835 2.54482 1.64267 8.00541e-06 6 0.00345834 5.99977 1.47471 11.5937 0.213464 3.03519 1.85126 1.35332
285 2.845 2.14891 1.72524 1.67086e-05 6 0.00221515 5.99986 1.2164 11.6874 0.264888 3.04541 1.75851 1.42089
286 2.855 1.76576 1.79356 2.42843e-05 6 0.00137973 5.99991 0.985885 11.7638 0.325181 3.05804 1.65349 1.48488
287 2.865 1.41122 1.84855 5.63683e-05 6.00001 0.00086255 5.99994 0.782728 11.825 0.395093 3.0735 1.54144 1.54494
288 2.875 1.09489 1.89151 0.000117259 6.00002 0.00053597 5.99997 0.609044 11.8728 0.474316 3.09218 1.42574 1.60088
289 2.885 0.82783 1.92422 0.000216646 6.00004 0.000325363 5.99998 0.462803 11.9095 0.5639 3.11455 1.30529 1.65246
290 2.895 0.60828 1.94843 0.000421405 6.00007 0.000204199 5.99999 0.344209 11.9369 0.663505 3.14106 1.18395 1.69956
291 2.905 0.432772 1.96576 0.000772721 6.00013 0.000128301 5.99999 0.249656 11.957 0.771601 3.17209 1.06557 1.74225
292 2.915 0.300394 1.97788 0.00140628 6.00024 7.32125e-05 6 0.176645 11.9713 0.888157 3.20806 0.949815 1.78057
293 2.925 0.201799 1.98608 0.00256837 6.00045 5.11576e-05 6 0.122234 11.9812 1.01269 3.24935 0.839235 1.81465
294 2.935 0.131486 1.99145 0.00440958 6.00082 3.04477e-05 6 0.0830738 11.988 1.14262 3.29626 0.735076 1.84471
295 2.945 0.0838345 1.99491 0.00734697 6.00142 1.49316e-05 6 0.0544409 11.9925 1.27572 3.34899 0.639727 1.87105
296 2.955 0.0513814 1.99704 0.0120981 6.00243 1.07945e-05 6 0.0350929 11.9954 1.41059 3.40769 0.552708 1.89396
297 2.965 0.0311042 1.99833 0.019007 6.00402 6.1534e-06 6 0.0220172 11.9973 1.54634 3.47248 0.474637 1.91377
298 2.975 0.0179387 1.99909 0.0298562 6.00654 3.51909e-06 6 0.0136112 11.9984 1.67676 3.5432 0.405597 1.93081
299 2.985 0.0100712 1.99951 0.0453701 6.0104 1.19585e-06 6 0.00806858 11.9991 1.80117 3.61969 0.346905 1.94549
300 2.995 0.00554674 1.99975 0.06729 6.01615 1.8275e-07 6 0.00470824 11.9995 1.91678 3.70163 0.299456 1.95824
301 3.005 0.00293801 1.99988 0.0968929 6.02449 2.72303e-07 6 0.00266288 11.9997 2.02049 3.78859 0.26118 1.96944
302 3.015 0.00144796 1.99994 0.136676 6.03633 2.705e-07 6 0.00147837 11.9999 2.10981 3.87999 0.234274 1.97954
303 3.025 0.000726036 1.99997 0.188122 6.05274 0 6 0.000832536 11.9999 2.18284 3.97518 0.217484 1.98899
304 3.035 0.000381801 1.99999 0.252261 6.07489 0 6 0.000438248 12 2.23706 4.07339 0.211197 1.99823
305 3.045 0.000198967 1.99999 0.32943 6.104 0 6 0.000219525 12 2.27231 4.1738 0.216389 2.00775
306 3.055 8.60493e-05 2 0.421181 6.14147 8.78209e-08 6 0.000104315 12 2.28626 4.27549 0.232772 2.01807
307 3.065 7.14742e-05 2 0.52331 6.18833 3.48995e-07 6 5.48995e-05 12 2.28007 4.37757 0.261723 2.02974
308 3.075 0.000127226 2.00001 0.634646 6.24553 1.73364e-07 6 2.50133e-05 12 2.25361 4.47913 0.303129 2.04334
309 3.085 0.000237762 2.00002 0.753488 6.31388 5.16727e-07 6 1.47555e-05 12 2.20886 4.57932 0.358525 2.05954
310 3.095 0.000480015 2.00004 0.872421 6.39354 2.56697e-07 6 5.35831e-06 12 2.14614 4.67729 0.42751 2.07898
311 3.105 0.000964952 2.00008 0.985119 6.48406 6.80122e-07 6 1.53327e-06 12 2.06904 4.77236 0.51172 2.1024
312 3.115 0.00201285 2.00018 1.08559 6.58447 3.20987e-06 6 1.01563e-06 12 1.97865 4.86386 0.611681 2.13058
313 3.125 0.00399071 2.00036 1.16907 6.69329 3.52509e-06 6 3.36379e-07 12 1.87935 4.95133 0.728586 2.16436
314 3.135 0.00765446 2.00072 1.22929 6.80845 5.08716e-06 6 0 12 1.77243 5.03435 0.859862 2.20448
315 3.145 0.0138056 2.00137 1.26546 6.92775 1.0524e-05 6 0 12 1.66464 5.11282 1.00721 2.25177
316 3.155 0.0248213 2.00254 1.27452 7.04868 1.81976e-05 6 0 12 1.5556 5.18662 1.16878 2.307
317 3.165 0.0430425 2.00459 1.25706 7.1687 2.65105e-05 6 0 12 1.44996 5.25584 1.34504 2.37096
318 3.175 0.0722325 2.00804 1.21724 7.28566 3.94343e-05 6.00001 0 12 1.35023 5.32071 1.531 2.44423
319 3.185 0.117232 2.01369 1.16122 7.39794 6.40729e-05 6.00001 0 12 1.25747 5.3815 1.72834 2.52746
320 3.195 0.1864 2.02272 1.09178 7.50417 0.000109921 6.00001 0 12 1.17524 5.43867 1.93212 2.62109
321 3.205 0.286291 2.03668 1.02289 7.60432 0.000171076 6.00002 0 12 1.10237 5.49264 2.14047 2.72547
322 3.215 0.425812 2.05758 0.961784 7.69908 0.000264536 6.00004 0 12 1.04083 5.54391 2.34869 2.84071
323 3.225 0.616573 2.08802 0.917599 7.79004 0.000426815 6.00006 0 12 0.991422 5.59306 2.5549 2.96686
324 3.235 0.870364 2.13126 0.900437 7.87986 0.00065726 6.00009 0 12 0.953124 5.64059 2.75488 3.10372
325 3.245 1.19521 2.19101 0.918703 7.97207 0.000989164 6.00014 0 12 0.927765 5.68715 2.94443 3.25091
326 3.255 1.59216 2.27109 0.978505 8.07089 0.00151394 6.00022 0 12 0.911827 5.73319 3.12288 3.40798
327 3.265 2.06787 2.37573 1.08804 8.18145 0.00228732 6.00033 0 12 0.906346 5.77924 3.28627 3.57429
328 3.275 2.62504 2.50939 1.24895 8.30913 0.00332603 6.0005 0 12 0.910126 5.82576 3.43302 3.74909
329 3.285 3.24154 2.67545 1.46254 8.45957 0.00485375 6.00075 0 12 0.9217 5.87317 3.56383 3.93166
330 3.295 3.91244 2.8771 1.72243 8.63781 0.00714025 6.00112 0 12 0.940156 5.92181 3.67217 4.12092
331 3.305 4.60461 3.11587 2.02539 8.84869 0.0102543 6.00165 0 12 0.964922 5.97204 3.76288 4.31604
332 3.315 5.30588 3.39267 2.36097 9.09599 0.0146235 6.00242 0 12 0.993584 6.02408 3.8347 4.51609
333 3.325 5.97648 3.70634 2.71452 9.38204 0.0203991 6.00349 0 12 1.02567 6.07812 3.88885 4.72019
334 3.335 6.5895 4.05426 3.07315 9.70784 0.0283406 6.005 1.10756e-07 12 1.05941 6.13428 3.92955 4.92767
335 3.345 7.12144 4.43253 3.41863 10.0724 0.0389946 6.00708 1.10095e-06 12 1.09325 6.19258 3.95521 5.13776
336 3.355 7.54377 4.83563 3.73259 10.4729 0.0530331 6.00992 2.66304e-06 12 1.12546 6.25295 3.96819 5.3498
337 3.365 7.85266 5.25774 4.00131 10.9048 0.0713851 6.01377 7.47027e-06 12 1.15541 6.3153 3.96655 5.56302
338 3.375 8.00881 5.69081 4.20726 11.3615 0.0951668 6.01894 1.93222e-05 12 1.18293 6.37952 3.95719 5.777
339 3.385 8.03158 6.12768 4.34433 11.836 0.125191 6.02578 3.78072e-05 12 1.20666 6.44541 3.9341 5.99099
340 3.395 7.9161 6.56083 4.408 12.3203 0.162906 6.03472 6.48026e-05 12 1.22657 6.51279 3.90667 6.20475
341 3.405 7.66312 6.9826 4.39612 12.8061 0.209357 6.04629 0.000120628 12 1.24253 6.58145 3.86864 6.41768
342 3.415 7.29656 7.38656 4.31635 13.2859 0.26627 6.06109 0.000211467 12.0001 1.25669 6.65129 3.82297 6.62933
343 3.425 6.82444 7.7666 4.17489 13.7527 0.335001 6.07982 0.000378744 12.0001 1.26898 6.72224 3.76967 6.83926
344 3.435 6.2751 8.11809 3.98138 14.2005 0.416527 6.10324 0.000707947 12.0002 1.28106 6.79428 3.70897 7.04701
345 3.445 5.66411 8.43721 3.74816 14.6245 0.511814 6.13219 0.00119653 12.0003 1.29352 6.86744 3.63558 7.25184
346 3.455 5.02366 8.72189 3.49077 15.0217 0.621223 6.16753 0.00202671 12.0005 1.30742 6.94182 3.55122 7.45308
347 3.465 4.37041 8.97098 3.21976 15.3901 0.745865 6.21021 0.00339437 12.0009 1.32376 7.01756 3.45739 7.65014
348 3.475 3.73407 9.18504 2.94218 15.7288 0.884999 6.26114 0.00549324 12.0016 1.34287 7.09485 3.35088 7.84223
349 3.485 3.12803 9.36539 2.6665 16.0375 1.03706 6.32117 0.0087591 12.0026 1.36436 7.17382 3.2312 8.02853
350 3.495 2.57093 9.51447 2.40107 16.317 1.20283 6.39119 0.0136181 12.0042 1.38911 7.25468 3.10186 8.2084
351 3.505 2.06797 9.63508 2.14734 16.5685 1.37703 6.47182 0.0207006 12.0066 1.41596 7.33759 2.95732 8.38087
352 3.515 1.63023 9.7307 1.90593 16.7929 1.55917 6.56363 0.0308617 12.0102 1.44262 7.42253 2.80407 8.54533
353 3.525 1.25999 9.80502 1.67863 16.9917 1.74379 6.66689 0.0450635 12.0155 1.46675 7.50939 2.64162 8.70116
354 3.535 0.954208 9.86162 1.4666 17.1664 1.92697 6.78165 0.0642411 12.0232 1.48784 7.598 2.47047 8.84771
355 3.545 0.70495 9.90368 1.26933 17.3185 2.10471 6.90771 0.0895852 12.0339 1.50386 7.68807 2.29194 8.98444
356 3.555 0.509753 9.93426 1.08799 17.4495 2.27074 7.04448 0.122784 12.0486 1.51161 7.77912 2.11202 9.11116
357 3.565 0.361175 9.95605 0.920985 17.5611 2.42244 7.1912 0.164706 12.0685 1.51123 7.87065 1.92923 9.22755
358 3.575 0.248795 9.97115 0.769469 17.6548 2.5522 7.34666 0.216473 12.0949 1.50031 7.96203 1.74674 9.33353
359 3.585 0.168939 9.98146 0.633644 17.7325 2.65935 7.50955 0.279354 12.129 1.47974 8.05267 1.57075 9.42937
360 3.595 0.112085 9.98833 0.51409 17.7958 2.73669 7.67811 0.353711 12.1725 1.44856 8.14189 1.39856 9.51517
361 3.605 0.0726404 9.99282 0.410208 17.8466 2.78237 7.85044 0.43979 12.2269 1.40774 8.22909 1.23416 9.59132
362 3.615 0.0458688 9.99566 0.321493 17.8867 2.79491 8.02451 0.537411 12.2937 1.35988 8.31378 1.079 9.65825
363 3.625 0.0284494 9.99744 0.247629 17.9177 2.77468 8.19828 0.645212 12.3743 1.30604 8.39557 0.935227 9.71659
364 3.635 0.0173069 9.99852 0.187254 17.9413 2.72146 8.36966 0.763933 12.4704 1.24739 8.47412 0.803373 9.76699
365 3.645 0.010359 9.99917 0.138978 17.9589 2.63737 8.53665 0.891716 12.5831 1.18711 8.54929 0.684244 9.81014
366 3.655 0.005938 9.99955 0.101104 17.9717 2.52596 8.69747 1.02825 12.7138 1.12695 8.62104 0.576892 9.84673
367 3.665 0.00320705 9.99976 0.0719973 17.981 2.39032 8.85049 1.16974 12.8632 1.06862 8.68945 0.482304 9.87748
368 3.675 0.00174176 9.99987 0.0500653 17.9874 2.23534 8.99437 1.31644 13.0324 1.0136 8.75469 0.400749 9.90318
369 3.685 0.000963722 9.99993 0.0341272 17.9918 2.06566 9.12805 1.46293 13.2213 0.962633 8.81699 0.329722 9.92443
370 3.695 0.000509391 9.99996 0.0228525 17.9948 1.88582 9.25076 1.60794 13.4302 0.918056 8.87672 0.270559 9.94197
371 3.705 0.0002562 9.99998 0.0149885 17.9967 1.70255 9.36214 1.7465 13.6583 0.879709 8.93427 0.221746 9.95642
372 3.715 0.000167775 9.99999 0.00960758 17.998 1.51872 9.46204 1.8707 13.9039 0.847225 8.99 0.182136 9.96835
373 3.725 7.83969e-05 10 0.00604255 17.9988 1.33869 9.55056 1.97733 14.1649 0.82132 9.04431 0.150758 9.97828
374 3.735 3.23236e-05 10 0.00368477 17.9993 1.16641 9.62811 2.05998 14.4382 0.801058 9.09757 0.127144 9.9867
375 3.745 1.36115e-05 10 0.0022185 17.9996 1.00442 9.69525 2.1115 14.72 0.785188 9.15005 0.110011 9.99403
376 3.755 1.24886e-05 10 0.00129976 17.9998 0.854345 9.75266 2.13122 15.0058 0.773495 9.20203 0.0992054 10.0007
377 3.765 6.84971e-06 10 0.000762783 17.9999 0.718637 9.80121 2.11542 15.2911 0.764029 9.25365 0.0932995 10.0069
378 3.775 9.00764e-06 10 0.000432777 17.9999 0.597709 9.8418 2.06602 15.5712 0.756205 9.30501 0.0919867 10.0132
379 3.785 1.96433e-05 10 0.000224587 18 0.491446 9.87535 1.9842 15.8416 0.748477 9.35611 0.0945547 10.0196
380 3.795 4.06796e-05 10 0.000123867 18 0.399582 9.90278 1.87514 16.0985 0.740231 9.40692 0.101154 10.0265
381 3.805 0.000101506 10 6.7765e-05 18 0.321015 9.92493 1.74557 16.3389 0.730388 9.45731 0.110249 10.0341
382 3.815 0.000174473 10 3.39867e-05 18 0.254725 9.9426 1.60193 16.5607 0.718138 9.50713 0.122649 10.0426
383 3.825 0.000344986 10 1.73388e-05 18 0.199992 9.95654 1.45035 16.7626 0.703216 9.55616 0.13708 10.0521
384 3.835 0.00067116 10.0001 8.16446e-06 18 0.155325 9.96743 1.29825 16.9442 0.684565 9.60414 0.153142 10.0628
385 3.845 0.00112463 10.0002 4.04716e-06 18 0.119218 9.97583 1.1508 17.1061 0.663725 9.65091 0.171621 10.0748
386 3.855 0.00193052 10.0003 9.37607e-07 18 0.0904516 9.98224 1.01212 17.2492 0.640197 9.69625 0.191293 10.0883
387 3.865 0.00312852 10.0005 1.56375e-06 18 0.0680034 9.98708 0.882638 17.3746 0.615722 9.74008 0.212215 10.1034
388 3.875 0.00527095 10.0009 3.79369e-06 18 0.0506134 9.9907 0.763698 17.4837 0.591291 9.7824 0.233861 10.12
389 3.885 0.0083663 10.0015 6.92387e-06 18 0.0371587 9.99337 0.656674 17.578 0.567882 9.82325 0.256358 10.1384
390 3.895 0.0129159 10.0024 1.40198e-05 18 0.0269977 9.99533 0.560528 17.6589 0.546884 9.86279 0.280043 10.1586
391 3.905 0.0197177 10.0039 3.02612e-05 18 0.0193518 9.99673 0.474752 17.7277 0.530332 9.90133 0.303877 10.1806
392 3.915 0.0302398 10.0061 6.2219e-05 18 0.0138311 9.99774 0.399538 17.786 0.519502 9.93928 0.327683 10.2044
393 3.925 0.0445758 10.0093 0.000129019 18 0.00968535 9.99845 0.335085 17.8351 0.515275 9.97711 0.352083 10.2302
394 3.935 0.0649413 10.0141 0.000248602 18.0001 0.00675496 9.99895 0.280065 17.8764 0.517995 10.0153 0.376272 10.2578
395 3.945 0.0926029 10.0209 0.000462166 18.0001 0.00462467 9.9993 0.236087 17.9113 0.528505 10.0545 0.400882 10.2874
396 3.955 0.128915 10.0305 0.000843475 18.0003 0.00313748 9.99953 0.204103 17.9417 0.546098 10.0952 0.425182 10.319
397 3.965 0.175215 10.0436 0.00149754 18.0005 0.00211514 9.99969 0.183756 17.9692 0.569543 10.1379 0.449403 10.3526
398 3.975 0.233377 10.0611 0.00265865 18.0009 0.00143482 9.9998 0.17604 17.9956 0.598149 10.183 0.47362 10.3881
399 3.985 0.305147 10.0841 0.00457043 18.0016 0.000941793 9.99987 0.181919 18.0231 0.629922 10.2306 0.497482 10.4256
400 3.995 0.388807 10.1136 0.00757334 18.0027 0.000618526 9.99991 0.202494 18.0539 0.664409 10.2812 0.520674 10.465
401 4.005 0.488312 10.1507 0.0123398 18.0046 0.000402561 9.99994 0.237071 18.09 0.698902 10.3346 0.543237 10.5064
402 4.015 0.599724 10.1966 0.0195844 18.0076 0.000265208 9.99997 0.285894 18.1339 0.731674 10.3908 0.564032 10.5496
403 4.025 0.718706 10.2519 0.0304538 18.0123 0.000170599 9.99998 0.346684 18.1873 0.761487 10.4496 0.584772 10.5945
404 4.035 0.844115 10.3172 0.0463347 18.0195 0.000107632 9.99999 0.417714 18.252 0.788067 10.5108 0.603367 10.6412
405 4.045 0.973163 10.3927 0.0689865 18.0303 6.83279e-05 9.99999 0.495132 18.3291 0.810175 10.5739 0.619687 10.6893
406 4.055 1.0974 10.4784 0.100103 18.046 3.94788e-05 10 0.573911 18.4188 0.828464 10.6389 0.634716 10.7388
407 4.065 1.20846 10.5732 0.141992 18.0683 2.21225e-05 10 0.650191 18.521 0.842878 10.7052 0.646936 10.7896
408 4.075 1.3046 10.676 0.196776 18.0995 1.71769e-05 10 0.717228 18.6343 0.85391 10.7728 0.656074 10.8413
409 4.085 1.37982 10.7853 0.267134 18.142 8.89027e-06 10 0.771252 18.7568 0.863556 10.8415 0.662481 10.8938
410 4.095 1.42662 10.8989 0.354006 18.1986 5.71872e-06 10 0.807624 18.8856 0.871727 10.9112 0.666157 10.9468
411 4.105 1.44436 11.0145 0.459449 18.2724 2.432e-06 10 0.82231 19.0174 0.879798 10.9818 0.665938 11.0001
412 4.115 1.43321 11.1297 0.58374 18.3666 1.50052e-06 10 0.815692 19.1488 0.889476 11.0536 0.662791 11.0534
413 4.125 1.39519 11.2424 0.727521 18.4846 1.1079e-06 10 0.786702 19.2762 0.900097 11.1266 0.656034 11.1064
414 4.135 1.3244 11.3499 0.889349 18.6295 8.14926e-07 10 0.738463 19.3963 0.912603 11.2009 0.646142 11.1588
415 4.145 1.23456 11.4506 1.06442 18.8038 9.54117e-07 10 0.674014 19.5065 0.92621 11.2768 0.633229 11.2105
416 4.155 1.12826 11.543 1.25292 19.01 1.28186e-06 10 0.599134 19.6049 0.941275 11.3542 0.617634 11.2611
417 4.165 1.00799 11.626 1.44963 19.2497 3.35466e-06 10 0.517575 19.6903 0.956678 11.4333 0.599597 11.3105
418 4.175 0.880203 11.6989 1.64971 19.5238 5.1725e-06 10 0.435713 19.7625 0.972147 11.5141 0.579851 11.3584
419 4.185 0.754468 11.7616 1.84841 19.8323 1.05764e-05 10 0.356664 19.8219 0.985866 11.5964 0.558051 11.4048
420 4.195 0.632743 11.8145 2.04303 20.175 1.76987e-05 10 0.283947 19.8695 0.996493 11.68 0.53489 11.4495
421 4.205 0.520727 11.8582 2.23126 20.5511 2.32698e-05 10 0.220605 19.9066 1.00393 11.7646 0.511446 11.4925
422 4.215 0.418355 11.8935 2.40849 20.959 4.00447e-05 10 0.167226 19.9349 1.00649 11.8498 0.485661 11.5334
423 4.225 0.329053 11.9213 2.57594 21.3972 6.46043e-05 10 0.124249 19.956 1.00395 11.9352 0.460871 11.5725
424 4.235 0.2541 11.943 2.73052 21.864 0.000110868 10 0.0913485 19.9715 0.995819 12.0203 0.435643 11.6096
425 4.245 0.192039 11.9594 2.87293 22.3575 0.000179346 10 0.0678954 19.9832 0.982194 12.1047 0.410356 11.6447
426 4.255 0.142201 11.9716 3.00282 22.8757 0.000280319 10.0001 0.0531176 19.9923 0.962327 12.1877 0.386373 11.6779
427 4.265 0.103249 11.9805 3.11892 23.4165 0.000459062 10.0001 0.0468237 20.0004 0.937536 12.269 0.361847 11.7091
428 4.275 0.0732876 11.9869 3.21834 23.9771 0.000725784 10.0002 0.0487216 20.0089 0.908731 12.3481 0.338752 11.7385
429 4.285 0.0509165 11.9913 3.30009 24.5546 0.00113099 10.0003 0.0595387 20.0193 0.876636 12.4248 0.31601 11.7661
430 4.295 0.0346241 11.9944 3.36194 25.1458 0.00174466 10.0004 0.0805156 20.0334 0.843026 12.4989 0.29433 11.7918
431 4.305 0.0233357 11.9964 3.40017 25.7464 0.00265137 10.0007 0.112623 20.0533 0.809622 12.5705 0.274693 11.816
432 4.315 0.0152713 11.9978 3.41402 26.3523 0.00398323 10.001 0.157668 20.0812 0.777625 12.6395 0.256392 11.8387
433 4.325 0.00989674 11.9987 3.39898 26.9583 0.00583037 10.0015 0.218106 20.12 0.749876 12.7063 0.2395 11.8599
434 4.335 0.0063552 11.9992 3.35342 27.559 0.00852341 10.0023 0.294765 20.1727 0.727368 12.7714 0.224328 11.8799
435 4.345 0.00425184 11.9996 3.27949 28.1492 0.0123074 10.0034 0.388461 20.2425 0.712057 12.8355 0.211393 11.8989
436 4.355 0.00314614 11.9999 3.17846 28.7237 0.0175658 10.005 0.49826 20.3324 0.705709 12.8993 0.20047 11.9169
437 4.365 0.00284774 12.0001 3.0559 29.2787 0.0247279 10.0072 0.622288 20.4452 0.709491 12.9637 0.192723 11.9344
438 4.375 0.00330092 12.0004 2.91552 29.8106 0.0344063 10.0104 0.756407 20.5829 0.72418 13.0298 0.188733 11.9515
439 4.385 0.00474429 12.0009 2.76563 30.3175 0.0471257 10.0147 0.895312 20.7467 0.750074 13.0985 0.187727 11.9687
440 4.395 0.00736321 12.0015 2.61174 30.7984 0.0638029 10.0206 1.03119 20.9362 0.787258 13.171 0.190799 11.9862
441 4.405 0.0116712 12.0026 2.4611 31.2536 0.0852358 10.0284 1.15668 21.1497 0.834706 13.2482 0.197918 12.0044
442 4.415 0.0180067 12.0043 2.31719 31.6841 0.112661 10.0389 1.2632 21.3839 0.891454 13.331 0.209167 12.0237
443 4.425 0.0272212 12.0068 2.18316 32.0915 0.146923 10.0526 1.3429 21.6341 0.955995 13.4202 0.225359 12.0447
444 4.435 0.0409407 12.0106 2.06038 32.4778 0.189257 10.0704 1.39189 21.8945 1.0264 13.5164 0.245993 12.0677
445 4.445 0.0595942 12.0162 1.94647 32.8444 0.240645 10.093 1.40849 22.1592 1.09959 13.62 0.270971 12.0931
446 4.455 0.0848968 12.0242 1.8394 33.1924 0.301963 10.1216 1.39026 22.4217 1.17422 13.731 0.300323 12.1214
447 4.465 0.118528 12.0354 1.73623 33.5223 0.37502 10.1572 1.3417 22.6762 1.24753 13.8496 0.333843 12.153
448 4.475 0.16235 12.0509 1.6335 33.8341 0.45996 10.2011 1.26932 22.918 1.31731 13.9753 0.370589 12.1882
449 4.485 0.21684 12.0716 1.52696 34.1269 0.557733 10.2546 1.18106 23.144 1.3804 14.1076 0.410393 12.2274
450 4.495 0.283806 12.0988 1.41335 34.3991 0.667709 10.3189 1.08556 23.3527 1.43589 14.2459 0.452361 12.2708
451 4.505 0.362888 12.1338 1.29371 34.6493 0.790974 10.3954 0.99138 23.5441 1.48269 14.3893 0.495413 12.3185
452 4.515 0.452617 12.1776 1.16773 34.8762 0.926127 10.4854 0.908302 23.7202 1.51888 14.5369 0.538609 12.3706
453 4.525 0.552068 12.2312 1.03742 35.0787 1.07118 10.5899 0.840677 23.884 1.54357 14.6875 0.581416 12.4271
454 4.535 0.658019 12.2955 0.90688 35.2565 1.22725 10.7102 0.792649 24.039 1.55573 14.84 0.622368 12.4879
455 4.545 0.766811 12.3707 0.777574 35.4096 1.38996 10.847 0.767442 24.1899 1.55623 14.9932 0.660013 12.5526
456 4.555 0.872989 12.4567 0.654665 35.539 1.55704 11.001 0.764472 24.3407 1.54459 15.1459 0.694249 12.621
457 4.565 0.97157 12.5528 0.539754 35.6462 1.72626 11.1724 0.783647 24.4961 1.52092 15.297 0.723797 12.6926
458 4.575 1.05643 12.6577 0.436328 35.7333 1.89358 11.3613 0.821907 24.6597 1.48597 15.4452 0.748134 12.7669
459 4.585 1.12392 12.7699 0.345386 35.8025 2.057 11.5674 0.87805 24.8353 1.44105 15.5896 0.766987 12.8435
460 4.595 1.16861 12.887 0.267989 35.8564 2.2104 11.7898 0.950466 25.0263 1.38616 15.7291 0.779374 12.9216
461 4.605 1.19006 13.0068 0.203647 35.8976 2.35259 12.0276 1.03896 25.2358 1.32276 15.8627 0.786022 13.0007
462 4.615 1.18271 13.1264 0.151337 35.9283 2.47954 12.2793 1.14277 25.4674 1.25227 15.9899 0.78657 13.0803
463 4.625 1.14917 13.2431 0.110127 35.9508 2.58773 12.5431 1.26401 25.7246 1.17585 16.1097 0.781441 13.1596
464 4.635 1.09097 13.3544 0.078502 35.9668 2.6754 12.817 1.40545 26.0118 1.09482 16.2218 0.771075 13.2383
465 4.645 1.01486 13.4583 0.0547576 35.9781 2.74043 13.0988 1.56754 26.3336 1.01104 16.3258 0.756518 13.3157
466 4.655 0.92177 13.5532 0.0371877 35.9858 2.78116 13.386 1.75084 26.6945 0.926842 16.4215 0.7383 13.3917
467 4.665 0.818608 13.6377 0.024954 35.991 2.79704 13.6761 1.95428 27.0991 0.842969 16.5089 0.717314 13.4658
468 4.675 0.710251 13.7114 0.0163452 35.9944 2.78775 13.9665 2.17319 27.5509 0.762001 16.5883 0.694978 13.5379
469 4.685 0.603368 13.7743 0.0105132 35.9966 2.75502 14.2547 2.40315 28.0527 0.685582 16.66 0.672225 13.6079
470 4.695 0.500797 13.8267 0.0065676 35.9979 2.69987 14.5383 2.63559 28.6054 0.615214 16.7246 0.650537 13.676
471 4.705 0.406973 13.8695 0.00402353 35.9988 2.62565 14.8153 2.86198 29.2081 0.552948 16.783 0.630982 13.7423
472 4.715 0.324021 13.9037 0.00241267 35.9993 2.53343 15.0837 3.07116 29.8576 0.500218 16.836 0.614103 13.8071
473 4.725 0.253726 13.9305 0.00142747 35.9996 2.42612 15.3419 3.2536 30.5486 0.458094 16.8847 0.600484 13.8708
474 4.735 0.19585 13.9514 0.000816392 35.9998 2.30695 15.5884 3.40113 31.274 0.427629 16.9304 0.591699 13.9338
475 4.745 0.150253 13.9675 0.000456978 35.9999 2.1792 15.8222 3.50806 32.0254 0.409458 16.9743 0.587423 13.9965
476 4.755 0.117133 13.98 0.000250694 35.9999 2.04453 16.0425 3.57053 32.7934 0.404066 17.0179 0.588285 14.0597
477 4.765 0.0960425 13.9904 0.000137663 36 1.90624 16.2488 3.58877 33.5686 0.411421 17.0624 0.594427 14.1238
478 4.775 0.0868944 13.9998 7.23811e-05 36 1.76669 16.4408 3.56134 34.341 0.430856 17.1092 0.606838 14.1894
479 4.785 0.0902317 14.0096 3.54399e-05 36 1.62836 16.6184 3.49729 35.1028 0.46185 17.1596 0.623564 14.2572
480 4.795 0.106093 14.0212 1.91612e-05 36 1.49235 16.782 3.40257 35.847 0.50359 17.2148 0.646186 14.3278
481 4.805 0.135556 14.036 1.05081e-05 36 1.361 16.9317 3.28407 36.5683 0.553983 17.2758 0.673082 14.4015
482 4.815 0.180896 14.0559 1.0164e-05 36 1.23385 17.0681 3.15125 37.2633 0.611599 17.3433 0.704824 14.4791
483 4.825 0.243527 14.0829 1.3537e-05 36 1.11294 17.1915 3.01372 37.9308 0.67394 17.4181 0.740634 14.561
484 4.835 0.325813 14.119 3.05384e-05 36 0.99862 17.3028 2.88016 38.5713 0.739199 17.5005 0.779322 14.6474
485 4.845 0.429577 14.1669 6.16279e-05 36 0.891471 17.4025 2.75469 39.1864 0.80494 17.5905 0.821155 14.7389
486 4.855 0.554324 14.2289 0.000118802 36.0001 0.791482 17.4914 2.6464 39.7798 0.868095 17.688 0.86447 14.8357
487 4.865 0.699208 14.3075 0.000227953 36.0001 0.698571 17.5702 2.55964 40.3562 0.926928 17.7926 0.90997 14.9379
488 4.875 0.863352 14.4049 0.00043119 36.0002 0.613251 17.6397 2.49762 40.9208 0.978935 17.9035 0.955577 15.0457
489 4.885 1.04329 14.5231 0.000809667 36.0004 0.535135 17.7006 2.46078 41.4795 1.02206 18.0197 1.00241 15.1593
490 4.895 1.22969 14.6629 0.00147359 36.0007 0.465034 17.7537 2.44792 42.0375 1.05547 18.1402 1.04845 15.2785
491 4.905 1.41793 14.8249 0.00260161 36.0013 0.402593 17.7998 2.45417 42.5992 1.07727 18.2638 1.09499 15.4036
492 4.915 1.5986 15.0082 0.00455679 36.0024 0.347796 17.8399 2.47349 43.1676 1.08844 18.3891 1.14202 15.5346
493 4.925 1.76019 15.2109 0.00770339 36.0041 0.301591 17.8747 2.49664 43.7437 1.08874 18.5149 1.18966 15.6716
494 4.935 1.89746 15.4303 0.0126669 36.0071 0.262933 17.9052 2.51342 44.326 1.07818 18.6401 1.23547 15.8144
495 4.945 1.99681 15.6621 0.020403 36.0118 0.233107 17.9324 2.51292 44.9105 1.05856 18.7634 1.28147 15.9632
496 4.955 2.05601 15.9017 0.0320162 36.0193 0.211569 17.9572 2.48646 45.4913 1.03106 18.8841 1.32804 16.1179
497 4.965 2.07166 16.1441 0.0493205 36.0309 0.199038 17.9806 2.42466 46.0599 0.997169 19.0012 1.37433 16.2788
498 4.975 2.04207 16.3841 0.0734971 36.0483 0.195958 18.0037 2.32745 46.6079 0.959828 19.1145 1.42183 16.4458
499 4.985 1.97425 16.617 0.10734 36.0737 0.202353 18.0276 2.19109 47.1259 0.919036 19.2233 1.47112 16.6194
500 4.995 1.87297 16.8388 0.153148 36.1101 0.218659 18.0536 2.0234 47.6061 0.878302 19.3277 1.52147 16.7996
