# Time-averaged data for fix rdf_p
# TimeStep Number-of-rows
# Row c_rdf_p[1] c_rdf_p[2] c_rdf_p[3] c_rdf_p[4] c_rdf_p[5] c_rdf_p[6] c_rdf_p[7] c_rdf_p[8] c_rdf_p[9] c_rdf_p[10] c_rdf_p[11] c_rdf_p[12] c_rdf_p[13]
1000000 500
1 0.005 0 0 0 0 0 0 0 0 0 0 0 0
2 0.015 0 0 0 0 0 0 0 0 0 0 0 0
3 0.025 0 0 0 0 0 0 0 0 0 0 0 0
4 0.035 0 0 0 0 0 0 0 0 0 0 0 0
5 0.045 0 0 0 0 0 0 0 0 0 0 0 0
6 0.055 0 0 0 0 0 0 0 0 0 0 0 0
7 0.065 0 0 0 0 0 0 0 0 0 0 0 0
8 0.075 0 0 0 0 0 0 0 0 0 0 0 0
9 0.085 0 0 0 0 0 0 0 0 0 0 0 0
10 0.095 0 0 0 0 0 0 0 0 0 0 0 0
11 0.105 0 0 0 0 0 0 0 0 0 0 0 0
12 0.115 0 0 0 0 0 0 0 0 0 0 0 0
13 0.125 0 0 0 0 0 0 0 0 0 0 0 0
14 0.135 0 0 0 0 0 0 0 0 0 0 0 0
15 0.145 0 0 0 0 0 0 0 0 0 0 0 0
16 0.155 0 0 0 0 0 0 0 0 0 0 0 0
17 0.165 0 0 0 0 0 0 0 0 0 0 0 0
18 0.175 0 0 0 0 0 0 0 0 0 0 0 0
19 0.185 0 0 0 0 0 0 0 0 0 0 0 0
20 0.195 0 0 0 0 0 0 0 0 0 0 0 0
21 0.205 0 0 0 0 0 0 0 0 0 0 0 0
22 0.215 0 0 0 0 0 0 0 0 0 0 0 0
23 0.225 0 0 0 0 0 0 0 0 0 0 0 0
24 0.235 0 0 0 0 0 0 0 0 0 0 0 0
25 0.245 0 0 0 0 0 0 0 0 0 0 0 0
26 0.255 0 0 0 0 0 0 0 0 0 0 0 0
27 0.265 0 0 0 0 0 0 0 0 0 0 0 0
28 0.275 0 0 0 0 0 0 0 0 0 0 0 0
29 0.285 0 0 0 0 0 0 0 0 0 0 0 0
30 0.295 0 0 0 0 0 0 0 0 0 0 0 0
31 0.305 0 0 0 0 0 0 0 0 0 0 0 0
32 0.315 0 0 0 0 0 0 0 0 0 0 0 0
33 0.325 0 0 0 0 0 0 0 0 0 0 0 0
34 0.335 0 0 0 0 0 0 0 0 0 0 0 0
35 0.345 0 0 0 0 0 0 0 0 0 0 0 0
36 0.355 0 0 0 0 0 0 0 0 0 0 0 0
37 0.365 0 0 0 0 0 0 0 0 0 0 0 0
38 0.375 0 0 0 0 0 0 0 0 0 0 0 0
39 0.385 0 0 0 0 0 0 0 0 0 0 0 0
40 0.395 0 0 0 0 0 0 0 0 0 0 0 0
41 0.405 0 0 0 0 0 0 0 0 0 0 0 0
42 0.415 0 0 0 0 0 0 0 0 0 0 0 0
43 0.425 0 0 0 0 0 0 0 0 0 0 0 0
44 0.435 0 0 0 0 0 0 0 0 0 0 0 0
45 0.445 0 0 0 0 0 0 0 0 0 0 0 0
46 0.455 0 0 0 0 0 0 0 0 0 0 0 0
47 0.465 0 0 0 0 0 0 0 0 0 0 0 0
48 0.475 0 0 0 0 0 0 0 0 0 0 0 0
49 0.485 0 0 0 0 0 0 0 0 0 0 0 0
50 0.495 0 0 0 0 0 0 0 0 0 0 0 0
51 0.505 0 0 0 0 0 0 0 0 0 0 0 0
52 0.515 0 0 0 0 0 0 0 0 0 0 0 0
53 0.525 0 0 0 0 0 0 0 0 0 0 0 0
54 0.535 0 0 0 0 0 0 0 0 0 0 0 0
55 0.545 0 0 0 0 0 0 0 0 0 0 0 0
56 0.555 0 0 0 0 0 0 0 0 0 0 0 0
57 0.565 0 0 0 0 0 0 0 0 0 0 0 0
58 0.575 0 0 0 0 0 0 0 0 0 0 0 0
59 0.585 0 0 0 0 0 0 0 0 0 0 0 0
60 0.595 0 0 0 0 0 0 0 0 0 0 0 0
61 0.605 0 0 0 0 0 0 0 0 0 0 0 0
62 0.615 0 0 0 0 0 0 0 0 0 0 0 0
63 0.625 0 0 0 0 0 0 0 0 0 0 0 0
64 0.635 0 0 0 0 0 0 0 0 0 0 0 0
65 0.645 0 0 0 0 0 0 0 0 0 0 0 0
66 0.655 0 0 0 0 0 0 0 0 0 0 0 0
67 0.665 0 0 0 0 0 0 0 0 0 0 0 0
68 0.675 0 0 0 0 0 0 0 0 0 0 0 0
69 0.685 0 0 0 0 0 0 0 0 0 0 0 0
70 0.695 0 0 0 0 0 0 0 0 0 0 0 0
71 0.705 0 0 0 0 0 0 0 0 0 0 0 0
72 0.715 0 0 0 0 0 0 0 0 0 0 0 0
73 0.725 0 0 0 0 0 0 0 0 0 0 0 0
74 0.735 0 0 0 0 0 0 0 0 0 0 0 0
75 0.745 0 0 0 0 0 0 0 0 0 0 0 0
76 0.755 0 0 0 0 0 0 0 0 0 0 0 0
77 0.765 0 0 0 0 0 0 0 0 0 0 0 0
78 0.775 0 0 0 0 0 0 0 0 0 0 0 0
79 0.785 0 0 0 0 0 0 0 0 0 0 0 0
80 0.795 0 0 0 0 0 0 0 0 0 0 0 0
81 0.805 0 0 0 0 0 0 0 0 0 0 0 0
82 0.815 0 0 0 0 0 0 0 0 0 0 0 0
83 0.825 0 0 0 0 0 0 0 0 0 0 0 0
84 0.835 0 0 0 0 0 0 0 0 0 0 0 0
85 0.845 0 0 0 0 0 0 0 0 0 0 0 0
86 0.855 0 0 0 0 0 0 0 0 0 0 0 0
87 0.865 0 0 0 0 0 0 0 0 0 0 0 0
88 0.875 0 0 0 0 0 0 0 0 0 0 0 0
89 0.885 0 0 0 0 0 0 0 0 0 0 0 0
90 0.895 0 0 0 0 0 0 0 0 1.56572e-06 5.85938e-09 0 0
91 0.905 0 0 0 0 0 0 0 0 3.36889e-05 1.34766e-07 0 0
92 0.915 0 0 0 0 0 0 0 0 0.000244677 1.0918e-06 0 0
93 0.925 0 0 0 0 0 0 0 0 0.00133438 6.42578e-06 0 0
94 0.935 0 0 0 0 0 0 0 0 0.00598669 3.0877e-05 0 0
95 0.945 0 0 0 0 0 0 0 0 0.0220148 0.000122725 0 0
96 0.955 0 0 0 0 0 0 0 0 0.0676425 0.000410939 0 0
97 0.965 0 0 0 0 0 0 0 0 0.178499 0.00118751 0 0
98 0.975 0 0 0 0 0 0 0 0 0.404109 0.00298223 0 0
99 0.985 0 0 0 0 0 0 0 0 0.802144 0.00661815 0 0
100 0.995 0 0 0 0 0 0 0 0 1.4103 0.0131412 0 0
101 1.005 0 0 0 0 0 0 0 0 2.22186 0.0236254 0 0
102 1.015 0 0 0 0 0 0 0 0 3.18282 0.0389445 0 0
103 1.025 0 0 0 0 0 0 0 0 4.17194 0.0594219 0 0
104 1.035 0 0 0 0 0 0 0 0 5.07888 0.0848397 0 0
105 1.045 0 0 0 0 0 0 0 0 5.77747 0.114315 0 0
106 1.055 0 0 0 0 0 0 0 0 6.2117 0.146615 0 0
107 1.065 0 0 0 0 0 0 0 0 6.36255 0.18033 0 0
108 1.075 0 0 0 0 0 0 0 0 6.2665 0.214162 0 0
109 1.085 0 0 0 0 0 0 0 0 5.98384 0.247072 0 0
110 1.095 0 0 0 0 0 0 0 0 5.58238 0.278343 0 0
111 1.105 0 0 0 0 0 0 0 0 5.12476 0.307577 0 0
112 1.115 0 0 0 0 0 0 0 0 4.65381 0.334607 0 0
113 1.125 0 0 0 0 0 0 0 0 4.20184 0.359451 0 0
114 1.135 0 0 0 0 0 0 0 0 3.79422 0.382287 0 0
115 1.145 0 0 0 0 0 0 0 0 3.43944 0.403353 0 0
116 1.155 0 0 0 0 0 0 0 0 3.13895 0.422916 0 0
117 1.165 0 0 0 0 0 0 0 0 2.89099 0.441247 0 0
118 1.175 0 0 0 0 0 0 0 0 2.6895 0.458594 0 0
119 1.185 0 0 0 0 0 0 0 0 2.52279 0.475145 0 0
120 1.195 0 0 0 0 0 0 0 0 2.39723 0.491138 0 0
121 1.205 0 0 0 0 0 0 0 0 2.30051 0.506744 0 0
122 1.215 0 0 0 0 0 0 0 0 2.23145 0.522133 0 0
123 1.225 0 0 0 0 0 0 0 0 2.18407 0.537445 0 0
124 1.235 0 0 0 0 0 0 0 0 2.15748 0.552818 0 0
125 1.245 0 0 0 0 0 0 0 0 2.14935 0.568383 0 0
126 1.255 0 0 0 0 0 0 0 0 2.15566 0.584245 0 0
127 1.265 0 0 0 0 0 0 0 0 2.17208 0.600483 0 0
128 1.275 0 0 0 0 0 0 0 0 2.2028 0.617213 0 0
129 1.285 0 0 0 0 0 0 0 0 2.2389 0.634484 0 0
130 1.295 0 0 0 0 0 0 0 0 2.28014 0.652349 0 0
131 1.305 0 0 0 0 0 0 0 0 2.32285 0.67083 0 0
132 1.315 0 0 0 0 0 0 0 0 2.36223 0.689913 0 0
133 1.325 0 0 0 0 0 0 0 0 2.39491 0.709557 0 0
134 1.335 0 0 0 0 0 0 0 0 2.41433 0.729659 0 0
135 1.345 0 0 0 0 0 0 0 0 2.41944 0.750107 0 0
136 1.355 0 0 0 0 0 0 0 0 2.40696 0.770753 0 0
137 1.365 0 0 0 0 0 0 0 0 2.37317 0.79141 0 0
138 1.375 0 0 0 0 0 0 0 0 2.32005 0.811903 0 0
139 1.385 0 0 0 0 0 0 0 0 2.24072 0.831983 0 0
140 1.395 0 0 0 0 0 0 0 0 2.14071 0.851445 0 0
141 1.405 0 0 0 0 0 0 0 0 2.01746 0.870051 0 0
142 1.415 0 0 0 0 0 0 0 0 1.87477 0.887588 0 0
143 1.425 0 0 0 0 0 0 0 0 1.7163 0.90387 0 0
144 1.435 0 0 0 0 0 0 0 0 1.54719 0.918754 0 0
145 1.445 0 0 0 0 0 0 0 0 1.37538 0.932171 0 0
146 1.455 0 0 0 0 0 0 0 0 1.20306 0.94407 0 0
147 1.465 0 0 0 0 0 0 0 0 1.03632 0.954461 0 0
148 1.475 0 0 0 0 0 0 0 0 0.880386 0.963409 0 0
149 1.485 0 0 0 0 0 0 0 0 0.734124 0.970972 0 0
150 1.495 0 0 0 0 0 0 0 0 0.603929 0.977278 0 0
151 1.505 0 0 0 0 0 0 0 0 0.489513 0.982458 0 0
152 1.515 0 0 0 0 0 0 0 0 0.389542 0.986635 0 0
153 1.525 0 0 0 0 0 0 0 0 0.304549 0.989944 0 0
154 1.535 0 0 0 0 0 0 0 0 0.235417 0.992536 0 0
155 1.545 0 0 0 0 0 0 0 0 0.179524 0.994538 0 0
156 1.555 0 0 0 0 0 0 0 0 0.134511 0.996057 0 0
157 1.565 0 0 0 0 0 0 0 0 0.0989505 0.997189 0 0
158 1.575 0 0 0 0 0 0 0 0 0.072408 0.998029 0 0
159 1.585 0 0 0 0 0 0 0 0 0.0516274 0.998635 0 0
160 1.595 0 0 0 0 0 0 0 0 0.0366765 0.99907 0 0
161 1.605 0 0 0 0 0 0 0 0 0.025463 0.999377 0 0
162 1.615 0 0 0 0 0 0 0 0 0.0172829 0.999587 0 0
163 1.625 0 0 0 0 0 0 0 0 0.0115901 0.99973 0 0
164 1.635 0 0 0 0 0 0 0 0 0.00768153 0.999826 0 0
165 1.645 0 0 0 0 0 0 0 0 0.00498119 0.999889 0 0
166 1.655 0 0 2.74738e-06 7.03125e-08 0 0 0 0 0.00318864 0.99993 0 0
167 1.665 0 0 2.38271e-05 6.875e-07 0 0 0 0 0.00202591 0.999956 0 0
168 1.675 0 0 0.000127999 4.04297e-06 0 0 0 0 0.00129429 0.999973 0 0
169 1.685 0 0 0.000480316 1.67852e-05 0 0 0 0 0.000804846 0.999984 0 0
170 1.695 0 0 0.00156151 5.87031e-05 0 0 0 0 0.000477139 0.99999 0 0
171 1.705 0 0 0.0047478 0.000187664 0 0 0 0 0.000282446 0.999994 0 0
172 1.715 0 0 0.0128746 0.00054148 0 0 0 0 0.00016943 0.999997 0 0
173 1.725 0 0 0.0325467 0.00144638 0 0 0 0 0.000100595 0.999998 0 0
174 1.735 0 0 0.0751187 0.00355921 0 0 0 0 6.29133e-05 0.999999 0 0
175 1.745 0 0 0.161338 0.00814955 0 0 0 0 3.69321e-05 0.999999 0 0
176 1.755 0 0 0.317468 0.0172859 0 0 0 0 1.56094e-05 1 0 0
177 1.765 0 0 0.584695 0.0343049 0 0 0 0 1.19438e-05 1 0 0
178 1.775 0 0 1.00748 0.0639634 0 0 0 0 4.90962e-06 1 0 0
179 1.785 0 0 1.62302 0.112282 0 0 0 0 2.49299e-06 1 0 0
180 1.795 0 0 2.46831 0.186592 0 0 0 0 1.55702e-06 1 0 0
181 1.805 0 0 3.54348 0.294462 0 0 0 0 8.98228e-07 1 0 0
182 1.815 0 0 4.82165 0.442873 0 0 0 0 6.34541e-07 1 0 0
183 1.825 0 0 6.25087 0.637401 0 0 0 0 3.76564e-07 1 0 0
184 1.835 0 0 7.72963 0.880592 0 0 0 0 6.20785e-07 1 0 0
185 1.845 0 0 9.15433 1.17176 0 0 0 0 1.22815e-07 1 0 0
186 1.855 0 0 10.4209 1.50681 0 0 0 0 0 1 0 0
187 1.865 0 0 11.425 1.87811 0 0 0 0 0 1 0 0
188 1.875 0 0 12.0935 2.27537 0 0 0 0 0 1 0 0
189 1.885 0 0 12.3895 2.6867 0 0 0 0 0 1 0 0
190 1.895 0 0 12.3046 3.09956 0 0 0 0 0 1 0 0
191 1.905 0 0 11.8703 3.50206 0 0 0 0 2.304e-07 1 0 0
192 1.915 0 0 11.1441 3.88392 0 0 0 0 4.56001e-07 1 0 0
193 1.925 0 0 10.1885 4.23669 2.25638e-07 3.90625e-09 0 0 1.57946e-06 1 0 0
194 1.935 0 0 9.08591 4.55455 6.69935e-07 1.5625e-08 0 0 8.93246e-07 1 0 0
195 1.945 0 0 7.91521 4.83434 2.43123e-06 5.85938e-08 0 0 1.65766e-06 1 0 0
196 1.955 0 0 6.74354 5.07516 6.78174e-06 1.79688e-07 0 0 3.28149e-06 1 0 0
197 1.965 0 0 5.6199 5.27791 2.01387e-05 5.42969e-07 0 0 6.60462e-06 1 0 0
198 1.975 0 0 4.58743 5.44511 5.05884e-05 1.46484e-06 0 0 9.21738e-06 1 0 0
199 1.985 0 0 3.6694 5.5802 0.000106526 3.42578e-06 0 0 1.60214e-05 1 0 0
200 1.995 0 0 2.87925 5.68727 0.000197476 7.09766e-06 0 0 2.48946e-05 1 0 0
201 2.005 0 0 2.21656 5.77053 0.00036128 1.38828e-05 0 0 4.711e-05 1 0 0
202 2.015 0 0 1.67723 5.83416 0.000687812 2.69297e-05 0 0 7.70185e-05 1 0 0
203 2.025 0 0 1.24452 5.88184 0.0012801 5.14531e-05 0 0 0.000134984 1.00001 0 0
204 2.035 0 0 0.908683 5.917 0.00223063 9.46094e-05 0 0 0.000241578 1.00001 0 0
205 2.045 0 0 0.654132 5.94257 0.00401967 0.000173145 0 0 0.000389571 1.00002 0 0
206 2.055 0 0 0.462598 5.96082 0.00688204 0.000308922 0 0 0.000628628 1.00003 0 0
207 2.065 0 0 0.322057 5.97365 0.0116356 0.000540723 0 0 0.000992655 1.00005 0 0
208 2.075 0 0 0.219777 5.98249 0.018894 0.000920777 0 0 0.00162988 1.00008 0 0
209 2.085 0 0 0.14834 5.98852 0.0303332 0.00153683 0 0 0.00261577 1.00014 0 0
210 2.095 0 0 0.0987649 5.99257 0.0471956 0.00250456 0 0 0.00414757 1.00022 0 0
211 2.105 0 0 0.0646068 5.99524 0.0720805 0.0039967 0 0 0.00636434 1.00035 0 0
212 2.115 0 0 0.0420039 5.997 0.107597 0.00624529 0 0 0.00970379 1.00056 0 0
213 2.125 0 0 0.0266299 5.99812 0.156035 0.00953704 0 0 0.0145533 1.00086 0 0
214 2.135 0 0 0.0167987 5.99884 0.222777 0.0142811 0 0 0.0216802 1.00132 0 0
215 2.145 0 0 0.0106026 5.99929 0.311243 0.0209713 0 0 0.0317601 1.00201 0 0
216 2.155 0 0 0.00643928 5.99957 0.423462 0.0301588 0 0 0.0458635 1.003 0 0
217 2.165 0 0 0.00389815 5.99974 0.565256 0.0425367 0 0 0.0653264 1.00443 0 0
218 2.175 0 0 0.00238 5.99985 0.740159 0.0588947 0 0 0.0918573 1.00646 0 0
219 2.185 0 0 0.00141622 5.99991 0.946919 0.0800151 0 0 0.126863 1.00929 0 0
220 2.195 0 0 0.000866148 5.99995 1.18851 0.106767 0 0 0.172639 1.01318 0 0
221 2.205 0 0 0.000479198 5.99997 1.46377 0.140016 6.03078e-07 2.73438e-08 0.232172 1.01845 0 0
222 2.215 0 0 0.000256997 5.99998 1.76547 0.180482 2.90285e-06 1.60156e-07 0.307406 1.0255 0 0
223 2.225 0 0 0.000146853 5.99999 2.09474 0.22893 1.26072e-05 7.42188e-07 0.400963 1.03477 1.35645e-06 3.125e-08
224 2.235 0 0 8.54504e-05 6 2.44183 0.285915 4.01673e-05 2.61328e-06 0.514903 1.04679 3.36084e-07 3.90625e-08
225 2.245 0 0 4.62855e-05 6 2.79958 0.351834 0.000120013 8.25391e-06 0.65147 1.06213 6.66194e-07 5.46875e-08
226 2.255 0 0 2.68843e-05 6 3.16224 0.426958 0.000386589 2.65859e-05 0.811227 1.0814 1.65075e-06 9.375e-08
227 2.265 0 0 1.62981e-05 6 3.51887 0.511296 0.00109452 7.89492e-05 0.996645 1.10529 3.2724e-06 1.71875e-07
228 2.275 0 0 4.68499e-06 6 3.86646 0.604786 0.00282337 0.000215219 1.20461 1.13441 6.4874e-06 3.28125e-07
229 2.285 0 0 2.56225e-06 6 4.19811 0.707189 0.00658214 0.000535703 1.43515 1.16942 1.09323e-05 5.9375e-07
230 2.295 0 0 1.74623e-06 6 4.50685 0.818087 0.0144362 0.00124477 1.68399 1.21086 1.14747e-05 8.75e-07
231 2.305 0 0 6.29494e-07 6 4.79532 0.937114 0.0290865 0.00268589 1.94502 1.25914 2.87543e-05 1.58594e-06
232 2.315 0 0 6.24067e-07 6 5.0589 1.06378 0.0557818 0.0054737 2.21564 1.31461 4.3856e-05 2.67969e-06
233 2.325 0 0 0 6 5.29623 1.19753 0.0994029 0.0104846 2.48468 1.37736 6.3356e-05 4.27344e-06
234 2.335 0 0 0 6 5.51229 1.33794 0.166136 0.0189316 2.74402 1.44725 0.000106846 6.98438e-06
235 2.345 0 0 0 6 5.70513 1.4845 0.260602 0.0322955 2.98664 1.52398 0.000166996 1.12578e-05
236 2.355 0 0 0 6 5.87344 1.63668 0.386358 0.0522775 3.20023 1.6069 0.00023157 1.72344e-05
237 2.365 0 0 0 6 6.017 1.79391 0.539152 0.0803991 3.37931 1.6952 0.000320862 2.55859e-05
238 2.375 0 0 0 6 6.13206 1.9555 0.716246 0.118074 3.51528 1.78784 0.000491386 3.84844e-05
239 2.385 0 0 0 6 6.22 2.1208 0.901568 0.165898 3.60278 1.88358 0.000766181 5.87656e-05
240 2.395 0 0 0 6 6.27609 2.28898 1.08282 0.223819 3.63593 1.98101 0.00107911 8.75703e-05
241 2.405 0 0 0 6 6.30473 2.45935 1.24443 0.290942 3.61405 2.07867 0.00159754 0.00013057
242 2.415 0 0 0 6 6.30114 2.63104 1.37316 0.365625 3.54057 2.17514 0.00228468 0.000192578
243 2.425 0 0 0 6 6.26659 2.8032 1.46366 0.445891 3.41765 2.26904 0.00319084 0.000279898
244 2.435 0 0 0 6 6.20345 2.97504 1.51833 0.529843 3.2471 2.35898 0.00447394 0.000403344
245 2.445 0 0 0 6 6.11899 3.14593 1.53982 0.615684 3.04003 2.44389 0.00638919 0.000581086
246 2.455 0 0 0 6 6.0063 3.31505 1.54389 0.702458 2.80567 2.52289 0.00868987 0.000824813
247 2.465 0 0 0 6 5.87674 3.48187 1.54517 0.790012 2.54848 2.59523 0.0117413 0.00115681
248 2.475 0 0 0 6 5.73209 3.64591 1.55135 0.878631 2.28247 2.66055 0.0158228 0.00160786
249 2.485 0 0 0 6 5.57748 3.80682 1.57488 0.969323 2.01298 2.71862 0.0212926 0.00221974
250 2.495 0 0 0 6 5.41689 3.96436 1.61837 1.06327 1.74971 2.76951 0.0283585 0.00304125
251 2.505 0 0 0 6 5.2536 4.11837 1.68419 1.16182 1.49816 2.81343 0.0370705 0.00412376
252 2.515 9.55498e-06 2.8125e-07 0 6 5.08321 4.26858 1.76266 1.2658 1.26404 2.85078 0.0481603 0.00554135
253 2.525 1.02694e-05 5.85937e-07 0 6 4.90528 4.41469 1.85528 1.3761 1.05201 2.88212 0.0619785 0.00738022
254 2.535 3.44843e-05 1.61719e-06 0 6 4.71993 4.55639 1.95978 1.49355 0.862031 2.908 0.0794727 0.00975684
255 2.545 8.42386e-05 4.15625e-06 0 6 4.52219 4.69323 2.08009 1.61919 0.696917 2.92908 0.101044 0.0128024
256 2.555 0.00018182 9.67969e-06 0 6 4.31302 4.82477 2.22875 1.75486 0.555667 2.94603 0.126471 0.0166445
257 2.565 0.000452926 2.35469e-05 0 6 4.08972 4.95047 2.41761 1.90319 0.435912 2.95943 0.157449 0.0214651
258 2.575 0.000923389 5.20391e-05 0 6 3.85337 5.06984 2.66491 2.06797 0.337708 2.96989 0.194901 0.027479
259 2.585 0.00190713 0.000111344 0 6 3.60133 5.18227 2.98849 2.2542 0.25725 2.97792 0.238544 0.0348968
260 2.595 0.00422171 0.000243641 0 6 3.33743 5.28726 3.39603 2.46746 0.193744 2.98402 0.289304 0.0439628
261 2.605 0.00869365 0.00051818 0 6 3.06261 5.38436 3.89105 2.7137 0.143824 2.98858 0.348094 0.0549553
262 2.615 0.0167974 0.00105271 0 6 2.78216 5.47324 4.45727 2.99793 0.105212 2.99194 0.414473 0.0681448
263 2.625 0.0301446 0.00201933 0 6 2.49911 5.55369 5.07294 3.32391 0.0759369 2.99438 0.489364 0.0838367
264 2.635 0.053923 0.00376163 0 6 2.21946 5.62568 5.70911 3.69356 0.0542854 2.99614 0.572205 0.102325
265 2.645 0.0904487 0.00670632 0 6 1.94554 5.68927 6.32039 4.10591 0.038226 2.99739 0.662767 0.123903
266 2.655 0.147575 0.0115472 0 6 1.68705 5.74483 6.86419 4.55713 0.0268052 2.99827 0.762581 0.148918
267 2.665 0.230606 0.0191689 0 6 1.44377 5.79273 7.31424 5.04156 0.0187578 2.9989 0.867753 0.177597
268 2.675 0.348284 0.0307665 0 6 1.21921 5.83349 7.62689 5.55049 0.0134024 2.99935 0.979736 0.210222
269 2.685 0.503041 0.0476429 0 6 1.0169 5.86774 7.78941 6.07417 0.0099382 2.99968 1.09497 0.246957
270 2.695 0.70642 0.0715191 0 6 0.836321 5.89612 7.79509 6.60213 0.00799743 2.99995 1.21332 0.287966
271 2.705 0.95636 0.104083 0 6 0.67916 5.91934 7.65334 7.12435 0.00731591 3.0002 1.33116 0.333292
272 2.715 1.25172 0.147021 0 6 0.544471 5.93809 7.37216 7.63111 0.00763559 3.00046 1.44911 0.383001
273 2.725 1.58774 0.201886 0 6 0.430153 5.95301 6.98607 8.11487 0.00892382 3.00077 1.56349 0.437028
274 2.735 1.94992 0.269763 0 6 0.335979 5.96475 6.52328 8.56991 0.0113355 3.00117 1.67261 0.495251
275 2.745 2.32478 0.351281 0 6 0.258929 5.97386 6.0106 8.99226 0.0149468 3.0017 1.77003 0.557317
276 2.755 2.68856 0.446243 0 6 0.196814 5.98084 5.47928 9.38008 0.0199978 3.00241 1.8566 0.622893
277 2.765 3.01955 0.553671 0 6 0.147896 5.98612 4.95226 9.73315 0.0265559 3.00335 1.93181 0.691623
278 2.775 3.29405 0.671715 0 6 0.109422 5.99006 4.4437 10.0523 0.0353049 3.00462 1.99089 0.762967
279 2.785 3.49433 0.79784 0 6 0.0799661 5.99296 3.96243 10.3389 0.0467033 3.00632 2.03389 0.836379
280 2.795 3.60616 0.928938 0 6 0.0576882 5.99506 3.51517 10.5949 0.0612398 3.00855 2.05911 0.911235
281 2.805 3.61772 1.0614 0 6 0.0411801 5.99658 3.10333 10.8226 0.0792666 3.01146 2.06572 0.98687
282 2.815 3.53079 1.1916 0 6 0.028994 5.99765 2.7221 11.0238 0.101946 3.01524 2.05254 1.06256
283 2.825 3.35551 1.31622 2.04301e-06 6 0.0202715 5.99841 2.36917 11.2001 0.129472 3.02007 2.02206 1.13766
284 2.835 3.10459 1.43234 3.38105e-06 6 0.0139387 5.99893 2.04084 11.3531 0.162986 3.02619 1.97548 1.21154
285 2.845 2.79923 1.53777 5.57831e-06 6 0.00947167 5.99929 1.73701 11.4842 0.202759 3.03385 1.91008 1.28349
286 2.855 2.45924 1.63105 1.56434e-05 6 0.00643595 5.99953 1.45781 11.595 0.249843 3.04337 1.83194 1.35298
287 2.865 2.10252 1.71136 3.3921e-05 6 0.00428474 5.9997 1.20365 11.6871 0.304878 3.05506 1.74137 1.41949
288 2.875 1.75655 1.77893 7.12149e-05 6.00001 0.00278972 5.99981 0.977967 11.7625 0.36841 3.06928 1.64055 1.4826
289 2.885 1.42743 1.83422 0.000141143 6.00002 0.00182039 5.99988 0.779473 11.823 0.440312 3.08641 1.53186 1.54193
290 2.895 1.12931 1.87826 0.000265623 6.00004 0.00116146 5.99992 0.608455 11.8706 0.52163 3.10683 1.41716 1.5972
291 2.905 0.873106 1.91255 0.000461708 6.00008 0.000732194 5.99995 0.46452 11.9071 0.611848 3.13095 1.30144 1.64831
292 2.915 0.656207 1.9385 0.000848752 6.00015 0.000460022 5.99997 0.347296 11.9346 0.710903 3.15917 1.1819 1.69504
293 2.925 0.483208 1.95774 0.00146759 6.00026 0.000290547 5.99998 0.254312 11.9549 0.817515 3.19185 1.06701 1.73753
294 2.935 0.34595 1.97161 0.00254477 6.00047 0.000180053 5.99999 0.18187 11.9695 0.931362 3.22933 0.955146 1.77582
295 2.945 0.242455 1.98139 0.00429382 6.00082 0.000122243 5.99999 0.12721 11.9798 1.05175 3.27195 0.846937 1.81
296 2.955 0.164607 1.98808 0.00709569 6.00139 6.90389e-05 6 0.0870485 11.9869 1.17589 3.31992 0.746566 1.84034
297 2.965 0.109293 1.99255 0.0115953 6.00235 3.73781e-05 6 0.058042 11.9917 1.30417 3.37348 0.654318 1.8671
298 2.975 0.0706554 1.99546 0.0182152 6.00385 2.22008e-05 6 0.038051 11.9948 1.43265 3.43272 0.570376 1.8906
299 2.985 0.0443372 1.9973 0.0279051 6.00618 1.27622e-05 6 0.0243198 11.9968 1.55996 3.49766 0.49577 1.91115
300 2.995 0.0271923 1.99844 0.0418067 6.00968 9.41459e-06 6 0.0152339 11.9981 1.68351 3.56821 0.431041 1.92915
301 3.005 0.0161932 1.99912 0.0609715 6.01483 5.0001e-06 6 0.00930957 11.9989 1.80129 3.6442 0.377494 1.94501
302 3.015 0.0094512 1.99952 0.0869386 6.02221 3.86321e-06 6 0.00549299 11.9994 1.91145 3.72537 0.334324 1.95915
303 3.025 0.00530342 1.99974 0.121028 6.03256 2.19298e-06 6 0.00325663 11.9996 2.00959 3.81128 0.30298 1.97205
304 3.035 0.00291777 1.99987 0.164756 6.04674 3.63092e-07 6 0.00188713 11.9998 2.09409 3.9014 0.283189 1.98419
305 3.045 0.0015546 1.99993 0.218966 6.06571 4.50889e-07 6 0.00103207 11.9999 2.16205 3.99505 0.27553 1.99608
306 3.055 0.000802621 1.99997 0.285139 6.09057 2.68765e-07 6 0.000565286 11.9999 2.21427 4.0916 0.279533 2.00822
307 3.065 0.000435153 1.99999 0.363543 6.12248 0 6 0.000318948 12 2.2472 4.19022 0.297886 2.02124
308 3.075 0.000259929 2 0.452 6.16242 2.6528e-07 6 0.000163201 12 2.26044 4.29008 0.329142 2.03573
309 3.085 0.00023408 2.00001 0.549732 6.2113 2.63563e-07 6 7.75952e-05 12 2.25287 4.39025 0.373946 2.05229
310 3.095 0.000331592 2.00002 0.65267 6.26972 1.74575e-07 6 3.55518e-05 12 2.22558 4.48984 0.434027 2.07164
311 3.105 0.000654391 2.00005 0.760356 6.33821 4.33631e-07 6 1.88999e-05 12 2.178 4.58794 0.508728 2.09446
312 3.115 0.00142514 2.00012 0.865103 6.41665 1.03404e-06 6 9.10876e-06 12 2.11436 4.68379 0.599035 2.12151
313 3.125 0.00273252 2.00024 0.963139 6.50453 2.22611e-06 6 3.86043e-06 12 2.0353 4.77665 0.704289 2.15352
314 3.135 0.00516411 2.00048 1.0496 6.60092 3.3179e-06 6 1.8753e-06 12 1.94387 4.8659 0.826142 2.1913
315 3.145 0.00942247 2.00091 1.12062 6.70448 9.21423e-06 6 7.19947e-07 12 1.84296 4.95106 0.962289 2.23559
316 3.155 0.016818 2.00169 1.17282 6.81356 1.25999e-05 6 0 12 1.73558 5.03177 1.11079 2.28705
317 3.165 0.0291798 2.00305 1.20443 6.92629 1.80294e-05 6 0 12 1.62468 5.10781 1.27408 2.34644
318 3.175 0.0497637 2.00539 1.21161 7.04041 3.2763e-05 6 0 12 1.51502 5.17916 1.44779 2.41436
319 3.185 0.0807905 2.0092 1.1993 7.15409 4.60751e-05 6.00001 0 12 1.41054 5.24601 1.63033 2.49132
320 3.195 0.12812 2.01529 1.1674 7.26544 8.01071e-05 6.00001 0 12 1.31241 5.30859 1.81885 2.57772
321 3.205 0.198503 2.02477 1.12279 7.3732 0.000129424 6.00002 0 12 1.22262 5.36727 2.0104 2.67382
322 3.215 0.296686 2.03904 1.06977 7.47652 0.000191312 6.00003 0 12 1.14551 5.42258 2.20203 2.77974
323 3.225 0.432671 2.05999 1.01705 7.57535 0.000282659 6.00004 0 12 1.08023 5.47507 2.3915 2.89549
324 3.235 0.61488 2.08993 0.971854 7.67038 0.000457724 6.00006 0 12 1.02903 5.52538 2.57055 3.02068
325 3.245 0.849893 2.13158 0.942955 7.76316 0.000678352 6.00009 0 12 0.990689 5.57412 2.74092 3.15499
326 3.255 1.14701 2.18813 0.936694 7.85589 0.00102072 6.00015 0 12 0.966212 5.62194 2.89777 3.29786
327 3.265 1.5042 2.26275 0.962056 7.95171 0.00152649 6.00022 0 12 0.95475 5.66949 3.03787 3.44857
328 3.275 1.92569 2.35887 1.02596 8.05453 0.00225426 6.00033 0 12 0.95481 5.71734 3.16254 3.60642
329 3.285 2.40685 2.47973 1.13212 8.16868 0.00322931 6.0005 0 12 0.965269 5.766 3.26763 3.77051
330 3.295 2.94067 2.62831 1.28324 8.29886 0.004683 6.00073 0 12 0.98413 5.81592 3.35372 3.93995
331 3.305 3.50857 2.80665 1.48117 8.45003 0.00676978 6.00108 0 12 1.0103 5.86747 3.42164 4.11388
332 3.315 4.09097 3.01586 1.72244 8.62689 0.00965696 6.00158 0 12 1.04096 5.92092 3.46653 4.29115
333 3.325 4.6692 3.25608 2.00066 8.83356 0.0136081 6.00228 0 12 1.07319 5.97635 3.49614 4.47102
334 3.335 5.22441 3.52649 2.30991 9.07361 0.0189624 6.00326 0 12 1.10669 6.03385 3.51126 4.65276
335 3.345 5.73903 3.82531 2.63448 9.34903 0.026012 6.00462 0 12 1.13884 6.09338 3.51233 4.83564
336 3.355 6.19752 4.14994 2.96389 9.66075 0.0354714 6.00649 7.07068e-07 12 1.16791 6.1548 3.50391 5.01918
337 3.365 6.57776 4.49655 3.28286 10.0081 0.0479947 6.00903 2.7745e-06 12 1.19152 6.21783 3.48619 5.20288
338 3.375 6.87263 4.86085 3.57906 10.389 0.0638805 6.01243 4.70712e-06 12 1.2094 6.28219 3.46458 5.38653
339 3.385 7.07397 5.23804 3.83311 10.7994 0.0843156 6.01694 1.3709e-05 12 1.22185 6.34759 3.43656 5.56977
340 3.395 7.18376 5.62336 4.0389 11.2343 0.110018 6.02286 2.40223e-05 12 1.22808 6.41372 3.40976 5.75266
341 3.405 7.19636 6.01163 4.18487 11.6877 0.142261 6.03057 4.23796e-05 12 1.22866 6.48027 3.38204 5.93513
342 3.415 7.12489 6.3983 4.26446 12.1524 0.182308 6.0405 7.40628e-05 12 1.22512 6.54702 3.35391 6.11715
343 3.425 6.95969 6.77823 4.27761 12.6212 0.230754 6.05315 0.000127551 12 1.21853 6.6138 3.32883 6.29887
344 3.435 6.71601 7.14699 4.22865 13.0874 0.28875 6.06907 0.000233915 12.0001 1.21128 6.68057 3.30378 6.48028
345 3.445 6.39849 7.50037 4.12222 13.5446 0.357708 6.0889 0.000418918 12.0001 1.2049 6.74738 3.27969 6.66141
346 3.455 6.01917 7.83474 3.96512 13.9868 0.43813 6.11333 0.00069726 12.0002 1.20198 6.81441 3.25524 6.84224
347 3.465 5.58606 8.14684 3.76723 14.4094 0.530651 6.1431 0.00119672 12.0003 1.20319 6.8819 3.2269 7.02253
348 3.475 5.10931 8.43396 3.54283 14.8092 0.636374 6.179 0.00200377 12.0005 1.2106 6.95019 3.19449 7.20204
349 3.485 4.60623 8.6943 3.29692 15.1833 0.755459 6.22186 0.0032933 12.0009 1.22492 7.0197 3.15812 7.38054
350 3.495 4.08358 8.92642 3.03998 15.5303 0.885974 6.27242 0.00534348 12.0015 1.24778 7.0909 3.11314 7.5575
351 3.505 3.56536 9.13025 2.78105 15.8495 1.02928 6.3315 0.00834491 12.0025 1.27843 7.16428 3.05877 7.73237
352 3.515 3.05681 9.306 2.52458 16.1409 1.18222 6.39974 0.012852 12.004 1.31472 7.24016 2.99265 7.90443
353 3.525 2.57794 9.45507 2.27429 16.405 1.34374 6.47774 0.0192743 12.0062 1.35595 7.31888 2.91361 8.07291
354 3.535 2.13593 9.57928 2.03402 16.6425 1.51014 6.5659 0.0286501 12.0095 1.39942 7.40058 2.82299 8.23707
355 3.545 1.73165 9.68055 1.80562 16.8545 1.67968 6.66452 0.0415852 12.0144 1.44182 7.48523 2.71846 8.39605
356 3.555 1.37776 9.76158 1.5902 17.0423 1.84752 6.7736 0.0591507 12.0214 1.48091 7.57266 2.60282 8.54913
357 3.565 1.07528 9.82517 1.38915 17.2072 2.00966 6.89293 0.0825763 12.0312 1.51411 7.66256 2.47518 8.69552
358 3.575 0.823467 9.87415 1.20107 17.3507 2.16302 7.02208 0.112508 12.0446 1.53743 7.75436 2.33706 8.83451
359 3.585 0.616633 9.91103 1.02838 17.4741 2.30302 7.16036 0.150532 12.0626 1.54995 7.84743 2.18928 8.96545
360 3.595 0.453045 9.93828 0.870523 17.5793 2.42611 7.30684 0.198653 12.0866 1.54872 7.94093 2.03555 9.08788
361 3.605 0.326527 9.95802 0.7279 17.6677 2.52837 7.46035 0.257295 12.1177 1.53297 8.03401 1.87698 9.20139
362 3.615 0.230238 9.97203 0.600583 17.741 2.60671 7.6195 0.326658 12.1575 1.503 8.12577 1.71562 9.30572
363 3.625 0.157667 9.98167 0.488027 17.8009 2.65625 7.78257 0.40828 12.2076 1.46031 8.21542 1.55561 9.40085
364 3.635 0.106677 9.98823 0.391271 17.8492 2.67969 7.94799 0.501415 12.2694 1.40543 8.30218 1.39726 9.48677
365 3.645 0.0706773 9.9926 0.308714 17.8875 2.67392 8.11396 0.606267 12.3445 1.34141 8.38544 1.24524 9.56376
366 3.655 0.0455904 9.99543 0.239355 17.9174 2.63907 8.27866 0.72305 12.4346 1.27011 8.46471 1.09992 9.63214
367 3.665 0.0288206 9.99723 0.182458 17.9403 2.57702 8.44038 0.851328 12.5412 1.19426 8.53965 0.963487 9.69236
368 3.675 0.0178362 9.99835 0.136716 17.9576 2.48941 8.59745 0.986781 12.6655 1.11707 8.61013 0.837336 9.74499
369 3.685 0.0107716 9.99903 0.100802 17.9704 2.37933 8.74839 1.12876 12.8084 1.04108 8.67618 0.721455 9.79058
370 3.695 0.00650094 9.99945 0.0728 17.9797 2.24826 8.8918 1.2764 12.9709 0.968772 8.73797 0.617403 9.8298
371 3.705 0.00383411 9.99969 0.051696 17.9863 2.10171 9.02658 1.42493 13.1533 0.90189 8.79581 0.524061 9.86328
372 3.715 0.00215879 9.99983 0.0359281 17.9909 1.94492 9.15198 1.56833 13.3552 0.842028 8.8501 0.442685 9.89171
373 3.725 0.00124245 9.99991 0.0245281 17.9941 1.78079 9.26742 1.70329 13.5756 0.789883 8.90131 0.373367 9.91582
374 3.735 0.000646726 9.99995 0.0163315 17.9962 1.61156 9.37245 1.82606 13.8131 0.746636 8.94997 0.314363 9.93623
375 3.745 0.000348691 9.99998 0.0106805 17.9976 1.44319 9.46701 1.92984 14.0655 0.711888 8.99661 0.266009 9.95359
376 3.755 0.00018848 9.99999 0.00691197 17.9985 1.27861 9.55124 2.01126 14.33 0.685315 9.04175 0.227028 9.96849
377 3.765 0.000105169 9.99999 0.0043996 17.9991 1.12158 9.62552 2.06405 14.6028 0.667008 9.08593 0.196866 9.98147
378 3.775 6.20841e-05 10 0.00272904 17.9995 0.972171 9.69024 2.08759 14.8803 0.655102 9.12954 0.174847 9.99307
379 3.785 3.78507e-05 10 0.00165907 17.9997 0.834575 9.7461 2.07937 15.1581 0.649827 9.17303 0.159966 10.0037
380 3.795 2.85592e-05 10 0.000970878 17.9998 0.707966 9.79373 2.04091 15.4322 0.649358 9.21672 0.151404 10.0139
381 3.805 3.78018e-05 10 0.000562328 17.9999 0.594504 9.83394 1.9751 15.6988 0.652048 9.26083 0.147489 10.0238
382 3.815 8.40896e-05 10 0.000309652 18 0.494251 9.86755 1.88336 15.9544 0.657327 9.30552 0.148712 10.0339
383 3.825 0.000168678 10 0.00016799 18 0.406546 9.89534 1.77079 16.196 0.663175 9.35085 0.153824 10.0444
384 3.835 0.000281264 10 9.24977e-05 18 0.330295 9.91803 1.64455 16.4216 0.668707 9.3968 0.162072 10.0555
385 3.845 0.000482728 10.0001 5.2456e-05 18 0.266117 9.93641 1.50904 16.6296 0.673147 9.44329 0.173032 10.0674
386 3.855 0.000860137 10.0001 2.54029e-05 18 0.21156 9.9511 1.36863 16.8193 0.675375 9.49018 0.186086 10.0802
387 3.865 0.00140334 10.0002 1.18382e-05 18 0.166903 9.96275 1.22893 16.9905 0.675037 9.53729 0.200793 10.0942
388 3.875 0.00229312 10.0004 6.45935e-06 18 0.130457 9.9719 1.09338 17.1436 0.671505 9.5844 0.216645 10.1093
389 3.885 0.00367782 10.0007 4.65341e-06 18 0.100556 9.97899 0.964758 17.2794 0.665416 9.63132 0.233162 10.1257
390 3.895 0.00588897 10.0011 5.26335e-06 18 0.0769148 9.98444 0.844267 17.3988 0.656836 9.67787 0.250673 10.1434
391 3.905 0.00916715 10.0017 1.12405e-05 18 0.0582796 9.98859 0.734087 17.5032 0.6465 9.72393 0.269256 10.1625
392 3.915 0.0141202 10.0027 2.14389e-05 18 0.0434923 9.99171 0.632684 17.5937 0.63565 9.76945 0.287131 10.183
393 3.925 0.0215923 10.0043 4.13571e-05 18 0.0322535 9.99403 0.541703 17.6715 0.624852 9.81442 0.305203 10.2049
394 3.935 0.0317272 10.0066 8.08903e-05 18 0.0235615 9.99573 0.46051 17.738 0.615519 9.85894 0.323072 10.2281
395 3.945 0.0456015 10.0099 0.00016397 18 0.017137 9.99698 0.388904 17.7944 0.608881 9.90321 0.341182 10.2529
396 3.955 0.0651335 10.0146 0.000304207 18.0001 0.0123678 9.99788 0.32783 17.8422 0.606408 9.94753 0.359819 10.279
397 3.965 0.09063 10.0212 0.000535252 18.0002 0.00875991 9.99853 0.277511 17.8829 0.608109 9.99219 0.378466 10.3067
398 3.975 0.124068 10.0304 0.000981118 18.0003 0.00617426 9.99898 0.238175 17.918 0.614782 10.0376 0.397516 10.336
399 3.985 0.166839 10.0427 0.00174563 18.0006 0.00435287 9.99931 0.209726 17.9491 0.627173 10.0841 0.41695 10.3668
400 3.995 0.219916 10.059 0.00295613 18.001 0.00301206 9.99953 0.194063 17.978 0.643743 10.1321 0.436114 10.3992
401 4.005 0.283552 10.0802 0.00493725 18.0018 0.00207891 9.99969 0.191111 18.0065 0.664936 10.1819 0.455563 10.4332
402 4.015 0.358901 10.1071 0.008093 18.003 0.00140511 9.99979 0.201843 18.0369 0.689369 10.2338 0.47545 10.4688
403 4.025 0.446214 10.1407 0.0128443 18.0049 0.000941849 9.99986 0.226662 18.0711 0.716535 10.2881 0.495852 10.5062
404 4.035 0.545621 10.1821 0.0200488 18.008 0.000632443 9.99991 0.264112 18.1112 0.744643 10.3447 0.51584 10.5453
405 4.045 0.652258 10.2318 0.0306321 18.0127 0.000412137 9.99994 0.314353 18.1592 0.773107 10.4038 0.535546 10.5861
406 4.055 0.764726 10.2903 0.0457584 18.0197 0.000273269 9.99996 0.374621 18.2166 0.800091 10.4653 0.554266 10.6285
407 4.065 0.881162 10.358 0.0668731 18.03 0.000176747 9.99998 0.443615 18.285 0.82528 10.529 0.572231 10.6725
408 4.075 0.995898 10.435 0.095721 18.0449 0.00011299 9.99999 0.516521 18.365 0.848257 10.5948 0.588373 10.718
409 4.085 1.10255 10.5206 0.134013 18.0658 7.2303e-05 9.99999 0.589719 18.4568 0.868379 10.6625 0.602806 10.7648
410 4.095 1.19921 10.6142 0.184171 18.0946 4.29807e-05 9.99999 0.657834 18.5596 0.885353 10.7319 0.614381 10.8127
411 4.105 1.27721 10.7143 0.247559 18.1336 2.5256e-05 10 0.716917 18.6723 0.899375 10.8027 0.623522 10.8616
412 4.115 1.33545 10.8196 0.326108 18.1852 1.49122e-05 10 0.762464 18.7927 0.911725 10.8748 0.629679 10.9112
413 4.125 1.37118 10.9281 0.421003 18.2521 1.14002e-05 10 0.790612 18.9181 0.921901 10.9481 0.632763 10.9613
414 4.135 1.38083 11.038 0.533415 18.3373 7.18853e-06 10 0.79967 19.0456 0.930338 11.0224 0.632524 11.0117
415 4.145 1.36651 11.1473 0.663155 18.4438 4.18527e-06 10 0.787863 19.1719 0.937702 11.0976 0.628767 11.0619
416 4.155 1.32452 11.2537 0.809471 18.5744 3.3418e-06 10 0.75737 19.2938 0.943954 11.1738 0.621238 11.1118
417 4.165 1.25976 11.3554 0.971934 18.7319 2.89198e-06 10 0.709743 19.4086 0.949377 11.2507 0.610922 11.1612
418 4.175 1.17411 11.4506 1.14565 18.9185 3.93346e-06 10 0.647662 19.5139 0.954535 11.3285 0.597807 11.2097
419 4.185 1.07622 11.5383 1.32957 19.1361 6.34943e-06 10 0.576392 19.608 0.958485 11.4069 0.581656 11.2571
420 4.195 0.968399 11.6176 1.51939 19.3859 8.40975e-06 10 0.500457 19.6902 0.961137 11.4859 0.562881 11.3032
421 4.205 0.853466 11.6879 1.71163 19.6687 1.45171e-05 10 0.423258 19.76 0.962818 11.5654 0.542907 11.3478
422 4.215 0.740359 11.7491 1.90232 19.9845 2.55552e-05 10 0.349501 19.8179 0.962997 11.6454 0.521527 11.391
423 4.225 0.62924 11.8013 2.08864 20.3328 4.42642e-05 10 0.281708 19.8648 0.961043 11.7255 0.498631 11.4324
424 4.235 0.524517 11.8451 2.26732 20.7128 7.07683e-05 10 0.221614 19.9018 0.956372 11.8056 0.475627 11.4721
425 4.245 0.429365 11.8811 2.43679 21.1231 0.000112056 10 0.17109 19.9306 0.949632 11.8856 0.452491 11.51
426 4.255 0.345439 11.9102 2.59472 21.562 0.000189994 10 0.129777 19.9525 0.939517 11.9651 0.429788 11.5462
427 4.265 0.272128 11.9333 2.74052 22.0278 0.00030503 10.0001 0.0979972 19.9691 0.926619 12.0438 0.407263 11.5807
428 4.275 0.21085 11.9512 2.87245 22.5183 0.000482217 10.0001 0.0759413 19.982 0.911537 12.1216 0.386034 11.6135
429 4.285 0.160313 11.9649 2.99156 23.0316 0.000737713 10.0002 0.0627731 19.9928 0.893467 12.1983 0.365148 11.6447
430 4.295 0.11934 11.9751 3.0955 23.5651 0.00113424 10.0003 0.0583869 20.0028 0.872535 12.2735 0.345577 11.6744
431 4.305 0.0872712 11.9827 3.18592 24.1168 0.00175807 10.0004 0.0631757 20.0138 0.850464 12.3471 0.326657 11.7026
432 4.315 0.0632016 11.9881 3.25838 24.6837 0.00263971 10.0007 0.0778112 20.0273 0.82764 12.4191 0.308712 11.7293
433 4.325 0.0447636 11.992 3.31239 25.2626 0.00388974 10.001 0.103199 20.0453 0.804344 12.4894 0.292944 11.7548
434 4.335 0.0311731 11.9948 3.34537 25.85 0.00566272 10.0015 0.140682 20.0699 0.78169 12.558 0.277871 11.7791
435 4.345 0.021033 11.9966 3.35412 26.4417 0.00817612 10.0022 0.191945 20.1037 0.761292 12.6252 0.264451 11.8024
436 4.355 0.0142786 11.9979 3.33908 27.0334 0.0117269 10.0032 0.258024 20.1494 0.744436 12.6911 0.252521 11.8246
437 4.365 0.00971162 11.9987 3.2981 27.6205 0.0165404 10.0047 0.339472 20.2097 0.732062 12.7563 0.241978 11.8461
438 4.375 0.00685197 11.9994 3.23236 28.1986 0.0230205 10.0068 0.437053 20.2877 0.72598 12.8212 0.233949 11.8669
439 4.385 0.00517959 11.9998 3.14255 28.7632 0.0315624 10.0096 0.54874 20.3861 0.726916 12.8865 0.227336 11.8873
440 4.395 0.0047386 12.0002 3.03202 29.3104 0.0429408 10.0135 0.671905 20.5071 0.735469 12.9529 0.222909 11.9073
441 4.405 0.00546584 12.0007 2.90417 29.837 0.0577415 10.0187 0.801602 20.6522 0.752653 13.0211 0.221307 11.9273
442 4.415 0.00756631 12.0014 2.76657 30.3408 0.0764525 10.0257 0.932655 20.8217 0.779627 13.0921 0.22213 11.9474
443 4.425 0.0110494 12.0024 2.62297 30.8207 0.100249 10.0349 1.05751 21.0148 0.815405 13.1667 0.226693 11.9681
444 4.435 0.0164082 12.0039 2.47904 31.2763 0.1296 10.0468 1.17001 21.2294 0.859525 13.2457 0.234517 11.9896
445 4.445 0.0243586 12.0062 2.33669 31.7077 0.165622 10.0621 1.26312 21.4621 0.911555 13.3298 0.24621 12.0122
446 4.455 0.0361283 12.0095 2.2002 32.1157 0.209262 10.0815 1.32964 21.7082 0.970143 13.4198 0.261439 12.0363
447 4.465 0.0518068 12.0143 2.07276 32.5018 0.261489 10.1058 1.36654 21.9623 1.03428 13.5161 0.28061 12.0624
448 4.475 0.0732765 12.0211 1.95017 32.8667 0.322293 10.136 1.3733 22.2187 1.10144 13.6191 0.30318 12.0906
449 4.485 0.101572 12.0306 1.83388 33.2114 0.393663 10.173 1.34993 22.472 1.17014 13.7291 0.3303 12.1216
450 4.495 0.138303 12.0437 1.72283 33.5367 0.475133 10.2178 1.29922 22.7167 1.23745 13.8459 0.360223 12.1554
451 4.505 0.18367 12.061 1.61176 33.8423 0.567433 10.2716 1.22973 22.9495 1.30228 13.9694 0.393604 12.1926
452 4.515 0.239188 12.0837 1.4983 34.1277 0.670777 10.3355 1.14619 23.1674 1.36233 14.0991 0.429401 12.2333
453 4.525 0.30496 12.1127 1.38254 34.3922 0.783547 10.4104 1.05678 23.3692 1.4161 14.2346 0.466797 12.2778
454 4.535 0.382044 12.1493 1.26334 34.635 0.906513 10.4975 0.970315 23.5553 1.46217 14.3751 0.50587 12.3262
455 4.545 0.467285 12.1942 1.14118 34.8552 1.03784 10.5977 0.893708 23.7274 1.49866 14.5197 0.545017 12.3786
456 4.555 0.560693 12.2484 1.01637 35.0523 1.17634 10.7117 0.831571 23.8883 1.52507 14.6675 0.583482 12.435
457 4.565 0.658694 12.3122 0.892986 35.2261 1.32108 10.8403 0.788785 24.0416 1.54058 14.8175 0.620554 12.4951
458 4.575 0.757563 12.386 0.772412 35.3772 1.46945 10.984 0.765841 24.1911 1.54488 14.9686 0.655132 12.5589
459 4.585 0.853552 12.4695 0.657198 35.5063 1.61842 11.143 0.763104 24.3407 1.53652 15.1195 0.686785 12.6261
460 4.595 0.942527 12.5621 0.549558 35.6147 1.76433 11.317 0.781267 24.4945 1.51758 15.2692 0.714387 12.6963
461 4.605 1.02009 12.6628 0.451326 35.7041 1.90752 11.506 0.817651 24.6562 1.48686 15.4165 0.737511 12.7691
462 4.615 1.08085 12.7699 0.363547 35.7765 2.04385 11.7094 0.871023 24.8292 1.44593 15.5604 0.75559 12.844
463 4.625 1.12131 12.8816 0.287488 35.8339 2.16977 11.9262 0.940611 25.0168 1.395 15.6998 0.76802 12.9204
464 4.635 1.13976 12.9955 0.22299 35.8787 2.2833 12.1554 1.02581 25.2223 1.33513 15.8338 0.775211 12.9979
465 4.645 1.13601 13.1096 0.169743 35.9129 2.38171 12.3954 1.12885 25.4495 1.26735 15.9615 0.777876 13.076
466 4.655 1.10812 13.2213 0.126762 35.9386 2.4629 12.6448 1.24885 25.7018 1.19379 16.0824 0.775227 13.1542
467 4.665 1.05848 13.3285 0.0928646 35.9575 2.52758 12.9017 1.38842 25.9836 1.11536 16.1958 0.767772 13.232
468 4.675 0.992217 13.4294 0.0667425 35.9711 2.57102 13.1643 1.54739 26.299 1.03365 16.3013 0.756555 13.3089
469 4.685 0.909582 13.5223 0.0466369 35.9807 2.59652 13.4305 1.72717 26.6525 0.950532 16.3988 0.742404 13.3848
470 4.695 0.818665 13.6063 0.0322305 35.9873 2.60025 13.6983 1.92579 27.0484 0.868081 16.4882 0.72594 13.4592
471 4.705 0.721307 13.6806 0.0218148 35.9918 2.58491 13.9656 2.14091 27.4903 0.788192 16.5697 0.708612 13.5322
472 4.715 0.623413 13.7451 0.0144758 35.9948 2.55128 14.2306 2.3656 27.9808 0.7129 16.6437 0.690941 13.6037
473 4.725 0.528347 13.8 0.00937723 35.9968 2.50032 14.4914 2.59329 28.5207 0.64413 16.7109 0.67359 13.6737
474 4.735 0.43997 13.8459 0.00602593 35.998 2.43286 14.7462 2.81432 29.1091 0.582683 16.772 0.657114 13.7422
475 4.745 0.358552 13.8835 0.00374686 35.9988 2.35173 14.9936 3.02131 29.7434 0.530609 16.8278 0.643864 13.8097
476 4.755 0.288245 13.9138 0.00230708 35.9993 2.26021 15.2323 3.20242 30.4187 0.488881 16.8794 0.633668 13.8764
477 4.765 0.228402 13.9379 0.00138712 35.9996 2.16006 15.4614 3.3497 31.1279 0.458296 16.928 0.626475 13.9426
478 4.775 0.180708 13.9571 0.000808806 35.9998 2.05206 15.68 3.45865 31.8633 0.439837 16.9749 0.623789 14.0088
479 4.785 0.145781 13.9726 0.000473094 35.9999 1.93902 15.8874 3.52279 32.6155 0.43318 17.0212 0.624574 14.0753
480 4.795 0.12327 13.9858 0.000272328 35.9999 1.82442 16.0834 3.54384 33.3753 0.439014 17.0684 0.629689 14.1427
481 4.805 0.112487 13.9979 0.000149966 36 1.70831 16.2677 3.5227 34.1338 0.45657 17.1176 0.639311 14.2114
482 4.815 0.113824 14.0102 8.06405e-05 36 1.59241 16.4402 3.46459 34.8828 0.484818 17.1701 0.652822 14.2818
483 4.825 0.128479 14.0241 4.12487e-05 36 1.47875 16.601 3.37756 35.6161 0.522567 17.227 0.671275 14.3545
484 4.835 0.157228 14.0412 2.8846e-05 36 1.36784 16.7504 3.26914 36.3288 0.568967 17.2891 0.693816 14.43
485 4.845 0.201832 14.0633 2.92257e-05 36 1.2602 16.8886 3.14802 37.0179 0.621494 17.3573 0.720584 14.5087
486 4.855 0.262943 14.0921 3.98182e-05 36 1.15704 17.016 3.02406 37.6826 0.678417 17.432 0.750667 14.5911
487 4.865 0.343403 14.1299 7.0142e-05 36 1.05848 17.133 2.90387 38.3235 0.738602 17.5136 0.784144 14.6774
488 4.875 0.442188 14.1788 0.000129436 36.0001 0.964582 17.2401 2.79513 38.943 0.798178 17.6023 0.819734 14.7681
489 4.885 0.56073 14.2411 0.000255588 36.0001 0.875952 17.3378 2.70201 39.5443 0.856299 17.6977 0.8584 14.8634
490 4.895 0.696459 14.3188 0.000487402 36.0002 0.792066 17.4264 2.63026 40.132 0.910237 17.7996 0.899151 14.9637
491 4.905 0.849037 14.4138 0.000861117 36.0004 0.713963 17.5067 2.57798 40.7104 0.958804 17.9074 0.941741 15.0691
492 4.915 1.01423 14.5278 0.00153402 36.0008 0.640876 17.579 2.54745 41.2843 1.00001 18.0202 0.985303 15.1799
493 4.925 1.18561 14.6617 0.00265161 36.0014 0.573838 17.644 2.5364 41.858 1.03216 18.1372 1.03032 15.2962
494 4.935 1.35718 14.8155 0.00445539 36.0024 0.512459 17.7024 2.53927 42.4347 1.05481 18.2572 1.07718 15.4182
495 4.945 1.52242 14.9887 0.00738744 36.0041 0.458191 17.7547 2.55123 43.0165 1.06741 18.3792 1.12372 15.5461
496 4.955 1.67491 15.1801 0.0118603 36.0068 0.410584 17.8018 2.5625 43.6032 1.07031 18.5019 1.17162 15.68
497 4.965 1.80301 15.3869 0.0187097 36.0111 0.37024 17.8444 2.56587 44.193 1.06366 18.6244 1.21911 15.8198
498 4.975 1.9016 15.6059 0.0288072 36.0178 0.338014 17.8835 2.55253 44.7821 1.04753 18.7455 1.26763 15.9658
499 4.985 1.96533 15.8332 0.0430823 36.0278 0.314054 17.92 2.51398 45.3647 1.02428 18.8645 1.31567 16.118
500 4.995 1.99542 16.0649 0.0631642 36.0425 0.298765 17.9548 2.44487 45.9336 0.994254 18.9804 1.36515 16.2765
