# Time-averaged data for fix rdf_p
# TimeStep Number-of-rows
# Row c_rdf_p[1] c_rdf_p[2] c_rdf_p[3] c_rdf_p[4] c_rdf_p[5] c_rdf_p[6] c_rdf_p[7] c_rdf_p[8] c_rdf_p[9] c_rdf_p[10] c_rdf_p[11] c_rdf_p[12] c_rdf_p[13]
1000000 500
1 0.005 0 0 0 0 0 0 0 0 0 0 0 0
2 0.015 0 0 0 0 0 0 0 0 0 0 0 0
3 0.025 0 0 0 0 0 0 0 0 0 0 0 0
4 0.035 0 0 0 0 0 0 0 0 0 0 0 0
5 0.045 0 0 0 0 0 0 0 0 0 0 0 0
6 0.055 0 0 0 0 0 0 0 0 0 0 0 0
7 0.065 0 0 0 0 0 0 0 0 0 0 0 0
8 0.075 0 0 0 0 0 0 0 0 0 0 0 0
9 0.085 0 0 0 0 0 0 0 0 0 0 0 0
10 0.095 0 0 0 0 0 0 0 0 0 0 0 0
11 0.105 0 0 0 0 0 0 0 0 0 0 0 0
12 0.115 0 0 0 0 0 0 0 0 0 0 0 0
13 0.125 0 0 0 0 0 0 0 0 0 0 0 0
14 0.135 0 0 0 0 0 0 0 0 0 0 0 0
15 0.145 0 0 0 0 0 0 0 0 0 0 0 0
16 0.155 0 0 0 0 0 0 0 0 0 0 0 0
17 0.165 0 0 0 0 0 0 0 0 0 0 0 0
18 0.175 0 0 0 0 0 0 0 0 0 0 0 0
19 0.185 0 0 0 0 0 0 0 0 0 0 0 0
20 0.195 0 0 0 0 0 0 0 0 0 0 0 0
21 0.205 0 0 0 0 0 0 0 0 0 0 0 0
22 0.215 0 0 0 0 0 0 0 0 0 0 0 0
23 0.225 0 0 0 0 0 0 0 0 0 0 0 0
24 0.235 0 0 0 0 0 0 0 0 0 0 0 0
25 0.245 0 0 0 0 0 0 0 0 0 0 0 0
26 0.255 0 0 0 0 0 0 0 0 0 0 0 0
27 0.265 0 0 0 0 0 0 0 0 0 0 0 0
28 0.275 0 0 0 0 0 0 0 0 0 0 0 0
29 0.285 0 0 0 0 0 0 0 0 0 0 0 0
30 0.295 0 0 0 0 0 0 0 0 0 0 0 0
31 0.305 0 0 0 0 0 0 0 0 0 0 0 0
32 0.315 0 0 0 0 0 0 0 0 0 0 0 0
33 0.325 0 0 0 0 0 0 0 0 0 0 0 0
34 0.335 0 0 0 0 0 0 0 0 0 0 0 0
35 0.345 0 0 0 0 0 0 0 0 0 0 0 0
36 0.355 0 0 0 0 0 0 0 0 0 0 0 0
37 0.365 0 0 0 0 0 0 0 0 0 0 0 0
38 0.375 0 0 0 0 0 0 0 0 0 0 0 0
39 0.385 0 0 0 0 0 0 0 0 0 0 0 0
40 0.395 0 0 0 0 0 0 0 0 0 0 0 0
41 0.405 0 0 0 0 0 0 0 0 0 0 0 0
42 0.415 0 0 0 0 0 0 0 0 0 0 0 0
43 0.425 0 0 0 0 0 0 0 0 0 0 0 0
44 0.435 0 0 0 0 0 0 0 0 0 0 0 0
45 0.445 0 0 0 0 0 0 0 0 0 0 0 0
46 0.455 0 0 0 0 0 0 0 0 0 0 0 0
47 0.465 0 0 0 0 0 0 0 0 0 0 0 0
48 0.475 0 0 0 0 0 0 0 0 0 0 0 0
49 0.485 0 0 0 0 0 0 0 0 0 0 0 0
50 0.495 0 0 0 0 0 0 0 0 0 0 0 0
51 0.505 0 0 0 0 0 0 0 0 0 0 0 0
52 0.515 0 0 0 0 0 0 0 0 0 0 0 0
53 0.525 0 0 0 0 0 0 0 0 0 0 0 0
54 0.535 0 0 0 0 0 0 0 0 0 0 0 0
55 0.545 0 0 0 0 0 0 0 0 0 0 0 0
56 0.555 0 0 0 0 0 0 0 0 0 0 0 0
57 0.565 0 0 0 0 0 0 0 0 0 0 0 0
58 0.575 0 0 0 0 0 0 0 0 0 0 0 0
59 0.585 0 0 0 0 0 0 0 0 0 0 0 0
60 0.595 0 0 0 0 0 0 0 0 0 0 0 0
61 0.605 0 0 0 0 0 0 0 0 0 0 0 0
62 0.615 0 0 0 0 0 0 0 0 0 0 0 0
63 0.625 0 0 0 0 0 0 0 0 0 0 0 0
64 0.635 0 0 0 0 0 0 0 0 0 0 0 0
65 0.645 0 0 0 0 0 0 0 0 0 0 0 0
66 0.655 0 0 0 0 0 0 0 0 0 0 0 0
67 0.665 0 0 0 0 0 0 0 0 0 0 0 0
68 0.675 0 0 0 0 0 0 0 0 0 0 0 0
69 0.685 0 0 0 0 0 0 0 0 0 0 0 0
70 0.695 0 0 0 0 0 0 0 0 0 0 0 0
71 0.705 0 0 0 0 0 0 0 0 0 0 0 0
72 0.715 0 0 0 0 0 0 0 0 0 0 0 0
73 0.725 0 0 0 0 0 0 0 0 0 0 0 0
74 0.735 0 0 0 0 0 0 0 0 0 0 0 0
75 0.745 0 0 0 0 0 0 0 0 0 0 0 0
76 0.755 0 0 0 0 0 0 0 0 0 0 0 0
77 0.765 0 0 0 0 0 0 0 0 0 0 0 0
78 0.775 0 0 0 0 0 0 0 0 0 0 0 0
79 0.785 0 0 0 0 0 0 0 0 0 0 0 0
80 0.795 0 0 0 0 0 0 0 0 0 0 0 0
81 0.805 0 0 0 0 0 0 0 0 0 0 0 0
82 0.815 0 0 0 0 0 0 0 0 0 0 0 0
83 0.825 0 0 0 0 0 0 0 0 0 0 0 0
84 0.835 0 0 0 0 0 0 0 0 0 0 0 0
85 0.845 0 0 0 0 0 0 0 0 0 0 0 0
86 0.855 0 0 0 0 0 0 0 0 0 0 0 0
87 0.865 0 0 0 0 0 0 0 0 0 0 0 0
88 0.875 0 0 0 0 0 0 0 0 0 0 0 0
89 0.885 0 0 0 0 0 0 0 0 0 0 0 0
90 0.895 0 0 0 0 0 0 0 0 1.46844e-06 5.85938e-09 0 0
91 0.905 0 0 0 0 0 0 0 0 4.30851e-06 2.34375e-08 0 0
92 0.915 0 0 0 0 0 0 0 0 5.38564e-05 2.48047e-07 0 0
93 0.925 0 0 0 0 0 0 0 0 0.000255701 1.33789e-06 0 0
94 0.935 0 0 0 0 0 0 0 0 0.00128046 6.91406e-06 0 0
95 0.945 0 0 0 0 0 0 0 0 0.00508074 2.95156e-05 0 0
96 0.955 0 0 0 0 0 0 0 0 0.0176606 0.00010975 0 0
97 0.965 0 0 0 0 0 0 0 0 0.0506996 0.000344934 0 0
98 0.975 0 0 0 0 0 0 0 0 0.125867 0.000940965 0 0
99 0.985 0 0 0 0 0 0 0 0 0.272646 0.00225868 0 0
100 0.995 0 0 0 0 0 0 0 0 0.525749 0.0048515 0 0
101 1.005 0 0 0 0 0 0 0 0 0.910264 0.0094313 0 0
102 1.015 0 0 0 0 0 0 0 0 1.43169 0.0167786 0 0
103 1.025 0 0 0 0 0 0 0 0 2.06813 0.0276023 0 0
104 1.035 0 0 0 0 0 0 0 0 2.76628 0.0423636 0 0
105 1.045 0 0 0 0 0 0 0 0 3.47411 0.0612619 0 0
106 1.055 0 0 0 0 0 0 0 0 4.12726 0.084145 0 0
107 1.065 0 0 0 0 0 0 0 0 4.6738 0.110552 0 0
108 1.075 0 0 0 0 0 0 0 0 5.09686 0.139892 0 0
109 1.085 0 0 0 0 0 0 0 0 5.37972 0.17144 0 0
110 1.095 0 0 0 0 0 0 0 0 5.53591 0.204505 0 0
111 1.105 0 0 0 0 0 0 0 0 5.58559 0.238478 0 0
112 1.115 0 0 0 0 0 0 0 0 5.55236 0.272864 0 0
113 1.125 0 0 0 0 0 0 0 0 5.46351 0.307308 0 0
114 1.135 0 0 0 0 0 0 0 0 5.33882 0.341568 0 0
115 1.145 0 0 0 0 0 0 0 0 5.18932 0.375458 0 0
116 1.155 0 0 0 0 0 0 0 0 5.03076 0.408889 0 0
117 1.165 0 0 0 0 0 0 0 0 4.86915 0.441808 0 0
118 1.175 0 0 0 0 0 0 0 0 4.7128 0.47422 0 0
119 1.185 0 0 0 0 0 0 0 0 4.55654 0.506092 0 0
120 1.195 0 0 0 0 0 0 0 0 4.40286 0.537412 0 0
121 1.205 0 0 0 0 0 0 0 0 4.2591 0.568218 0 0
122 1.215 0 0 0 0 0 0 0 0 4.11415 0.598472 0 0
123 1.225 0 0 0 0 0 0 0 0 3.97079 0.628154 0 0
124 1.235 0 0 0 0 0 0 0 0 3.82592 0.657222 0 0
125 1.245 0 0 0 0 0 0 0 0 3.68296 0.685659 0 0
126 1.255 0 0 0 0 0 0 0 0 3.53531 0.713396 0 0
127 1.265 0 0 0 0 0 0 0 0 3.38182 0.740353 0 0
128 1.275 0 0 0 0 0 0 0 0 3.22379 0.766459 0 0
129 1.285 0 0 0 0 0 0 0 0 3.05461 0.791584 0 0
130 1.295 0 0 0 0 0 0 0 0 2.8745 0.815597 0 0
131 1.305 0 0 0 0 0 0 0 0 2.68585 0.838382 0 0
132 1.315 0 0 0 0 0 0 0 0 2.4826 0.859767 0 0
133 1.325 0 0 0 0 0 0 0 0 2.27263 0.879642 0 0
134 1.335 0 0 0 0 0 0 0 0 2.05394 0.897877 0 0
135 1.345 0 0 0 0 0 0 0 0 1.83461 0.914409 0 0
136 1.355 0 0 0 0 0 0 0 0 1.61515 0.929181 0 0
137 1.365 0 0 0 0 0 0 0 0 1.40279 0.942201 0 0
138 1.375 0 0 0 0 0 0 0 0 1.19871 0.95349 0 0
139 1.385 0 0 0 0 0 0 0 0 1.00788 0.963121 0 0
140 1.395 0 0 0 0 0 0 0 0 0.83456 0.971211 0 0
141 1.405 0 0 0 0 0 0 0 0 0.67778 0.977876 0 0
142 1.415 0 0 0 0 0 0 0 0 0.540675 0.983268 0 0
143 1.425 0 0 0 0 0 0 0 0 0.423472 0.987552 0 0
144 1.435 0 0 0 0 0 0 0 0 0.325234 0.990888 0 0
145 1.445 0 0 0 0 0 0 0 0 0.244925 0.993435 0 0
146 1.455 0 0 0 0 0 0 0 0 0.181384 0.995348 0 0
147 1.465 0 0 0 0 0 0 0 0 0.132031 0.99676 0 0
148 1.475 0 0 0 0 0 0 0 0 0.0942541 0.997781 0 0
149 1.485 0 0 0 0 0 0 0 0 0.0660032 0.998506 0 0
150 1.495 0 0 0 0 0 0 0 0 0.0450448 0.999008 0 0
151 1.505 0 0 0 0 0 0 0 0 0.030456 0.999351 0 0
152 1.515 0 0 0 0 0 0 0 0 0.0201497 0.999582 0 0
153 1.525 0 0 0 0 0 0 0 0 0.0132581 0.999735 0 0
154 1.535 0 0 0 0 0 0 0 0 0.00852346 0.999835 0 0
155 1.545 0 0 0 0 0 0 0 0 0.00531228 0.999898 0 0
156 1.555 0 0 0 0 0 0 0 0 0.00334521 0.999939 0 0
157 1.565 0 0 0 0 0 0 0 0 0.00205199 0.999964 0 0
158 1.575 0 0 0 0 0 0 0 0 0.00121959 0.999979 0 0
159 1.585 0 0 0 0 0 0 0 0 0.000721054 0.999988 0 0
160 1.595 0 0 0 0 0 0 0 0 0.000427841 0.999993 0 0
161 1.605 0 0 0 0 0 0 0 0 0.000235769 0.999996 0 0
162 1.615 0 0 0 0 0 0 0 0 0.000128681 0.999998 0 0
163 1.625 0 0 7.42417e-07 1.95313e-08 0 0 0 0 6.59266e-05 0.999999 0 0
164 1.635 0 0 2.78678e-06 9.375e-08 0 0 0 0 3.93083e-05 0.999999 0 0
165 1.645 0 0 8.259e-06 3.16406e-07 0 0 0 0 1.97057e-05 1 0 0
166 1.655 0 0 3.5501e-05 1.28516e-06 0 0 0 0 1.00204e-05 1 0 0
167 1.665 0 0 0.000176935 6.17188e-06 0 0 0 0 4.80878e-06 1 0 0
168 1.675 0 0 0.000690091 2.54609e-05 0 0 0 0 2.51552e-06 1 0 0
169 1.685 0 0 0.00250564 9.63359e-05 0 0 0 0 2.34765e-06 1 0 0
170 1.695 0 0 0.00798419 0.000324867 0 0 0 0 1.91062e-06 1 0 0
171 1.705 0 0 0.0226482 0.000980797 0 0 0 0 5.39506e-07 1 0 0
172 1.715 0 0 0.0581518 0.00268479 0 0 0 0 0 1 0 0
173 1.725 0 0 0.138135 0.00677982 0 0 0 0 0 1 0 0
174 1.735 0 0 0.301207 0.015813 0 0 0 0 0 1 0 0
175 1.745 0 0 0.603 0.0341059 0 0 0 0 0 1 0 0
176 1.755 0 0 1.11581 0.0683448 0 0 0 0 0 1 0 0
177 1.765 0 0 1.91429 0.127757 0 0 0 0 0 1 0 0
178 1.775 0 0 3.05447 0.223632 0 0 0 0 0 1 0 0
179 1.785 0 0 4.55267 0.368149 0 0 0 0 0 1 0 0
180 1.795 0 0 6.36894 0.572592 0 0 0 0 0 1 0 0
181 1.805 0 0 8.37968 0.844584 0 0 0 0 0 1 0 0
182 1.815 0 0 10.41 1.18623 0 0 0 0 0 1 0 0
183 1.825 0 0 12.2455 1.59256 0 0 0 0 0 1 0 0
184 1.835 0 0 13.6836 2.0516 0 0 0 0 0 1 0 0
185 1.845 0 0 14.5478 2.54496 0 0 0 0 0 1 0 0
186 1.855 0 0 14.7521 3.05069 0 0 0 0 0 1 0 0
187 1.865 0 0 14.31 3.54656 0 0 0 0 0 1 0 0
188 1.875 0 0 13.2886 4.012 0 0 0 0 0 1 0 0
189 1.885 0 0 11.8508 4.43151 0 0 0 0 1.10347e-07 1 0 0
190 1.895 0 0 10.1706 4.79538 0 0 0 0 4.36744e-07 1 0 0
191 1.905 0 0 8.40678 5.09932 2.16085e-07 3.90625e-09 0 0 5.40213e-07 1 0 0
192 1.915 0 0 6.70085 5.34414 3.84902e-06 7.42188e-08 0 0 6.41503e-07 1 0 0
193 1.925 0 0 5.16546 5.53484 7.19503e-06 2.07031e-07 0 0 1.37552e-06 1 0 0
194 1.935 0 0 3.8504 5.67847 9.21522e-06 3.78906e-07 0 0 2.8274e-06 1 0 0
195 1.945 0 0 2.78195 5.78332 2.67402e-05 8.82812e-07 0 0 8.29155e-06 1 0 0
196 1.955 0 0 1.94897 5.85753 6.01159e-05 2.02734e-06 0 0 1.40544e-05 1 0 0
197 1.965 0 0 1.32803 5.90861 0.000129572 4.51953e-06 0 0 3.0362e-05 1 0 0
198 1.975 0 0 0.880215 5.94282 0.000261753 9.60547e-06 0 0 5.59894e-05 1 0 0
199 1.985 0 0 0.566324 5.96505 0.000482023 1.90664e-05 0 0 9.35388e-05 1 0 0
200 1.995 0 0 0.354736 5.97912 0.000978444 3.84648e-05 0 0 0.000151318 1.00001 0 0
201 2.005 0 0 0.216302 5.98778 0.00172713 7.30508e-05 0 0 0.00026617 1.00001 0 0
202 2.015 0 0 0.128964 5.993 0.00321669 0.000138109 0 0 0.000465266 1.00002 0 0
203 2.025 0 0 0.0752561 5.99607 0.00573243 0.000255203 0 0 0.000820967 1.00004 0 0
204 2.035 0 0 0.0429573 5.99784 0.0100779 0.000463098 0 0 0.00136613 1.00007 0 0
205 2.045 0 0 0.0238907 5.99884 0.0169944 0.000817125 0 0 0.0022718 1.00011 0 0
206 2.055 0 0 0.0129523 5.99938 0.0282525 0.00141145 0 0 0.00368736 1.00019 0 0
207 2.065 0 0 0.00698919 5.99968 0.0456968 0.00238212 0 0 0.00586898 1.00032 0 0
208 2.075 0 0 0.00369312 5.99984 0.071995 0.00392625 0 0 0.00933383 1.00052 0 0
209 2.085 0 0 0.00190731 5.99992 0.110727 0.00632403 0 0 0.0144064 1.00083 0 0
210 2.095 0 0 0.000916925 5.99996 0.165996 0.00995323 0 0 0.0219893 1.00131 0 0
211 2.105 0 0 0.000457037 5.99998 0.242776 0.0153119 0 0 0.0329526 1.00204 0 0
212 2.115 0 0 0.000203792 5.99999 0.346586 0.0230347 0 0 0.0485535 1.00312 0 0
213 2.125 0 0 0.000105151 6 0.482489 0.0338877 0 0 0.0706758 1.00471 0 0
214 2.135 0 0 5.34172e-05 6 0.657695 0.0488214 0 0 0.101252 1.00701 0 0
215 2.145 0 0 2.15601e-05 6 0.873397 0.0688389 0 0 0.142196 1.01027 0 0
216 2.155 0 0 1.11446e-05 6 1.13458 0.0950855 0 0 0.196607 1.01481 0 0
217 2.165 0 0 8.03046e-06 6 1.44072 0.128724 0 0 0.267514 1.02106 0 0
218 2.175 0 0 3.89551e-06 6 1.78694 0.170833 7.47409e-07 3.51563e-08 0.358304 1.0295 0 0
219 2.185 0 0 1.97103e-06 6 2.16866 0.222408 2.46861e-06 1.52344e-07 0.471277 1.04071 0 0
220 2.195 0 0 2.44139e-07 6 2.57595 0.284231 1.00293e-05 6.32813e-07 0.608873 1.05532 9.80386e-07 2.34375e-08
221 2.205 0 0 3.22573e-07 6 2.99634 0.356801 5.25207e-05 3.17188e-06 0.774789 1.07409 1.29535e-06 5.46875e-08
222 2.215 0 0 3.99584e-07 6 3.41371 0.44023 0.000187131 1.23008e-05 0.967824 1.09774 9.62762e-07 7.8125e-08
223 2.225 0 0 8.712e-07 6 3.81522 0.534316 0.000581434 4.09219e-05 1.18867 1.12706 3.49847e-06 1.64062e-07
224 2.235 0 0 0 6 4.18838 0.638534 0.00163813 0.000122285 1.43551 1.16278 7.56486e-06 3.51563e-07
225 2.245 0 0 0 6 4.51514 0.751891 0.00440738 0.000343156 1.70468 1.20557 9.05963e-06 5.78125e-07
226 2.255 0 0 0 6 4.79122 0.873254 0.0108321 0.000890844 1.99074 1.256 1.33144e-05 9.14062e-07
227 2.265 0 0 0 6 5.01592 1.00144 0.0240908 0.00211973 2.28692 1.31444 2.97701e-05 1.67187e-06
228 2.275 0 0 0 6 5.1899 1.13524 0.0501609 0.00470112 2.58249 1.38102 4.98914e-05 2.95313e-06
229 2.285 0 0 0 6 5.31907 1.27358 0.0972207 0.0097484 2.8664 1.45557 6.3629e-05 4.60156e-06
230 2.295 0 0 0 6 5.4131 1.4156 0.173225 0.0188204 3.12781 1.53764 0.00011539 7.61719e-06
231 2.305 0 0 0 6 5.48781 1.56084 0.288326 0.0340522 3.35625 1.62646 0.000173957 1.22031e-05
232 2.315 0 0 0 6 5.55097 1.70903 0.44586 0.0578111 3.54146 1.72101 0.000255601 1.9e-05
233 2.325 0 0 0 6 5.62366 1.86046 0.64643 0.0925562 3.67488 1.81996 0.000423801 3.03672e-05
234 2.335 0 0 0 6 5.70923 2.01552 0.874856 0.139984 3.74976 1.9218 0.00064774 4.78906e-05
235 2.345 0 0 0 6 5.81174 2.17472 1.11207 0.20079 3.76301 2.02488 0.000989826 7.48984e-05
236 2.355 0 0 0 6 5.93996 2.33882 1.33317 0.274308 3.71418 2.12749 0.00145867 0.000115039
237 2.365 0 0 0 6 6.08518 2.50836 1.50592 0.358059 3.60545 2.22794 0.0021352 0.000174297
238 2.375 0 0 0 6 6.23898 2.68366 1.61352 0.448554 3.44227 2.32466 0.00309842 0.000261016
239 2.385 0 0 0 6 6.39076 2.86475 1.64687 0.5417 3.23102 2.41621 0.00435685 0.000383984
240 2.395 0 0 0 6 6.53071 3.05135 1.6095 0.633497 2.98549 2.50152 0.00624311 0.000561672
241 2.405 0 0 0 6 6.64477 3.2428 1.52438 0.721166 2.7121 2.57966 0.00858517 0.000808062
242 2.415 0 0 0 6 6.72063 3.43805 1.41832 0.803416 2.42378 2.65008 0.0119455 0.00115375
243 2.425 0 0 0 6 6.74211 3.63554 1.32263 0.880753 2.13029 2.71248 0.0161726 0.00162565
244 2.435 0 0 0 6 6.70931 3.83371 1.26269 0.955195 1.8403 2.76683 0.0221113 0.00227616
245 2.445 0 0 0 6 6.61178 4.0306 1.25956 1.03006 1.56581 2.81346 0.0298228 0.00316077
246 2.455 0 0 0 6 6.44837 4.22419 1.31672 1.10897 1.30936 2.85277 0.0395938 0.00434484
247 2.465 1.29563e-06 3.90625e-08 0 6 6.22099 4.41249 1.43458 1.19565 1.07757 2.88539 0.0520312 0.00591355
248 2.475 2.31333e-06 1.09375e-07 0 6 5.93466 4.59358 1.60317 1.29329 0.872714 2.91202 0.0682002 0.00798646
249 2.485 2.80469e-06 1.95313e-07 0 6 5.59574 4.7657 1.81345 1.40464 0.69494 2.93339 0.0878873 0.0106794
250 2.495 1.18878e-05 5.625e-07 0 6 5.21198 4.92732 2.05381 1.53177 0.544254 2.95027 0.111593 0.0141262
251 2.505 3.66338e-05 1.70313e-06 0 6 4.79787 5.07729 2.32604 1.6769 0.42021 2.9634 0.141563 0.0185339
252 2.515 8.36389e-05 4.32813e-06 0 6 4.35717 5.21458 2.63672 1.84273 0.318787 2.97345 0.177801 0.0241142
253 2.525 0.000220039 1.12891e-05 0 6 3.90727 5.33867 2.99532 2.03261 0.237946 2.98101 0.219898 0.0310706
254 2.535 0.000539274 2.84844e-05 0 6 3.45687 5.44933 3.41823 2.25103 0.175064 2.98661 0.27109 0.0397146
255 2.545 0.00126456 6.9125e-05 0 6 3.01922 5.54674 3.91441 2.50312 0.126554 2.99069 0.329143 0.0502926
256 2.555 0.00286995 0.000162086 0 6 2.59982 5.63128 4.48055 2.79395 0.0902011 2.99363 0.396808 0.0631457
257 2.565 0.00683125 0.000385094 0 6 2.20589 5.70358 5.10938 3.1282 0.0632851 2.9957 0.473371 0.078599
258 2.575 0.0142854 0.000855086 0 6 1.84855 5.76463 5.76607 3.50836 0.0436266 2.99714 0.55938 0.0970027
259 2.585 0.0283016 0.00179346 0 6 1.52598 5.81543 6.41763 3.93476 0.0297615 2.99813 0.653584 0.118673
260 2.595 0.0543992 0.00361112 0 6 1.24169 5.85708 7.01267 4.40431 0.0199846 2.9988 0.756545 0.143952
261 2.605 0.0990584 0.00694655 0 6 0.996189 5.89075 7.50522 4.91072 0.0132104 2.99925 0.867372 0.173157
262 2.615 0.171855 0.0127776 0 6 0.786916 5.91756 7.86203 5.44529 0.00880097 2.99955 0.984666 0.206567
263 2.625 0.282533 0.0224375 0 6 0.612302 5.93858 8.05077 5.99689 0.00589003 2.99975 1.10671 0.244406
264 2.635 0.446354 0.037815 0 6 0.469883 5.95483 8.06105 6.55341 0.00425271 2.9999 1.23195 0.286849
265 2.645 0.674787 0.0612391 0 6 0.355315 5.96721 7.89662 7.10272 0.00342427 3.00002 1.35798 0.333988
266 2.655 0.975545 0.0953601 0 6 0.265109 5.97652 7.5856 7.63439 0.00331876 3.00013 1.48121 0.385796
267 2.665 1.34871 0.142889 0 6 0.194454 5.9834 7.15244 8.13949 0.00381511 3.00027 1.60286 0.442281
268 2.675 1.78911 0.206412 0 6 0.140357 5.9884 6.63625 8.61165 0.00490505 3.00044 1.71719 0.50325
269 2.685 2.27273 0.28771 0 6 0.100266 5.992 6.07191 9.04691 0.00669664 3.00068 1.81991 0.568351
270 2.695 2.77426 0.387689 0 6 0.070765 5.99456 5.4932 9.44361 0.00940046 3.00102 1.90979 0.637176
271 2.705 3.25279 0.505785 0 6 0.0491436 5.99635 4.92983 9.80228 0.0131879 3.0015 1.98401 0.709208
272 2.715 3.66305 0.639761 0 6 0.0336068 5.99759 4.39481 10.1244 0.0184992 3.00218 2.04292 0.783927
273 2.725 3.97253 0.786129 0 6 0.0225899 5.99842 3.89758 10.4122 0.0256277 3.00313 2.08319 0.860682
274 2.735 4.13926 0.939761 0 6 0.0150014 5.99898 3.44385 10.6683 0.0351787 3.00444 2.10326 0.938747
275 2.745 4.15394 1.09507 0 6 0.0098313 5.99935 3.0272 10.8951 0.0479354 3.00624 2.10315 1.01738
276 2.755 4.00974 1.24608 0 6 0.00634532 5.99959 2.64336 11.0946 0.0645623 3.00868 2.08341 1.09584
277 2.765 3.72673 1.38745 0 6 0.00405987 5.99974 2.28695 11.2685 0.085783 3.01195 2.04259 1.17333
278 2.775 3.34714 1.51534 3.56416e-07 6 0.00255357 5.99984 1.95411 11.4181 0.112741 3.01627 1.98367 1.24912
279 2.785 2.8948 1.62675 9.60481e-07 6 0.00158773 5.9999 1.64591 11.545 0.146454 3.02193 1.90924 1.3226
280 2.795 2.41624 1.72041 1.40533e-06 6 0.00097199 5.99994 1.36146 11.6508 0.187978 3.02925 1.81957 1.39313
281 2.805 1.94649 1.7964 4.0365e-06 6 0.000579262 5.99996 1.1054 11.7372 0.238471 3.03859 1.71689 1.46016
282 2.815 1.51623 1.85601 5.39331e-06 6 0.000351406 5.99998 0.877745 11.8064 0.298944 3.05039 1.60368 1.52321
283 2.825 1.13921 1.90113 1.58691e-05 6 0.000226982 5.99999 0.681781 11.8605 0.369866 3.0651 1.48409 1.58198
284 2.835 0.826428 1.93408 2.73679e-05 6 0.00013484 5.99999 0.515823 11.9017 0.452285 3.08321 1.36061 1.63624
285 2.845 0.580266 1.95739 5.52722e-05 6.00001 7.28566e-05 6 0.380813 11.9324 0.545948 3.10522 1.23524 1.68585
286 2.855 0.393826 1.97332 0.000113427 6.00002 4.08877e-05 6 0.273862 11.9546 0.651575 3.13167 1.11063 1.73077
287 2.865 0.256712 1.98377 0.000245814 6.00004 2.41706e-05 6 0.191364 11.9702 0.768397 3.16309 0.9891 1.77105
288 2.875 0.161881 1.99041 0.000490111 6.00008 1.48001e-05 6 0.130415 11.9809 0.895071 3.19994 0.873795 1.80689
289 2.885 0.0994918 1.99452 0.000919075 6.00015 6.97197e-06 6 0.0865579 11.9881 1.03063 3.24268 0.763143 1.83841
290 2.895 0.0587682 1.99696 0.00177995 6.0003 4.11691e-06 6 0.0560487 11.9927 1.17213 3.29161 0.661187 1.8659
291 2.905 0.0333601 1.99836 0.00320333 6.00057 3.99569e-06 6 0.0350351 11.9957 1.317 3.34697 0.567609 1.88967
292 2.915 0.0184891 1.99914 0.00569168 6.00105 2.58402e-06 6 0.0214355 11.9975 1.46271 3.40889 0.483451 1.91005
293 2.925 0.0101358 1.99957 0.00985826 6.00189 1.46651e-06 6 0.0128149 11.9986 1.60598 3.47733 0.407397 1.92735
294 2.935 0.00522404 1.99979 0.0166228 6.00332 5.46199e-07 6 0.007356 11.9992 1.74282 3.55212 0.341794 1.94196
295 2.945 0.00254575 1.9999 0.0272313 6.00567 0 6 0.00419273 11.9996 1.86976 3.63289 0.285439 1.95424
296 2.955 0.00120883 1.99996 0.0429586 6.00941 4.49025e-07 6 0.00230706 11.9998 1.98333 3.71916 0.237618 1.96454
297 2.965 0.000572404 1.99998 0.0664092 6.01523 0 6 0.00124352 11.9999 2.08161 3.81032 0.199342 1.97323
298 2.975 0.000253861 1.99999 0.09966 6.02402 0 6 0.000641976 11.9999 2.16137 3.90561 0.169365 1.98067
299 2.985 0.000110796 2 0.144578 6.03685 0 6 0.000334163 12 2.22148 4.00421 0.147954 1.98721
300 2.995 4.82708e-05 2 0.204693 6.05514 0 6 0.000169099 12 2.26099 4.10524 0.13479 1.99321
301 3.005 2.23186e-05 2 0.280745 6.0804 0 6 8.76639e-05 12 2.2785 4.20773 0.129943 1.99903
302 3.015 1.40299e-05 2 0.374473 6.11431 0 6 4.04084e-05 12 2.27593 4.31078 0.134496 2.0051
303 3.025 9.80775e-06 2 0.485525 6.15857 0 6 1.43823e-05 12 2.25399 4.41353 0.14737 2.01179
304 3.035 1.09398e-05 2 0.610603 6.21461 0 6 7.46372e-06 12 2.21472 4.51515 0.17098 2.0196
305 3.045 3.54909e-05 2 0.745878 6.28351 1.6915e-07 6 2.66932e-06 12 2.15959 4.61489 0.204732 2.02902
306 3.055 0.000101897 2.00001 0.884972 6.36579 6.72176e-07 6 1.17861e-06 12 2.09164 4.71213 0.250497 2.04062
307 3.065 0.00023297 2.00002 1.02283 6.46152 1.0017e-06 6 5.01828e-07 12 2.01178 4.80628 0.309418 2.05505
308 3.075 0.000512868 2.00004 1.14837 6.5697 1.07812e-06 6 3.73927e-07 12 1.92525 4.89696 0.383772 2.07305
309 3.085 0.00117775 2.0001 1.25352 6.68856 1.40073e-06 6 0 12 1.83254 4.98384 0.47207 2.09534
310 3.095 0.00247558 2.00022 1.33067 6.81555 2.21033e-06 6 0 12 1.73722 5.06673 0.578398 2.12283
311 3.105 0.00476434 2.00044 1.37275 6.9474 4.14823e-06 6 0 12 1.64071 5.14553 0.701524 2.15639
312 3.115 0.00954598 2.0009 1.38024 7.08083 7.35429e-06 6 0 12 1.5451 5.22021 0.844394 2.19705
313 3.125 0.0177661 2.00176 1.35274 7.21244 1.21253e-05 6 0 12 1.45178 5.29083 1.00643 2.24582
314 3.135 0.0326902 2.00336 1.2967 7.3394 2.36174e-05 6 0 12 1.36181 5.3575 1.18622 2.30366
315 3.145 0.0586852 2.00624 1.21718 7.45934 3.55976e-05 6 0 12 1.27678 5.42041 1.38457 2.37161
316 3.155 0.10125 2.01124 1.1266 7.57107 5.25464e-05 6.00001 0 12 1.19716 5.47977 1.59994 2.45064
317 3.165 0.168444 2.01961 1.03446 7.6743 9.83236e-05 6.00001 0 12 1.12243 5.53578 1.83068 2.54163
318 3.175 0.27035 2.03313 0.956434 7.77036 0.000158304 6.00002 0 12 1.05443 5.58872 2.07329 2.64533
319 3.185 0.422536 2.0544 0.905155 7.86184 0.000250307 6.00003 0 12 0.99192 5.63885 2.3257 2.76239
320 3.195 0.638914 2.08676 0.891561 7.95251 0.000393548 6.00005 0 12 0.935709 5.68643 2.58484 2.89332
321 3.205 0.938108 2.13458 0.924825 8.04715 0.000619128 6.00008 0 12 0.887733 5.73185 2.84731 3.03844
322 3.215 1.33045 2.20281 1.01509 8.15168 0.000966471 6.00013 0 12 0.847277 5.77548 3.10641 3.19776
323 3.225 1.83535 2.29753 1.16583 8.27248 0.00152303 6.00021 0 12 0.815145 5.81771 3.36225 3.37127
324 3.235 2.45456 2.42499 1.37557 8.4159 0.00233226 6.00033 0 12 0.793515 5.85908 3.60599 3.55852
325 3.245 3.18383 2.59134 1.64537 8.58851 0.0035072 6.00052 0 12 0.780765 5.90003 3.83497 3.75889
326 3.255 4.01277 2.80229 1.9668 8.79612 0.00531109 6.0008 0 12 0.779408 5.94116 4.04826 3.97171
327 3.265 4.90818 3.06191 2.32755 9.04331 0.00793608 6.00122 0 12 0.789731 5.9831 4.2401 4.19599
328 3.275 5.8336 3.37237 2.71486 9.33341 0.011769 6.00185 0 12 0.810149 6.02638 4.40788 4.43058
329 3.285 6.74883 3.73373 3.10572 9.6673 0.0170037 6.00276 4.00458e-07 12 0.842819 6.07169 4.55069 4.67424
330 3.295 7.5951 4.14289 3.48278 10.044 0.0243942 6.00408 6.51323e-07 12 0.885367 6.11957 4.6689 4.92576
331 3.305 8.31659 4.59363 3.82508 10.4603 0.0347114 6.00597 1.6904e-06 12 0.935921 6.1705 4.75473 5.18346
332 3.315 8.86859 5.07721 4.1166 10.911 0.0485122 6.00863 3.86092e-06 12 0.99358 6.22489 4.81143 5.44581
333 3.325 9.20773 5.58231 4.33746 11.3887 0.0673261 6.01233 7.32013e-06 12 1.0554 6.28301 4.84221 5.71144
334 3.335 9.31526 6.09639 4.47992 11.8851 0.091816 6.01742 1.7449e-05 12 1.12044 6.34509 4.84078 5.97859
335 3.345 9.18726 6.60646 4.53902 12.3911 0.124128 6.02434 3.26181e-05 12 1.18603 6.41119 4.80997 6.24563
336 3.355 8.83686 7.1 4.51125 12.897 0.164983 6.03359 7.23866e-05 12 1.24894 6.48122 4.75087 6.51097
337 3.365 8.28658 7.56558 4.40567 13.394 0.216889 6.04582 0.000139022 12 1.3084 6.55502 4.66275 6.77294
338 3.375 7.58019 7.994 4.23374 13.8744 0.280852 6.06176 0.000255257 12.0001 1.3624 6.63232 4.5491 7.03005
339 3.385 6.75691 8.37816 4.00525 14.3316 0.359878 6.0823 0.000469719 12.0001 1.40906 6.71275 4.4077 7.28065
340 3.395 5.87717 8.71428 3.74072 14.7612 0.454546 6.1084 0.000854495 12.0002 1.44773 6.79587 4.24695 7.52353
341 3.405 4.98389 9.00099 3.45451 15.1602 0.566368 6.14111 0.00151931 12.0004 1.478 6.88123 4.06443 7.75735
342 3.415 4.12762 9.23984 3.15712 15.527 0.696869 6.18159 0.00264801 12.0007 1.50043 6.96839 3.86735 7.98114
343 3.425 3.33084 9.43371 2.86174 15.8615 0.845329 6.23099 0.00439411 12.0012 1.5152 7.05693 3.64941 8.19356
344 3.435 2.62137 9.58719 2.57624 16.1643 1.01255 6.2905 0.00721989 12.0021 1.52251 7.14642 3.4217 8.39388
345 3.445 2.01233 9.70569 2.30375 16.4367 1.19464 6.36113 0.0116216 12.0034 1.52348 7.23648 3.18234 8.58128
346 3.455 1.50371 9.79475 2.04763 16.6802 1.39099 6.44384 0.0182757 12.0056 1.51875 7.32679 2.93801 8.7553
347 3.465 1.09579 9.86003 1.81053 16.8968 1.59737 6.53937 0.0279461 12.0089 1.51046 7.41713 2.69124 8.91563
348 3.475 0.779825 9.90676 1.58782 17.0878 1.8098 6.64823 0.0417383 12.0139 1.49779 7.50722 2.44537 9.06215
349 3.485 0.540639 9.93934 1.38084 17.2549 2.02209 6.77057 0.0606735 12.0213 1.48199 7.59688 2.20413 9.19498
350 3.495 0.364987 9.96146 1.18824 17.3995 2.22839 6.90616 0.0865203 12.0318 1.46369 7.68594 1.96791 9.31425
351 3.505 0.240087 9.97609 1.00965 17.523 2.42371 7.05448 0.120539 12.0465 1.44359 7.77429 1.7419 9.42043
352 3.515 0.153654 9.98551 0.84557 17.6271 2.59798 7.21437 0.164343 12.0667 1.42201 7.8618 1.52915 9.51417
353 3.525 0.0958257 9.99142 0.696506 17.7134 2.74555 7.38431 0.218523 12.0937 1.39895 7.94839 1.32883 9.5961
354 3.535 0.0582651 9.99503 0.563517 17.7835 2.86121 7.56242 0.284177 12.129 1.37572 8.03403 1.14499 9.6671
355 3.545 0.0347482 9.9972 0.447667 17.8396 2.93903 7.7464 0.36138 12.1742 1.35091 8.1186 0.97613 9.72796
356 3.555 0.0201275 9.99846 0.348344 17.8834 2.97758 7.93385 0.450019 12.2307 1.32618 8.20208 0.824377 9.77966
357 3.565 0.0113828 9.99918 0.265209 17.917 2.9757 8.12224 0.549945 12.3002 1.30146 8.28448 0.68933 9.82313
358 3.575 0.00621433 9.99957 0.197499 17.9421 2.93261 8.30894 0.658955 12.3839 1.27601 8.36571 0.570712 9.85932
359 3.585 0.00331558 9.99979 0.143464 17.9605 2.84943 8.49137 0.777616 12.4833 1.2514 8.44583 0.467475 9.88913
360 3.595 0.00169768 9.9999 0.101701 17.9736 2.72903 8.66706 0.904921 12.5996 1.22788 8.52488 0.379236 9.91345
361 3.605 0.000850495 9.99995 0.0704067 17.9827 2.57858 8.83399 1.03851 12.7338 1.20393 8.60282 0.304873 9.93311
362 3.615 0.000404946 9.99998 0.047893 17.989 2.40195 8.99035 1.18001 12.8871 1.1803 8.67965 0.242794 9.94886
363 3.625 0.000193629 9.99999 0.0316105 17.9931 2.2066 9.13479 1.3282 13.0607 1.15785 8.75544 0.191171 9.96132
364 3.635 9.37802e-05 9.99999 0.0204909 17.9958 1.9992 9.26637 1.48185 13.2554 1.13625 8.83023 0.149331 9.97111
365 3.645 4.17151e-05 10 0.0129124 17.9975 1.78699 9.38464 1.63636 13.4715 1.11459 8.904 0.116224 9.97877
366 3.655 1.98007e-05 10 0.00787918 17.9985 1.57504 9.48945 1.78832 13.7091 1.09254 8.9767 0.0898467 9.98473
367 3.665 8.90863e-06 10 0.00467543 17.9992 1.36843 9.58101 1.93075 13.9669 1.07024 9.04831 0.0698143 9.98938
368 3.675 6.52858e-06 10 0.00269114 17.9995 1.17385 9.65998 2.05592 14.243 1.04636 9.1187 0.0549543 9.99306
369 3.685 0 10 0.00155404 17.9997 0.993395 9.72718 2.15567 14.5341 1.02183 9.18782 0.0443675 9.99605
370 3.695 0 10 0.000877139 17.9999 0.828838 9.78355 2.22036 14.8355 0.9948 9.25548 0.0375711 9.9986
371 3.705 0 10 0.000481264 17.9999 0.681906 9.83018 2.24239 15.1416 0.964944 9.32146 0.034059 10.0009
372 3.715 0 10 0.000247392 18 0.554319 9.86829 2.21784 15.4459 0.931617 9.38551 0.0331583 10.0032
373 3.725 2.49641e-06 10 0.000123429 18 0.444595 9.89901 2.14947 15.7425 0.895436 9.4474 0.0347441 10.0056
374 3.735 4.74038e-06 10 5.91077e-05 18 0.351775 9.92346 2.03983 16.0254 0.855261 9.50683 0.0387437 10.0083
375 3.745 1.29104e-05 10 3.09198e-05 18 0.274857 9.94266 1.89764 16.2901 0.811397 9.56352 0.0448561 10.0114
376 3.755 1.95418e-05 10 1.47103e-05 18 0.211815 9.95754 1.73213 16.5329 0.764954 9.61725 0.0531119 10.0151
377 3.765 5.92029e-05 10 7.19166e-06 18 0.161076 9.96891 1.55469 16.752 0.715608 9.66778 0.0636242 10.0196
378 3.775 0.000130154 10 3.82443e-06 18 0.120959 9.9775 1.37535 16.9469 0.665199 9.715 0.0763576 10.025
379 3.785 0.000242558 10 5.20005e-07 18 0.089662 9.9839 1.20201 17.1181 0.614043 9.75882 0.0912635 10.0315
380 3.795 0.000490216 10.0001 3.5392e-07 18 0.0656304 9.98861 1.04066 17.2672 0.563916 9.79927 0.108452 10.0392
381 3.805 0.000858486 10.0001 1.89572e-07 18 0.0474537 9.99203 0.893999 17.3959 0.517022 9.83656 0.128235 10.0484
382 3.815 0.00159342 10.0002 2.96339e-07 18 0.0339714 9.99449 0.763426 17.5063 0.474512 9.87096 0.149971 10.0593
383 3.825 0.00297637 10.0005 7.50379e-07 18 0.023911 9.99623 0.648333 17.6007 0.438485 9.90292 0.173829 10.0719
384 3.835 0.00504666 10.0008 2.18609e-06 18 0.0166334 9.99745 0.546729 17.6806 0.410846 9.93302 0.199955 10.0865
385 3.845 0.00837959 10.0014 5.43684e-06 18 0.0114178 9.99829 0.457974 17.7479 0.392448 9.96192 0.228436 10.1032
386 3.855 0.0138305 10.0025 1.41945e-05 18 0.00775752 9.99887 0.38027 17.8041 0.384673 9.9904 0.258931 10.1223
387 3.865 0.0222343 10.0041 2.88197e-05 18 0.00522791 9.99926 0.313093 17.8506 0.387772 10.0193 0.291412 10.1439
388 3.875 0.0349498 10.0067 6.60898e-05 18 0.00346242 9.99952 0.256387 17.8889 0.401546 10.0493 0.32521 10.1681
389 3.885 0.053119 10.0107 0.00013428 18 0.00229691 9.99969 0.20986 17.9204 0.42563 10.0813 0.360572 10.1951
390 3.895 0.0786551 10.0166 0.000281681 18.0001 0.00149641 9.9998 0.174528 17.9467 0.458312 10.1159 0.396505 10.225
391 3.905 0.114046 10.0252 0.000544873 18.0002 0.000958149 9.99987 0.150676 17.9696 0.497696 10.1537 0.433879 10.2578
392 3.915 0.161996 10.0376 0.00102092 18.0003 0.000608067 9.99992 0.139312 17.9908 0.541962 10.1951 0.470296 10.2936
393 3.925 0.223927 10.0547 0.00187969 18.0006 0.000395103 9.99995 0.141427 18.0125 0.588655 10.2403 0.507032 10.3323
394 3.935 0.30292 10.078 0.003426 18.0011 0.000243445 9.99997 0.158428 18.0369 0.634619 10.2892 0.543141 10.3741
395 3.945 0.397667 10.1087 0.00599834 18.0021 0.000155193 9.99998 0.190309 18.0663 0.677554 10.3418 0.578315 10.4187
396 3.955 0.510493 10.1483 0.010242 18.0037 8.92365e-05 9.99999 0.237691 18.1033 0.715412 10.3975 0.611821 10.4662
397 3.965 0.640356 10.1982 0.0170604 18.0063 5.69633e-05 9.99999 0.299458 18.1501 0.746941 10.456 0.643655 10.5164
398 3.975 0.781521 10.2595 0.0276042 18.0107 3.33015e-05 10 0.373851 18.2088 0.770547 10.5166 0.672427 10.5692
399 3.985 0.928383 10.3327 0.043904 18.0176 1.84685e-05 10 0.458665 18.2813 0.785837 10.5788 0.698621 10.6242
400 3.995 1.07984 10.4182 0.0674839 18.0284 1.05147e-05 10 0.548732 18.3683 0.794551 10.642 0.720358 10.6812
401 4.005 1.22153 10.5154 0.10093 18.0445 7.33334e-06 10 0.637557 18.47 0.79776 10.7057 0.73929 10.7401
402 4.015 1.34639 10.6231 0.146909 18.0681 3.89166e-06 10 0.719599 18.5854 0.797392 10.7697 0.754285 10.8004
403 4.025 1.44834 10.7395 0.20873 18.1018 2.37181e-06 10 0.787557 18.7122 0.795733 10.834 0.764373 10.8619
404 4.035 1.51897 10.8622 0.288866 18.1486 1.20412e-06 10 0.836185 18.8476 0.794916 10.8984 0.770541 10.9241
405 4.045 1.55242 10.9883 0.389091 18.212 2.39634e-07 10 0.860346 18.9876 0.797511 10.9634 0.771716 10.9868
406 4.055 1.55047 11.1148 0.513155 18.2961 0 10 0.858574 19.1279 0.805065 11.0294 0.768465 11.0495
407 4.065 1.50895 11.2385 0.658816 18.4046 0 10 0.83076 19.2644 0.818683 11.0968 0.760576 11.1118
408 4.075 1.43034 11.3563 0.826976 18.5414 0 10 0.778355 19.3929 0.838777 11.1661 0.748584 11.1735
409 4.085 1.32212 11.4658 1.01312 18.7098 1.87971e-07 10 0.706927 19.5102 0.865709 11.2381 0.732527 11.2342
410 4.095 1.19217 11.565 1.21522 18.9128 3.74109e-07 10 0.622799 19.6141 0.897887 11.3131 0.712225 11.2934
411 4.105 1.04917 11.6527 1.42883 19.1527 6.98041e-07 10 0.531915 19.7032 0.933523 11.3915 0.688232 11.351
412 4.115 0.898537 11.7282 1.64606 19.4304 1.8061e-06 10 0.440463 19.7774 0.971231 11.4734 0.661122 11.4065
413 4.125 0.751362 11.7917 1.86361 19.7463 2.21212e-06 10 0.353585 19.8372 1.00726 11.5588 0.632073 11.4599
414 4.135 0.611325 11.8435 2.07485 20.0997 4.67805e-06 10 0.275087 19.884 1.0394 11.6473 0.599738 11.5108
415 4.145 0.48551 11.8849 2.27835 20.4897 7.12018e-06 10 0.208211 19.9195 1.06639 11.7386 0.566003 11.559
416 4.155 0.376698 11.9172 2.46841 20.9143 1.28546e-05 10 0.152627 19.9457 1.08511 11.8319 0.531125 11.6045
417 4.165 0.285184 11.9417 2.64546 21.3715 2.41394e-05 10 0.108881 19.9645 1.09381 11.9264 0.495061 11.6471
418 4.175 0.209244 11.9598 2.81005 21.8595 3.64858e-05 10 0.0759601 19.9777 1.09158 12.0212 0.458493 11.6868
419 4.185 0.150429 11.9729 2.9618 22.3763 5.95493e-05 10 0.0526402 19.9868 1.07854 12.1153 0.422885 11.7235
420 4.195 0.105995 11.9821 3.09994 22.9198 0.000103871 10 0.0377322 19.9934 1.05423 12.2077 0.387594 11.7574
421 4.205 0.0725947 11.9885 3.22595 23.488 0.000170433 10 0.0302792 19.9988 1.0199 12.2975 0.353247 11.7884
422 4.215 0.0480709 11.9928 3.33597 24.0785 0.000276662 10.0001 0.0295162 20.004 0.977415 12.384 0.319888 11.8166
423 4.225 0.0316892 11.9956 3.42583 24.6877 0.000441585 10.0001 0.0358623 20.0103 0.929676 12.4667 0.288282 11.8421
424 4.235 0.0198822 11.9973 3.4931 25.3119 0.000706824 10.0002 0.050054 20.0193 0.877544 12.5451 0.258372 11.8651
425 4.245 0.0122979 11.9984 3.53136 25.9459 0.00114211 10.0003 0.0738762 20.0325 0.825252 12.6192 0.23083 11.8857
426 4.255 0.00739536 11.9991 3.5382 26.5841 0.00175235 10.0004 0.109735 20.0523 0.775249 12.6891 0.205919 11.9042
427 4.265 0.00438096 11.9995 3.50697 27.2196 0.00269959 10.0007 0.15979 20.0812 0.730304 12.7553 0.184069 11.9208
428 4.275 0.00258487 11.9997 3.43739 27.8455 0.00408433 10.001 0.226791 20.1224 0.693953 12.8184 0.164582 11.9358
429 4.285 0.00159447 11.9999 3.33139 28.4549 0.00609296 10.0016 0.312588 20.1794 0.668029 12.8795 0.148756 11.9493
430 4.295 0.00113776 12 3.19201 29.0415 0.00905068 10.0024 0.417896 20.2561 0.654791 12.9397 0.136499 11.9618
431 4.305 0.00105958 12.0001 3.03003 29.601 0.0132116 10.0036 0.542173 20.356 0.656453 13.0003 0.127789 11.9736
432 4.315 0.00140384 12.0002 2.8518 30.13 0.0190599 10.0054 0.682339 20.4823 0.673028 13.0627 0.123628 11.985
433 4.325 0.00222781 12.0004 2.66946 30.6274 0.0272782 10.008 0.832464 20.6372 0.704931 13.1284 0.123892 11.9965
434 4.335 0.00383443 12.0008 2.49336 31.0942 0.0384171 10.0116 0.985545 20.8213 0.75141 13.1987 0.128578 12.0085
435 4.345 0.00661762 12.0014 2.32967 31.5324 0.0535848 10.0166 1.132 21.0338 0.811688 13.2751 0.138313 12.0214
436 4.355 0.0111091 12.0024 2.18384 31.9451 0.073534 10.0235 1.26239 21.2719 0.883451 13.3585 0.153719 12.0359
437 4.365 0.0181709 12.0041 2.05884 32.3359 0.0999105 10.033 1.36662 21.5308 0.96441 13.4501 0.173971 12.0523
438 4.375 0.0292138 12.0069 1.95151 32.708 0.133717 10.0458 1.43619 21.8041 1.05212 13.5504 0.199698 12.0713
439 4.385 0.0456547 12.0113 1.85841 33.064 0.176753 10.0627 1.46733 22.0847 1.14203 13.6598 0.231429 12.0934
440 4.395 0.0689285 12.0179 1.77293 33.4052 0.230085 10.0848 1.4586 22.3648 1.23198 13.7783 0.267245 12.119
441 4.405 0.101831 12.0277 1.68571 33.7311 0.295794 10.1134 1.41239 22.6373 1.31878 13.9058 0.308377 12.1487
442 4.415 0.145847 12.0418 1.59302 34.0404 0.374969 10.1498 1.33687 22.8964 1.39846 14.0416 0.353655 12.1829
443 4.425 0.203378 12.0616 1.48903 34.3309 0.469421 10.1956 1.24048 23.1379 1.46857 14.1848 0.402378 12.222
444 4.435 0.275273 12.0884 1.37353 34.6 0.58008 10.2525 1.13555 23.36 1.52768 14.3345 0.452708 12.2662
445 4.445 0.364078 12.1241 1.24444 34.845 0.70697 10.322 1.03185 23.5627 1.57348 14.4894 0.505048 12.3157
446 4.455 0.467059 12.1701 1.10605 35.0637 0.851186 10.4062 0.940796 23.7484 1.60429 14.648 0.557632 12.3706
447 4.465 0.582436 12.2277 0.962748 35.2549 1.01099 10.5066 0.87007 23.9209 1.62131 14.809 0.609531 12.4309
448 4.475 0.7072 12.298 0.819516 35.4184 1.1853 10.6248 0.824214 24.085 1.62253 14.9708 0.65809 12.4963
449 4.485 0.83829 12.3817 0.682367 35.5552 1.37246 10.7624 0.805808 24.2461 1.60888 15.132 0.702998 12.5664
450 4.495 0.96604 12.4785 0.553783 35.6666 1.5694 10.9203 0.814394 24.4098 1.58109 15.2912 0.742968 12.6409
451 4.505 1.08127 12.5874 0.438946 35.7554 1.77209 11.0995 0.847782 24.5808 1.54085 15.4469 0.775416 12.719
452 4.515 1.1784 12.7066 0.339138 35.8243 1.97512 11.3 0.903514 24.764 1.48767 15.598 0.801789 12.8001
453 4.525 1.24717 12.8333 0.256088 35.8765 2.17623 11.522 0.979827 24.9635 1.4247 15.7433 0.819653 12.8834
454 4.535 1.28379 12.9643 0.188262 35.9151 2.3677 11.7646 1.07432 25.1831 1.35211 15.8818 0.829498 12.968
455 4.545 1.28737 13.0963 0.13503 35.9429 2.54579 12.0265 1.18639 25.4268 1.2722 16.0128 0.831053 13.0532
456 4.555 1.25587 13.2255 0.0946899 35.9624 2.70597 12.3062 1.31476 25.6981 1.1864 16.1354 0.823859 13.138
457 4.565 1.19237 13.3488 0.0645535 35.9758 2.84126 12.6011 1.46393 26.0014 1.09704 16.2493 0.809009 13.2217
458 4.575 1.10121 13.4632 0.0429939 35.9848 2.94975 12.9087 1.6324 26.3411 1.00523 16.3541 0.787539 13.3035
459 4.585 0.989723 13.5664 0.0279096 35.9907 3.02865 13.2258 1.82193 26.722 0.913183 16.4497 0.759586 13.3827
460 4.595 0.865917 13.6572 0.0176945 35.9944 3.07437 13.5492 2.02995 27.1481 0.823071 16.5363 0.728546 13.459
461 4.605 0.73657 13.7347 0.0110173 35.9967 3.08821 13.8754 2.25578 27.6238 0.736096 16.614 0.694212 13.5321
462 4.615 0.6098 13.7991 0.00660765 35.9981 3.06833 14.2009 2.49025 28.1511 0.654955 16.6835 0.658321 13.6016
463 4.625 0.491992 13.8513 0.00390029 35.9989 3.01779 14.5225 2.72499 28.7307 0.58036 16.7453 0.622939 13.6678
464 4.635 0.385439 13.8924 0.00224082 35.9994 2.93698 14.8368 2.9509 29.3611 0.514555 16.8004 0.590256 13.7307
465 4.645 0.295303 13.924 0.00125668 35.9997 2.82946 15.1409 3.15526 30.038 0.459351 16.8498 0.560867 13.7907
466 4.655 0.220496 13.9477 0.000686831 35.9998 2.70063 15.4324 3.33098 30.7557 0.415301 16.8946 0.535791 13.8483
467 4.665 0.160783 13.9651 0.000365799 35.9999 2.5527 15.7091 3.46709 31.5059 0.383908 16.9362 0.516985 13.9042
468 4.675 0.11566 13.9776 0.000186181 36 2.39025 15.9693 3.55737 32.279 0.365649 16.976 0.505014 13.9589
469 4.685 0.0837314 13.9868 0.000101965 36 2.218 16.2119 3.59908 33.0644 0.360898 17.0155 0.500501 14.0134
470 4.695 0.0635273 13.9937 5.30067e-05 36 2.04098 16.436 3.59542 33.8525 0.369916 17.0561 0.50364 14.0685
471 4.705 0.0542544 13.9997 2.45133e-05 36 1.86147 16.6412 3.5458 34.633 0.392258 17.0994 0.515316 14.1251
472 4.715 0.055516 14.0058 1.26633e-05 36 1.68378 16.8277 3.45869 35.3975 0.427056 17.1466 0.53508 14.1841
473 4.725 0.0674255 14.0133 5.83069e-06 36 1.51008 16.9956 3.3411 36.1392 0.473382 17.1993 0.562503 14.2465
474 4.735 0.0920348 14.0235 3.04295e-06 36 1.34399 17.1457 3.20263 36.8531 0.529489 17.2584 0.597535 14.3129
475 4.745 0.131304 14.0382 2.22907e-06 36 1.1863 17.2788 3.05174 37.5363 0.593537 17.325 0.638591 14.3843
476 4.755 0.18763 14.0592 2.54919e-06 36 1.03899 17.3958 2.89759 38.1878 0.663518 17.3997 0.685751 14.4612
477 4.765 0.264764 14.089 4.09268e-06 36 0.902085 17.4978 2.74707 38.8079 0.736096 17.483 0.737467 14.5443
478 4.775 0.365287 14.1304 8.89057e-06 36 0.77733 17.5861 2.60686 39.3989 0.808681 17.5748 0.794123 14.6341
479 4.785 0.491989 14.1863 1.6902e-05 36 0.663704 17.6618 2.48492 39.9647 0.878537 17.675 0.852511 14.731
480 4.795 0.644571 14.2598 4.17124e-05 36 0.562182 17.7262 2.38593 40.5101 0.943175 17.783 0.913214 14.8352
481 4.805 0.821869 14.354 9.67317e-05 36 0.471854 17.7805 2.31631 41.0419 0.999343 17.898 0.974784 14.9468
482 4.815 1.02138 14.4714 0.000210858 36.0001 0.392365 17.8258 2.27756 41.5669 1.04543 18.0187 1.03515 15.0659
483 4.825 1.23548 14.6142 0.000416955 36.0002 0.323636 17.8633 2.27008 42.0924 1.07934 18.1439 1.09547 15.1925
484 4.835 1.45571 14.783 0.000802203 36.0004 0.264807 17.8941 2.29148 42.625 1.10073 18.2721 1.15367 15.3263
485 4.845 1.66924 14.9774 0.00157684 36.0007 0.215302 17.9193 2.3339 43.1698 1.1083 18.4017 1.20995 15.4672
486 4.855 1.86033 15.195 0.00296781 36.0014 0.175024 17.9399 2.38823 43.7295 1.10363 18.5312 1.26445 15.6151
487 4.865 2.01949 15.4322 0.00541637 36.0027 0.142931 17.9567 2.44004 44.3037 1.08746 18.6595 1.31463 15.7695
488 4.875 2.13447 15.6839 0.00958654 36.005 0.118668 17.9708 2.47453 44.8885 1.06153 18.7851 1.36437 15.9304
489 4.885 2.19799 15.9441 0.0164544 36.0089 0.101885 17.9829 2.48046 45.477 1.02796 18.9073 1.41116 16.0975
490 4.895 2.20413 16.2062 0.027617 36.0155 0.0925884 17.9939 2.44367 46.0592 0.988398 19.0253 1.45719 16.2707
491 4.905 2.1552 16.4635 0.0446213 36.0262 0.0909944 18.0048 2.36224 46.6243 0.946091 19.1387 1.50201 16.45
492 4.915 2.05518 16.7098 0.0704948 36.0431 0.0969985 18.0165 2.23339 47.1608 0.902025 19.2472 1.54789 16.6356
493 4.925 1.91163 16.9399 0.108043 36.0693 0.111229 18.0299 2.06232 47.6582 0.85914 19.351 1.59307 16.8273
494 4.935 1.74027 17.1502 0.161013 36.1083 0.134585 18.0463 1.85609 48.1077 0.818892 19.4504 1.64081 17.0256
495 4.945 1.56162 17.3397 0.233263 36.1652 0.167328 18.0667 1.62667 48.5032 0.783234 19.5458 1.69024 17.2306
496 4.955 1.38884 17.5089 0.329167 36.2457 0.211231 18.0925 1.38756 48.8419 0.752084 19.6378 1.74369 17.4431
497 4.965 1.24183 17.6607 0.451343 36.3565 0.266952 18.1253 1.15199 49.1243 0.727016 19.727 1.80058 17.6633
498 4.975 1.13275 17.7999 0.602148 36.505 0.335274 18.1666 0.929798 49.3531 0.707936 19.8143 1.86075 17.8918
499 4.985 1.0761 17.9325 0.781723 36.6985 0.417939 18.2183 0.729745 49.5334 0.694873 19.9003 1.9245 18.1291
500 4.995 1.08174 18.0665 0.988916 36.9443 0.515888 18.2825 0.55721 49.6716 0.688006 19.9858 1.992 18.3757
