# Time-averaged data for fix rdf_p
# TimeStep Number-of-rows
# Row c_rdf_p[1] c_rdf_p[2] c_rdf_p[3] c_rdf_p[4] c_rdf_p[5] c_rdf_p[6] c_rdf_p[7] c_rdf_p[8] c_rdf_p[9] c_rdf_p[10] c_rdf_p[11] c_rdf_p[12] c_rdf_p[13]
1000000 500
1 0.005 0 0 0 0 0 0 0 0 0 0 0 0
2 0.015 0 0 0 0 0 0 0 0 0 0 0 0
3 0.025 0 0 0 0 0 0 0 0 0 0 0 0
4 0.035 0 0 0 0 0 0 0 0 0 0 0 0
5 0.045 0 0 0 0 0 0 0 0 0 0 0 0
6 0.055 0 0 0 0 0 0 0 0 0 0 0 0
7 0.065 0 0 0 0 0 0 0 0 0 0 0 0
8 0.075 0 0 0 0 0 0 0 0 0 0 0 0
9 0.085 0 0 0 0 0 0 0 0 0 0 0 0
10 0.095 0 0 0 0 0 0 0 0 0 0 0 0
11 0.105 0 0 0 0 0 0 0 0 0 0 0 0
12 0.115 0 0 0 0 0 0 0 0 0 0 0 0
13 0.125 0 0 0 0 0 0 0 0 0 0 0 0
14 0.135 0 0 0 0 0 0 0 0 0 0 0 0
15 0.145 0 0 0 0 0 0 0 0 0 0 0 0
16 0.155 0 0 0 0 0 0 0 0 0 0 0 0
17 0.165 0 0 0 0 0 0 0 0 0 0 0 0
18 0.175 0 0 0 0 0 0 0 0 0 0 0 0
19 0.185 0 0 0 0 0 0 0 0 0 0 0 0
20 0.195 0 0 0 0 0 0 0 0 0 0 0 0
21 0.205 0 0 0 0 0 0 0 0 0 0 0 0
22 0.215 0 0 0 0 0 0 0 0 0 0 0 0
23 0.225 0 0 0 0 0 0 0 0 0 0 0 0
24 0.235 0 0 0 0 0 0 0 0 0 0 0 0
25 0.245 0 0 0 0 0 0 0 0 0 0 0 0
26 0.255 0 0 0 0 0 0 0 0 0 0 0 0
27 0.265 0 0 0 0 0 0 0 0 0 0 0 0
28 0.275 0 0 0 0 0 0 0 0 0 0 0 0
29 0.285 0 0 0 0 0 0 0 0 0 0 0 0
30 0.295 0 0 0 0 0 0 0 0 0 0 0 0
31 0.305 0 0 0 0 0 0 0 0 0 0 0 0
32 0.315 0 0 0 0 0 0 0 0 0 0 0 0
33 0.325 0 0 0 0 0 0 0 0 0 0 0 0
34 0.335 0 0 0 0 0 0 0 0 0 0 0 0
35 0.345 0 0 0 0 0 0 0 0 0 0 0 0
36 0.355 0 0 0 0 0 0 0 0 0 0 0 0
37 0.365 0 0 0 0 0 0 0 0 0 0 0 0
38 0.375 0 0 0 0 0 0 0 0 0 0 0 0
39 0.385 0 0 0 0 0 0 0 0 0 0 0 0
40 0.395 0 0 0 0 0 0 0 0 0 0 0 0
41 0.405 0 0 0 0 0 0 0 0 0 0 0 0
42 0.415 0 0 0 0 0 0 0 0 0 0 0 0
43 0.425 0 0 0 0 0 0 0 0 0 0 0 0
44 0.435 0 0 0 0 0 0 0 0 0 0 0 0
45 0.445 0 0 0 0 0 0 0 0 0 0 0 0
46 0.455 0 0 0 0 0 0 0 0 0 0 0 0
47 0.465 0 0 0 0 0 0 0 0 0 0 0 0
48 0.475 0 0 0 0 0 0 0 0 0 0 0 0
49 0.485 0 0 0 0 0 0 0 0 0 0 0 0
50 0.495 0 0 0 0 0 0 0 0 0 0 0 0
51 0.505 0 0 0 0 0 0 0 0 0 0 0 0
52 0.515 0 0 0 0 0 0 0 0 0 0 0 0
53 0.525 0 0 0 0 0 0 0 0 0 0 0 0
54 0.535 0 0 0 0 0 0 0 0 0 0 0 0
55 0.545 0 0 0 0 0 0 0 0 0 0 0 0
56 0.555 0 0 0 0 0 0 0 0 0 0 0 0
57 0.565 0 0 0 0 0 0 0 0 0 0 0 0
58 0.575 0 0 0 0 0 0 0 0 0 0 0 0
59 0.585 0 0 0 0 0 0 0 0 0 0 0 0
60 0.595 0 0 0 0 0 0 0 0 0 0 0 0
61 0.605 0 0 0 0 0 0 0 0 0 0 0 0
62 0.615 0 0 0 0 0 0 0 0 0 0 0 0
63 0.625 0 0 0 0 0 0 0 0 0 0 0 0
64 0.635 0 0 0 0 0 0 0 0 0 0 0 0
65 0.645 0 0 0 0 0 0 0 0 0 0 0 0
66 0.655 0 0 0 0 0 0 0 0 0 0 0 0
67 0.665 0 0 0 0 0 0 0 0 0 0 0 0
68 0.675 0 0 0 0 0 0 0 0 0 0 0 0
69 0.685 0 0 0 0 0 0 0 0 0 0 0 0
70 0.695 0 0 0 0 0 0 0 0 0 0 0 0
71 0.705 0 0 0 0 0 0 0 0 0 0 0 0
72 0.715 0 0 0 0 0 0 0 0 0 0 0 0
73 0.725 0 0 0 0 0 0 0 0 0 0 0 0
74 0.735 0 0 0 0 0 0 0 0 0 0 0 0
75 0.745 0 0 0 0 0 0 0 0 0 0 0 0
76 0.755 0 0 0 0 0 0 0 0 0 0 0 0
77 0.765 0 0 0 0 0 0 0 0 0 0 0 0
78 0.775 0 0 0 0 0 0 0 0 0 0 0 0
79 0.785 0 0 0 0 0 0 0 0 0 0 0 0
80 0.795 0 0 0 0 0 0 0 0 0 0 0 0
81 0.805 0 0 0 0 0 0 0 0 0 0 0 0
82 0.815 0 0 0 0 0 0 0 0 0 0 0 0
83 0.825 0 0 0 0 0 0 0 0 0 0 0 0
84 0.835 0 0 0 0 0 0 0 0 0 0 0 0
85 0.845 0 0 0 0 0 0 0 0 0 0 0 0
86 0.855 0 0 0 0 0 0 0 0 0 0 0 0
87 0.865 0 0 0 0 0 0 0 0 0 0 0 0
88 0.875 0 0 0 0 0 0 0 0 0 0 0 0
89 0.885 0 0 0 0 0 0 0 0 0 0 0 0
90 0.895 0 0 0 0 0 0 0 0 5.2649e-07 1.95312e-09 0 0
91 0.905 0 0 0 0 0 0 0 0 4.78875e-05 1.83594e-07 0 0
92 0.915 0 0 0 0 0 0 0 0 0.000340519 1.50391e-06 0 0
93 0.925 0 0 0 0 0 0 0 0 0.00192721 9.14063e-06 0 0
94 0.935 0 0 0 0 0 0 0 0 0.00831428 4.28027e-05 0 0
95 0.945 0 0 0 0 0 0 0 0 0.0298175 0.000166121 0 0
96 0.955 0 0 0 0 0 0 0 0 0.0901067 0.000546711 0 0
97 0.965 0 0 0 0 0 0 0 0 0.231047 0.00154314 0 0
98 0.975 0 0 0 0 0 0 0 0 0.511283 0.00379408 0 0
99 0.985 0 0 0 0 0 0 0 0 0.993735 0.00825923 0 0
100 0.995 0 0 0 0 0 0 0 0 1.71248 0.016111 0 0
101 1.005 0 0 0 0 0 0 0 0 2.64353 0.0284764 0 0
102 1.015 0 0 0 0 0 0 0 0 3.70277 0.046143 0 0
103 1.025 0 0 0 0 0 0 0 0 4.75862 0.0692967 0 0
104 1.035 0 0 0 0 0 0 0 0 5.66695 0.0974107 0 0
105 1.045 0 0 0 0 0 0 0 0 6.32089 0.129378 0 0
106 1.055 0 0 0 0 0 0 0 0 6.65148 0.163664 0 0
107 1.065 0 0 0 0 0 0 0 0 6.67767 0.19874 0 0
108 1.075 0 0 0 0 0 0 0 0 6.44894 0.233255 0 0
109 1.085 0 0 0 0 0 0 0 0 6.03978 0.266183 0 0
110 1.095 0 0 0 0 0 0 0 0 5.51959 0.296833 0 0
111 1.105 0 0 0 0 0 0 0 0 4.96644 0.324917 0 0
112 1.115 0 0 0 0 0 0 0 0 4.42471 0.350393 0 0
113 1.125 0 0 0 0 0 0 0 0 3.92631 0.373406 0 0
114 1.135 0 0 0 0 0 0 0 0 3.48887 0.394221 0 0
115 1.145 0 0 0 0 0 0 0 0 3.11617 0.413141 0 0
116 1.155 0 0 0 0 0 0 0 0 2.80078 0.430445 0 0
117 1.165 0 0 0 0 0 0 0 0 2.54424 0.446436 0 0
118 1.175 0 0 0 0 0 0 0 0 2.34276 0.461416 0 0
119 1.185 0 0 0 0 0 0 0 0 2.18175 0.475604 0 0
120 1.195 0 0 0 0 0 0 0 0 2.05764 0.489212 0 0
121 1.205 0 0 0 0 0 0 0 0 1.96419 0.502421 0 0
122 1.215 0 0 0 0 0 0 0 0 1.90008 0.515411 0 0
123 1.225 0 0 0 0 0 0 0 0 1.86153 0.528348 0 0
124 1.235 0 0 0 0 0 0 0 0 1.84006 0.541345 0 0
125 1.245 0 0 0 0 0 0 0 0 1.83964 0.554551 0 0
126 1.255 0 0 0 0 0 0 0 0 1.8525 0.568064 0 0
127 1.265 0 0 0 0 0 0 0 0 1.88046 0.582 0 0
128 1.275 0 0 0 0 0 0 0 0 1.92279 0.596475 0 0
129 1.285 0 0 0 0 0 0 0 0 1.97385 0.61157 0 0
130 1.295 0 0 0 0 0 0 0 0 2.03242 0.627355 0 0
131 1.305 0 0 0 0 0 0 0 0 2.09422 0.643872 0 0
132 1.315 0 0 0 0 0 0 0 0 2.1578 0.661152 0 0
133 1.325 0 0 0 0 0 0 0 0 2.2184 0.679189 0 0
134 1.335 0 0 0 0 0 0 0 0 2.27315 0.697951 0 0
135 1.345 0 0 0 0 0 0 0 0 2.31518 0.717348 0 0
136 1.355 0 0 0 0 0 0 0 0 2.34543 0.737291 0 0
137 1.365 0 0 0 0 0 0 0 0 2.3578 0.757636 0 0
138 1.375 0 0 0 0 0 0 0 0 2.3474 0.77819 0 0
139 1.385 0 0 0 0 0 0 0 0 2.31467 0.798752 0 0
140 1.395 0 0 0 0 0 0 0 0 2.25661 0.81909 0 0
141 1.405 0 0 0 0 0 0 0 0 2.17461 0.83897 0 0
142 1.415 0 0 0 0 0 0 0 0 2.06785 0.858145 0 0
143 1.425 0 0 0 0 0 0 0 0 1.93853 0.876375 0 0
144 1.435 0 0 0 0 0 0 0 0 1.79022 0.893448 0 0
145 1.445 0 0 0 0 0 0 0 0 1.62876 0.909198 0 0
146 1.455 0 0 0 0 0 0 0 0 1.46251 0.923537 0 0
147 1.465 0 0 0 0 0 0 0 0 1.29188 0.936377 0 0
148 1.475 0 0 0 0 0 0 0 0 1.12332 0.947696 0 0
149 1.485 0 0 0 0 0 0 0 0 0.962582 0.957526 0 0
150 1.495 0 0 0 0 0 0 0 0 0.813562 0.965947 0 0
151 1.505 0 0 0 0 0 0 0 0 0.676873 0.973047 0 0
152 1.515 0 0 0 0 0 0 0 0 0.55442 0.978941 0 0
153 1.525 0 0 0 0 0 0 0 0 0.448514 0.983771 0 0
154 1.535 0 0 0 0 0 0 0 0 0.35608 0.987657 0 0
155 1.545 0 0 0 0 0 0 0 0 0.278596 0.990737 0 0
156 1.555 0 0 0 0 0 0 0 0 0.214854 0.993143 0 0
157 1.565 0 0 0 0 0 0 0 0 0.162878 0.99499 0 0
158 1.575 0 0 0 0 0 0 0 0 0.121927 0.996391 0 0
159 1.585 0 0 0 0 0 0 0 0 0.0897197 0.997435 0 0
160 1.595 0 0 0 0 0 0 0 0 0.0649482 0.9982 0 0
161 1.605 0 0 0 0 0 0 0 0 0.0464061 0.998754 0 0
162 1.615 0 0 0 0 0 0 0 0 0.0326354 0.999148 0 0
163 1.625 0 0 0 0 0 0 0 0 0.0226806 0.999425 0 0
164 1.635 0 0 0 0 0 0 0 0 0.0155271 0.999617 0 0
165 1.645 0 0 0 0 0 0 0 0 0.0105699 0.99975 0 0
166 1.655 0 0 4.31123e-06 1.09375e-07 0 0 0 0 0.00690613 0.999838 0 0
167 1.665 0 0 2.95129e-05 8.67188e-07 0 0 0 0 0.00453541 0.999896 0 0
168 1.675 0 0 9.68045e-05 3.38281e-06 0 0 0 0 0.00295449 0.999934 0 0
169 1.685 0 0 0.000362731 1.29219e-05 0 0 0 0 0.00186743 0.999959 0 0
170 1.695 0 0 0.00132318 4.81328e-05 0 0 0 0 0.00117991 0.999974 0 0
171 1.705 0 0 0.00410169 0.000158574 0 0 0 0 0.000726387 0.999984 0 0
172 1.715 0 0 0.0114065 0.000469316 0 0 0 0 0.000461134 0.99999 0 0
173 1.725 0 0 0.0291499 0.00127272 0 0 0 0 0.00027198 0.999994 0 0
174 1.735 0 0 0.067944 0.00316712 0 0 0 0 0.000169382 0.999997 0 0
175 1.745 0 0 0.14555 0.00727221 0 0 0 0 0.000106922 0.999998 0 0
176 1.755 0 0 0.288739 0.0155094 0 0 0 0 5.79196e-05 0.999999 0 0
177 1.765 0 0 0.534398 0.0309291 0 0 0 0 3.7906e-05 0.999999 0 0
178 1.775 0 0 0.921242 0.0578129 0 0 0 0 1.56613e-05 1 0 0
179 1.785 0 0 1.48739 0.101709 0 0 0 0 1.0589e-05 1 0 0
180 1.795 0 0 2.26318 0.16925 0 0 0 0 4.97387e-06 1 0 0
181 1.805 0 0 3.25622 0.267512 0 0 0 0 3.23612e-06 1 0 0
182 1.815 0 0 4.44613 0.403173 0 0 0 0 1.53627e-06 1 0 0
183 1.825 0 0 5.77991 0.58148 0 0 0 0 3.7987e-07 1 0 0
184 1.835 0 0 7.17799 0.80535 0 0 0 0 3.75741e-07 1 0 0
185 1.845 0 0 8.54512 1.07477 0 0 0 0 0 1 0 0
186 1.855 0 0 9.78195 1.38654 0 0 0 0 0 1 0 0
187 1.865 0 0 10.801 1.73451 0 0 0 0 0 1 0 0
188 1.875 0 0 11.5218 2.10969 0 0 0 0 0 1 0 0
189 1.885 0 0 11.9191 2.50197 0 0 0 0 0 1 0 0
190 1.895 0 0 11.9708 2.90013 0 0 0 0 0 1 0 0
191 1.905 0 0 11.6917 3.29312 4.64847e-07 7.8125e-09 0 0 0 1 0 0
192 1.915 0 0 11.1304 3.67119 4.60005e-07 1.5625e-08 0 0 3.45003e-07 1 0 0
193 1.925 0 0 10.3415 4.02614 1.82095e-06 4.6875e-08 0 0 7.96666e-07 1 0 0
194 1.935 0 0 9.39016 4.35179 3.37908e-06 1.05469e-07 0 0 7.88453e-07 1 0 0
195 1.945 0 0 8.34066 4.64404 3.12147e-06 1.60156e-07 0 0 1.33777e-06 1 0 0
196 1.955 0 0 7.25452 4.90086 8.16541e-06 3.04687e-07 0 0 2.09652e-06 1 0 0
197 1.965 0 0 6.18151 5.12194 1.46359e-05 5.66406e-07 0 0 4.91504e-06 1 0 0
198 1.975 0 0 5.16768 5.30864 4.21668e-05 1.32813e-06 0 0 6.37907e-06 1 0 0
199 1.985 0 0 4.23895 5.46334 7.64217e-05 2.72266e-06 0 0 1.24159e-05 1 0 0
200 1.995 0 0 3.41639 5.58928 0.000148136 5.45313e-06 0 0 2.39476e-05 1 0 0
201 2.005 0 0 2.70617 5.69005 0.000310949 1.12422e-05 0 0 4.54254e-05 1 0 0
202 2.015 0 0 2.10804 5.76932 0.000599329 2.25117e-05 0 0 7.70715e-05 1 0 0
203 2.025 0 0 1.61465 5.83065 0.00108894 4.31914e-05 0 0 0.000121153 1.00001 0 0
204 2.035 0 0 1.21668 5.87732 0.00196548 8.08867e-05 0 0 0.000200316 1.00001 0 0
205 2.045 0 0 0.902487 5.91228 0.00344344 0.000147578 0 0 0.000349427 1.00002 0 0
206 2.055 0 0 0.658297 5.93803 0.00589946 0.000262957 0 0 0.000564541 1.00003 0 0
207 2.065 0 0 0.474589 5.95677 0.00995654 0.000459582 0 0 0.00087636 1.00004 0 0
208 2.075 0 0 0.337748 5.97024 0.0162838 0.000784281 0 0 0.00139079 1.00007 0 0
209 2.085 0 0 0.236728 5.97977 0.025934 0.0013064 0 0 0.00223527 1.00012 0 0
210 2.095 0 0 0.163112 5.9864 0.0402482 0.0021245 0 0 0.0035351 1.00019 0 0
211 2.105 0 0 0.111076 5.99096 0.0618509 0.00339373 0 0 0.00543951 1.0003 0 0
212 2.115 0 0 0.0749328 5.99407 0.0927352 0.00531486 0 0 0.00831266 1.00047 0 0
213 2.125 0 0 0.0499223 5.99616 0.135629 0.0081512 0 0 0.0125295 1.00073 0 0
214 2.135 0 0 0.0325354 5.99753 0.194545 0.012258 0 0 0.0186342 1.00113 0 0
215 2.145 0 0 0.0212056 5.99843 0.271701 0.0180475 0 0 0.0272252 1.00171 0 0
216 2.155 0 0 0.0136718 5.99902 0.372494 0.0260588 0 0 0.039329 1.00255 0 0
217 2.165 0 0 0.0085627 5.99939 0.498621 0.0368825 0 0 0.0561074 1.00377 0 0
218 2.175 0 0 0.00533705 5.99963 0.654883 0.0512299 0 0 0.0789104 1.0055 0 0
219 2.185 0 0 0.00330888 5.99977 0.842546 0.0698587 0 0 0.109372 1.00792 0 0
220 2.195 0 0 0.00199365 5.99986 1.06317 0.0935812 0 0 0.149498 1.01126 0 0
221 2.205 0 0 0.00124421 5.99992 1.31584 0.12321 2.60731e-07 1.17188e-08 0.201457 1.01579 0 0
222 2.215 0 0 0.000736585 5.99995 1.59858 0.159532 1.29191e-06 7.03125e-08 0.26712 1.02186 1.03556e-06 2.34375e-08
223 2.225 0 0 0.000432927 5.99997 1.90827 0.203283 5.29201e-06 3.125e-07 0.349464 1.02987 2.05254e-06 7.03125e-08
224 2.235 0 0 0.000262317 5.99998 2.23716 0.255037 1.96256e-05 1.21875e-06 0.449933 1.04028 2.37325e-06 1.25e-07
225 2.245 0 0 0.000143423 5.99999 2.58174 0.315298 7.31093e-05 4.625e-06 0.572696 1.05365 3.02419e-06 1.95313e-07
226 2.255 0 0 8.56736e-05 5.99999 2.93303 0.38437 0.000225115 1.5207e-05 0.71711 1.07054 2.99743e-06 2.65625e-07
227 2.265 0 0 5.16254e-05 6 3.28811 0.462492 0.000661159 4.65625e-05 0.885541 1.09158 2.64091e-06 3.28125e-07
228 2.275 0 0 3.13717e-05 6 3.63656 0.549657 0.00165191 0.000125598 1.07751 1.1174 4.58105e-06 4.375e-07
229 2.285 0 0 1.22775e-05 6 3.97725 0.645828 0.00402229 0.000319738 1.29147 1.14863 1.13526e-05 7.10938e-07
230 2.295 0 0 8.72773e-06 6 4.30291 0.750787 0.00912629 0.000764094 1.52656 1.18587 1.86493e-05 1.16406e-06
231 2.305 0 0 4.04826e-06 6 4.61066 0.864234 0.0191331 0.00170381 1.77758 1.22961 2.32692e-05 1.73438e-06
232 2.315 0 0 2.04603e-06 6 4.90107 0.985876 0.0371665 0.00354511 2.03934 1.28022 4.39251e-05 2.82031e-06
233 2.325 0 0 1.79441e-06 6 5.16779 1.11525 0.068494 0.00696782 2.30528 1.33793 6.32856e-05 4.39844e-06
234 2.335 0 0 8.50862e-07 6 5.40775 1.25179 0.117767 0.0129035 2.5654 1.40271 8.94579e-05 6.64844e-06
235 2.345 0 0 0 6 5.63081 1.39519 0.190611 0.022593 2.81424 1.47438 0.000126269 9.85156e-06
236 2.355 0 0 0 6 5.82831 1.54489 0.290187 0.0374706 3.04247 1.55252 0.000197876 1.49141e-05
237 2.365 0 0 0 6 5.99684 1.70023 0.41904 0.0591371 3.24282 1.63652 0.000289767 2.23906e-05
238 2.375 0 0 0 6 6.13433 1.86047 0.572166 0.0889717 3.40525 1.72548 0.000425144 3.34531e-05
239 2.385 0 0 0 6 6.24174 2.0249 0.742317 0.128005 3.52316 1.81829 0.000648457 5.04687e-05
240 2.395 0 0 0 6 6.31216 2.19258 0.918745 0.176722 3.58854 1.91362 0.000949522 7.55938e-05
241 2.405 0 0 0 6 6.34782 2.36262 1.08749 0.234869 3.60678 2.01023 0.00138875 0.000112648
242 2.415 0 0 0 6 6.34275 2.53393 1.2386 0.301647 3.56883 2.10662 0.00194119 0.000164875
243 2.425 0 0 0 6 6.30122 2.70554 1.36019 0.37559 3.4816 2.20144 0.00271286 0.000238469
244 2.435 0 0 0 6 6.22608 2.87651 1.45051 0.455093 3.34549 2.29331 0.00383057 0.000343242
245 2.445 0 0 0 6 6.12115 3.04597 1.51161 0.538628 3.16861 2.38103 0.00535856 0.000491016
246 2.455 0 0 0 6 5.99168 3.21321 1.54999 0.624986 2.95839 2.4636 0.00739154 0.000696523
247 2.465 0 0 0 6 5.83752 3.37748 1.57499 0.713453 2.72035 2.54015 0.0100333 0.000977758
248 2.475 0 0 0 6 5.67124 3.53837 1.59602 0.803831 2.46756 2.61016 0.0133212 0.00135419
249 2.485 0 0 0 6 5.49838 3.69561 1.62534 0.896614 2.20373 2.67318 0.0180432 0.00186818
250 2.495 0 0 0 6 5.32391 3.84909 1.66533 0.992446 1.9408 2.72913 0.0239331 0.00255545
251 2.505 0 0 0 6 5.15272 3.99884 1.72021 1.09223 1.68416 2.77807 0.031693 0.00347287
252 2.515 2.94521e-06 8.59375e-08 0 6 4.98399 4.14483 1.78583 1.19665 1.44152 2.8203 0.041396 0.00468076
253 2.525 1.59378e-06 1.32812e-07 0 6 4.8177 4.28708 1.85869 1.3062 1.21589 2.8562 0.0538565 0.00626474
254 2.535 6.58846e-06 3.28125e-07 0 6 4.6556 4.42564 1.93915 1.4214 1.01094 2.88629 0.0690015 0.00831027
255 2.545 3.73904e-05 1.44531e-06 0 6 4.48732 4.56024 2.02992 1.54294 0.828947 2.91115 0.0875216 0.0109253
256 2.555 0.000116224 4.94531e-06 0 6 4.31583 4.69072 2.13817 1.67197 0.669775 2.9314 0.110566 0.0142549
257 2.565 0.000286755 1.36484e-05 0 6 4.13381 4.81667 2.27775 1.8105 0.534087 2.94768 0.137913 0.0184407
258 2.575 0.000696004 3.49375e-05 0 6 3.94464 4.9378 2.46895 1.96184 0.420166 2.96058 0.170986 0.0236707
259 2.585 0.00153561 8.22734e-05 0 6 3.74002 5.05354 2.72664 2.13027 0.325413 2.97065 0.21023 0.0301512
260 2.595 0.00316327 0.000180539 0 6 3.51707 5.16323 3.06388 2.32099 0.249337 2.97842 0.256071 0.0381059
261 2.605 0.00653362 0.00038507 0 6 3.28048 5.26632 3.48827 2.53982 0.187911 2.98433 0.308522 0.047764
262 2.615 0.0127305 0.000786656 0 6 3.03157 5.36233 3.99582 2.79241 0.139783 2.98876 0.368502 0.0593885
263 2.625 0.0235531 0.00153534 0 6 2.77365 5.45084 4.57095 3.08357 0.102608 2.99203 0.437282 0.0732883
264 2.635 0.0418107 0.00287452 0 6 2.51221 5.53162 5.19 3.41669 0.074482 2.99443 0.514825 0.089778
265 2.645 0.0716639 0.00518734 0 6 2.24842 5.60447 5.81699 3.79289 0.0534585 2.99616 0.600149 0.109147
266 2.655 0.117126 0.00899598 0 6 1.98928 5.66941 6.40978 4.21057 0.0380501 2.9974 0.692474 0.131664
267 2.665 0.183711 0.0150149 0 6 1.73709 5.72655 6.93462 4.66586 0.0269717 2.99829 0.79086 0.157575
268 2.675 0.280949 0.0242889 0 6 1.49803 5.77619 7.35058 5.15209 0.0190905 2.99892 0.897388 0.187198
269 2.685 0.411497 0.0379739 0 6 1.27678 5.81882 7.63465 5.66089 0.0138645 2.99938 1.0093 0.220763
270 2.695 0.58254 0.0574918 0 6 1.07394 5.85494 7.76744 6.18241 0.0105663 2.99974 1.12406 0.258425
271 2.705 0.797589 0.0844135 0 6 0.891051 5.88514 7.74198 6.70608 0.00884178 3.00004 1.24171 0.300337
272 2.715 1.05713 0.12036 0 6 0.730568 5.91007 7.5761 7.22232 0.0084257 3.00033 1.35868 0.346538
273 2.725 1.35924 0.166921 0 6 0.59028 5.93037 7.28602 7.72247 0.00917721 3.00064 1.47341 0.39701
274 2.735 1.69246 0.225322 0 6 0.471402 5.9467 6.89308 8.19911 0.0109974 3.00102 1.58345 0.451649
275 2.745 2.04573 0.296431 0 6 0.371453 5.95967 6.4257 8.6467 0.0140994 3.00151 1.68875 0.510349
276 2.755 2.40905 0.380779 0 6 0.289041 5.96983 5.9191 9.06201 0.0185129 3.00216 1.78284 0.572772
277 2.765 2.75952 0.478102 0 6 0.221844 5.97768 5.39392 9.44322 0.0245181 3.00303 1.86578 0.638575
278 2.775 3.06356 0.58693 0 6 0.16819 5.98368 4.87316 9.79012 0.0323935 3.00419 1.93655 0.707368
279 2.785 3.30875 0.705317 0 6 0.125973 5.9882 4.37054 10.1035 0.0428416 3.00573 1.99085 0.778601
280 2.795 3.47805 0.830657 0 6 0.0931405 5.99157 3.89604 10.3848 0.0561529 3.00776 2.02873 0.851711
281 2.805 3.56431 0.960026 5.89613e-07 6 0.0678563 5.99405 3.45766 10.6363 0.0726171 3.0104 2.05045 0.926134
282 2.815 3.55567 1.09 2.12884e-06 6 0.0489348 5.99584 3.04626 10.8595 0.0929973 3.01382 2.0524 1.00116
283 2.825 3.44909 1.21698 1.79673e-06 6 0.0347354 5.99713 2.66673 11.0562 0.118177 3.01818 2.03805 1.07619
284 2.835 3.26318 1.33797 2.36128e-06 6 0.0243714 5.99803 2.31404 11.2281 0.148769 3.02372 2.00435 1.1505
285 2.845 3.00844 1.4503 4.79362e-06 6 0.0168972 5.99867 1.98771 11.3769 0.185105 3.03066 1.95395 1.22346
286 2.855 2.70212 1.5519 1.0762e-05 6 0.011729 5.99911 1.6872 11.504 0.228095 3.03927 1.88768 1.29444
287 2.865 2.36591 1.64149 2.48677e-05 6 0.0079435 5.99941 1.41276 11.6112 0.278636 3.04986 1.80829 1.36291
288 2.875 2.02377 1.71865 4.99513e-05 6.00001 0.00528586 5.99961 1.1645 11.7002 0.336885 3.06276 1.71822 1.42843
289 2.885 1.69003 1.78354 0.000104684 6.00002 0.00351364 5.99975 0.942347 11.7727 0.403204 3.0783 1.61759 1.49054
290 2.895 1.37632 1.83676 0.000203797 6.00003 0.00229642 5.99984 0.748276 11.8307 0.477734 3.09684 1.50922 1.54889
291 2.905 1.09668 1.87945 0.000370411 6.00006 0.00149803 5.9999 0.58346 11.8762 0.560821 3.11876 1.39655 1.60325
292 2.915 0.851607 1.91283 0.000708152 6.00012 0.000969217 5.99994 0.44514 11.9111 0.652879 3.14445 1.28146 1.65348
293 2.925 0.646453 1.93834 0.00124717 6.00021 0.000591422 5.99996 0.332008 11.9374 0.751882 3.17425 1.16544 1.69948
294 2.935 0.478597 1.95736 0.00209119 6.00038 0.000395189 5.99997 0.24356 11.9568 0.859185 3.20852 1.0512 1.74125
295 2.945 0.344587 1.97115 0.00354285 6.00067 0.000241477 5.99998 0.174047 11.9708 0.972422 3.24758 0.942698 1.77897
296 2.955 0.242574 1.98092 0.0058228 6.00114 0.00014895 5.99999 0.121977 11.9806 1.09136 3.29171 0.837829 1.81272
297 2.965 0.166708 1.98768 0.00937562 6.0019 9.49852e-05 5.99999 0.0835595 11.9874 1.21363 3.34112 0.741162 1.84278
298 2.975 0.111659 1.99224 0.0146161 6.0031 6.1469e-05 6 0.055899 11.992 1.33877 3.396 0.651206 1.86936
299 2.985 0.072717 1.99523 0.0224598 6.00495 3.45521e-05 6 0.0367832 11.995 1.46304 3.45637 0.570223 1.8928
300 2.995 0.045957 1.99713 0.0338339 6.00776 2.17214e-05 6 0.023472 11.9969 1.58601 3.52226 0.500229 1.9135
301 3.005 0.0282113 1.99831 0.0496756 6.01192 1.48518e-05 6 0.0146946 11.9982 1.70498 3.59356 0.440759 1.93186
302 3.015 0.0171168 1.99902 0.0710954 6.0179 6.77358e-06 6 0.0089749 11.9989 1.81742 3.67007 0.392475 1.94832
303 3.025 0.0102602 1.99946 0.0995667 6.02634 2.30441e-06 6 0.00543547 11.9994 1.92117 3.75148 0.35605 1.96335
304 3.035 0.00586618 1.99971 0.136402 6.03798 1.55669e-06 6 0.00317521 11.9997 2.01358 3.83738 0.331642 1.97744
305 3.045 0.00321614 1.99984 0.182819 6.05368 6.36786e-07 6 0.0017967 11.9998 2.09207 3.92721 0.319285 1.9911
306 3.055 0.00173892 1.99992 0.239794 6.07441 3.615e-07 6 0.00103089 11.9999 2.15545 4.02038 0.319967 2.00487
307 3.065 0.000976377 1.99996 0.307917 6.1012 2.69358e-07 6 0.000573327 11.9999 2.20091 4.11613 0.334215 2.01936
308 3.075 0.000494332 1.99998 0.385761 6.13499 1.78406e-07 6 0.000298656 12 2.22919 4.21375 0.362736 2.03518
309 3.085 0.000398245 2 0.473215 6.1767 7.97632e-07 6 0.000165744 12 2.23671 4.31233 0.405754 2.05299
310 3.095 0.000428737 2.00002 0.567143 6.22702 4.4027e-07 6 8.70352e-05 12 2.22418 4.411 0.463644 2.07348
311 3.105 0.000693336 2.00005 0.666312 6.28652 7.87389e-07 6 4.23393e-05 12 2.19233 4.50889 0.536638 2.09735
312 3.115 0.0012968 2.00011 0.768006 6.35555 2.95551e-06 6 2.22968e-05 12 2.14219 4.60515 0.625835 2.12536
313 3.125 0.00249066 2.00022 0.865357 6.43382 4.2322e-06 6 8.82713e-06 12 2.07634 4.69906 0.730532 2.15827
314 3.135 0.00459239 2.00043 0.957105 6.52095 6.77988e-06 6 3.26759e-06 12 1.99527 4.78987 0.850714 2.19684
315 3.145 0.00857307 2.00082 1.03725 6.61597 8.52764e-06 6 1.9652e-06 12 1.90189 4.87699 0.983974 2.24174
316 3.155 0.0153539 2.00152 1.10091 6.71748 1.10158e-05 6 1.06128e-06 12 1.80036 4.95999 1.13273 2.29375
317 3.165 0.0263837 2.00274 1.14668 6.82387 1.81877e-05 6 6.74935e-07 12 1.69347 5.03855 1.29342 2.35352
318 3.175 0.0444123 2.00481 1.17263 6.93336 2.63568e-05 6 4.19181e-07 12 1.58451 5.11252 1.46376 2.42159
319 3.185 0.072794 2.00822 1.17986 7.04421 3.98279e-05 6.00001 0 12 1.47732 5.18193 1.64307 2.49848
320 3.195 0.116637 2.01371 1.1683 7.15468 6.70941e-05 6.00001 0 12 1.37523 5.24694 1.8255 2.58444
321 3.205 0.179682 2.02222 1.1401 7.26315 0.000105187 6.00001 0 12 1.28099 5.30788 2.00866 2.67962
322 3.215 0.269895 2.03509 1.10065 7.36852 0.000163533 6.00002 0 12 1.19676 5.36517 2.19527 2.7843
323 3.225 0.393808 2.05399 1.05741 7.47039 0.000251485 6.00003 0 12 1.12449 5.41933 2.37471 2.89823
324 3.235 0.560732 2.08106 1.0133 7.56861 0.000397104 6.00005 0 12 1.06597 5.47099 2.54584 3.02114
325 3.245 0.776006 2.11875 0.978104 7.66401 0.000595395 6.00008 0 12 1.02135 5.5208 2.70365 3.15247
326 3.255 1.04711 2.16993 0.959581 7.75817 0.000903973 6.00013 0 12 0.991286 5.56944 2.84911 3.29172
327 3.265 1.37343 2.23747 0.964011 7.85336 0.00132389 6.00019 0 12 0.976234 5.61764 2.97839 3.43819
328 3.275 1.75911 2.32451 0.998174 7.95252 0.00197553 6.00029 0 12 0.973355 5.66598 3.08763 3.59096
329 3.285 2.19458 2.43376 1.06901 8.05937 0.00286443 6.00043 0 12 0.982015 5.71506 3.17692 3.74911
330 3.295 2.67874 2.56792 1.18015 8.17805 0.0041482 6.00064 0 12 1.00175 5.76543 3.24455 3.91161
331 3.305 3.19633 2.72898 1.3339 8.313 0.00583826 6.00094 0 12 1.02886 5.81748 3.29437 4.07761
332 3.315 3.73107 2.91812 1.52969 8.4687 0.00825647 6.00136 1.53809e-07 12 1.06152 5.8715 3.32476 4.24615
333 3.325 4.26148 3.13546 1.76645 8.64959 0.0116705 6.00195 2.6755e-07 12 1.09712 5.92767 3.3374 4.41636
334 3.335 4.76971 3.38018 2.03882 8.85962 0.0162783 6.00279 4.5591e-07 12 1.13325 5.98605 3.33415 4.58743
335 3.345 5.24435 3.65087 2.33442 9.10156 0.022404 6.00395 4.53188e-07 12 1.1679 6.04656 3.31736 4.75866
336 3.355 5.66613 3.94508 2.64513 9.37733 0.030507 6.00554 6.00654e-07 12 1.19824 6.10903 3.29162 4.92957
337 3.365 6.02058 4.25957 2.9588 9.68764 0.0412672 6.00771 1.08222e-06 12 1.22308 6.17317 3.25711 5.09971
338 3.375 6.30105 4.59066 3.26062 10.0317 0.0549211 6.01061 2.22584e-06 12 1.24159 6.23866 3.21803 5.2688
339 3.385 6.5062 4.93456 3.53934 10.4073 0.0724871 6.01445 6.37996e-06 12 1.25168 6.30508 3.17674 5.43672
340 3.395 6.64306 5.28778 3.78112 10.8109 0.0948744 6.01952 1.1695e-05 12 1.25428 6.37203 3.13732 5.60353
341 3.405 6.70874 5.64659 3.97332 11.2376 0.122444 6.02609 1.81868e-05 12 1.24925 6.43911 3.09981 5.76932
342 3.415 6.70713 6.00742 4.11062 11.6817 0.156409 6.03454 3.89146e-05 12 1.23812 6.50598 3.06773 5.93436
343 3.425 6.63668 6.36656 4.18453 12.1363 0.198203 6.04531 7.70151e-05 12 1.22249 6.57239 3.04076 6.09891
344 3.435 6.50466 6.72061 4.19986 12.5953 0.248358 6.05888 0.000134512 12 1.20457 6.63822 3.01804 6.26318
345 3.445 6.30677 7.06589 4.15512 13.0521 0.308268 6.07582 0.000247348 12.0001 1.18668 6.70344 3.00355 6.42762
346 3.455 6.06342 7.39979 4.05533 13.5004 0.378921 6.09677 0.000426702 12.0001 1.17229 6.76825 2.98905 6.59222
347 3.465 5.76427 7.71904 3.91109 13.9354 0.460481 6.12237 0.000713124 12.0002 1.16307 6.83292 2.98269 6.75741
348 3.475 5.4185 8.02088 3.72996 14.3526 0.554113 6.15336 0.00123563 12.0003 1.15995 6.89779 2.97404 6.92308
349 3.485 5.03103 8.30276 3.51752 14.7483 0.660219 6.1905 0.00205588 12.0006 1.16567 6.96335 2.96577 7.08925
350 3.495 4.60786 8.5624 3.28525 15.12 0.778064 6.23451 0.00329894 12.0009 1.18124 7.03017 2.95436 7.25572
351 3.505 4.16059 8.79819 3.03855 15.4657 0.907446 6.28614 0.00527903 12.0015 1.20627 7.0988 2.93759 7.4222
352 3.515 3.69957 9.00905 2.79232 15.7853 1.04649 6.34602 0.00831902 12.0025 1.24134 7.16983 2.9131 7.58823
353 3.525 3.23792 9.19465 2.5459 16.0783 1.19589 6.41484 0.0127434 12.0039 1.28404 7.24372 2.88008 7.75332
354 3.535 2.78927 9.35544 2.30116 16.3446 1.35124 6.49303 0.0192282 12.0062 1.33154 7.32078 2.83322 7.91664
355 3.545 2.35827 9.49215 2.06658 16.5852 1.51215 6.58104 0.0283047 12.0094 1.38288 7.40126 2.77639 8.0776
356 3.555 1.95907 9.60637 1.84199 16.8008 1.67417 6.67903 0.041048 12.0142 1.43369 7.48518 2.70336 8.2352
357 3.565 1.59662 9.69997 1.62923 16.9926 1.8346 6.78701 0.0581451 12.0211 1.47977 7.57227 2.61805 8.3887
358 3.575 1.27596 9.7752 1.42844 17.1617 1.98893 6.90473 0.0809355 12.0306 1.51934 7.6622 2.51998 8.53727
359 3.585 1.00089 9.83454 1.24114 17.3094 2.1351 7.03182 0.110439 12.0438 1.54731 7.7543 2.40726 8.67999
360 3.595 0.769092 9.8804 1.06795 17.4372 2.26918 7.16763 0.148161 12.0615 1.56348 7.84788 2.28363 8.81614
361 3.605 0.578544 9.91508 0.907986 17.5465 2.38495 7.31118 0.195023 12.0849 1.56466 7.94205 2.14947 8.945
362 3.615 0.426969 9.94082 0.764183 17.639 2.48072 7.46131 0.252371 12.1154 1.55048 8.03589 2.0088 9.0661
363 3.625 0.308637 9.95953 0.634571 17.7163 2.55527 7.61682 0.320866 12.1544 1.52055 8.12842 1.86051 9.17888
364 3.635 0.217974 9.97282 0.519478 17.7798 2.60385 7.77615 0.401623 12.2034 1.4762 8.21875 1.71074 9.28316
365 3.645 0.151226 9.98208 0.419948 17.8315 2.62689 7.93778 0.494814 12.2642 1.41846 8.30603 1.55902 9.37871
366 3.655 0.102473 9.9884 0.334612 17.8729 2.62244 8.10003 0.600483 12.3383 1.35017 8.38956 1.40806 9.46548
367 3.665 0.0688265 9.99266 0.26262 17.9056 2.59251 8.2613 0.71914 12.4276 1.2731 8.46876 1.26176 9.54367
368 3.675 0.0444198 9.99543 0.202555 17.9309 2.53466 8.41984 0.847584 12.5335 1.19112 8.54326 1.12134 9.61353
369 3.685 0.0285559 9.99722 0.153692 17.9503 2.45318 8.57411 0.98523 12.6571 1.1072 8.61289 0.988988 9.67548
370 3.695 0.0177643 9.99834 0.114885 17.9648 2.35021 8.72271 1.13021 12.7998 1.02459 8.67767 0.864744 9.72995
371 3.705 0.0108211 9.99902 0.0839705 17.9755 2.22804 8.86435 1.27865 12.962 0.944688 8.73773 0.749743 9.77742
372 3.715 0.00640918 9.99943 0.0605679 17.9832 2.09061 8.99798 1.42793 13.1442 0.870773 8.79338 0.647043 9.81862
373 3.725 0.00393217 9.99968 0.0429161 17.9887 1.94155 9.12274 1.57157 13.3458 0.803958 8.84505 0.554794 9.85413
374 3.735 0.00218848 9.99983 0.0297212 17.9926 1.78511 9.23807 1.70488 13.5657 0.746092 8.89325 0.474803 9.88468
375 3.745 0.00125933 9.99991 0.020083 17.9952 1.62367 9.34353 1.82498 13.8023 0.696836 8.93851 0.404734 9.91087
376 3.755 0.000683308 9.99995 0.0133439 17.9969 1.46233 9.43902 1.92614 14.0533 0.657705 8.98146 0.346623 9.93342
377 3.765 0.000365827 9.99997 0.0087448 17.9981 1.30346 9.52459 2.00493 14.316 0.627856 9.02268 0.298647 9.95294
378 3.775 0.000190146 9.99999 0.00561736 17.9988 1.15105 9.60055 2.05534 14.5868 0.606923 9.06273 0.260023 9.97004
379 3.785 0.000106511 9.99999 0.00353459 17.9993 1.00415 9.66718 2.07599 14.8617 0.593954 9.10214 0.229803 9.98523
380 3.795 7.02022e-05 10 0.00217816 17.9996 0.86747 9.72504 2.06718 15.137 0.588344 9.14138 0.20805 9.99905
381 3.805 5.34573e-05 10 0.00131277 17.9998 0.742399 9.77481 2.02833 15.4084 0.589026 9.18087 0.193231 10.012
382 3.815 7.30753e-05 10 0.000773653 17.9999 0.629293 9.81723 1.96316 15.6726 0.595 9.22098 0.184122 10.0243
383 3.825 0.000113902 10 0.000463342 17.9999 0.527451 9.85297 1.87553 15.9262 0.604191 9.26192 0.180337 10.0365
384 3.835 0.000200018 10 0.000264731 18 0.43715 9.88274 1.76714 16.1665 0.615485 9.30384 0.181452 10.0488
385 3.845 0.000301161 10 0.000149935 18 0.359228 9.90734 1.64444 16.3912 0.628389 9.34686 0.185896 10.0615
386 3.855 0.000537548 10.0001 8.15602e-05 18 0.291921 9.92743 1.51425 16.5992 0.641147 9.39099 0.193297 10.0747
387 3.865 0.000883952 10.0001 4.1134e-05 18 0.235035 9.94369 1.37865 16.7896 0.652339 9.43612 0.202865 10.0887
388 3.875 0.0015419 10.0003 2.17951e-05 18 0.187244 9.95671 1.24305 16.9622 0.662096 9.48216 0.214519 10.1036
389 3.885 0.00251769 10.0004 1.38872e-05 18 0.147555 9.96702 1.11012 17.1171 0.669519 9.52896 0.226997 10.1194
390 3.895 0.00407811 10.0007 8.84001e-06 18 0.115039 9.97511 0.983337 17.255 0.673601 9.57628 0.240739 10.1362
391 3.905 0.0064105 10.0012 1.06478e-05 18 0.0888051 9.98138 0.864257 17.3768 0.675231 9.62397 0.255046 10.1542
392 3.915 0.00992077 10.0019 1.67844e-05 18 0.0677549 9.98619 0.753714 17.4836 0.674298 9.67183 0.269426 10.1732
393 3.925 0.0149437 10.0029 3.0332e-05 18 0.0513008 9.98985 0.651799 17.5764 0.671058 9.71971 0.284084 10.1934
394 3.935 0.0225629 10.0045 5.38465e-05 18 0.0384947 9.99261 0.559888 17.6566 0.666572 9.76751 0.299002 10.2148
395 3.945 0.0328014 10.0069 0.000106958 18 0.0285792 9.99467 0.476731 17.7251 0.662101 9.81523 0.314426 10.2373
396 3.955 0.0469958 10.0103 0.000189514 18.0001 0.0209512 9.99619 0.403917 17.7835 0.659195 9.86298 0.330002 10.2611
397 3.965 0.0662645 10.0151 0.000373229 18.0001 0.015255 9.9973 0.341231 17.8331 0.657911 9.91088 0.345456 10.2862
398 3.975 0.091414 10.0218 0.000657481 18.0002 0.0109429 9.9981 0.288741 17.8753 0.659065 9.95911 0.361864 10.3126
399 3.985 0.124385 10.0309 0.00113586 18.0004 0.00779414 9.99867 0.247307 17.9116 0.664233 10.008 0.379113 10.3403
400 3.995 0.166107 10.0431 0.00194704 18.0007 0.00554524 9.99908 0.217458 17.9437 0.672912 10.0577 0.396929 10.3696
401 4.005 0.217794 10.0592 0.00330602 18.0012 0.0038889 9.99937 0.199721 17.9733 0.686145 10.1087 0.415468 10.4003
402 4.015 0.27972 10.08 0.00545745 18.002 0.00269646 9.99957 0.194491 18.0023 0.703076 10.1612 0.435033 10.4327
403 4.025 0.352317 10.1063 0.00877705 18.0033 0.0018475 9.99971 0.202568 18.0326 0.722938 10.2154 0.455443 10.4667
404 4.035 0.436171 10.1391 0.0137808 18.0054 0.00126713 9.9998 0.224233 18.0664 0.745822 10.2716 0.476561 10.5025
405 4.045 0.530168 10.1791 0.0213612 18.0086 0.000874504 9.99987 0.258804 18.1055 0.770196 10.33 0.49725 10.54
406 4.055 0.633473 10.2272 0.0323195 18.0135 0.000578472 9.99991 0.305886 18.152 0.795529 10.3906 0.517462 10.5793
407 4.065 0.743289 10.2838 0.0477846 18.0208 0.000385999 9.99994 0.36255 18.2074 0.82083 10.4534 0.538523 10.6203
408 4.075 0.854611 10.3493 0.0690461 18.0315 0.000252702 9.99996 0.427795 18.2731 0.845732 10.5184 0.557629 10.663
409 4.085 0.964961 10.4236 0.0979086 18.0466 0.000168015 9.99998 0.498098 18.3499 0.868389 10.5855 0.575982 10.7074
410 4.095 1.06838 10.5062 0.136281 18.0678 0.000108395 9.99999 0.569239 18.4382 0.888644 10.6546 0.592356 10.7532
411 4.105 1.16132 10.5965 0.185617 18.0967 7.1528e-05 9.99999 0.636621 18.5373 0.906739 10.7253 0.606384 10.8003
412 4.115 1.24101 10.6934 0.247938 18.1356 4.37346e-05 9.99999 0.696169 18.6463 0.922229 10.7976 0.618577 10.8487
413 4.125 1.30037 10.7955 0.324911 18.1868 2.75612e-05 10 0.743303 18.7632 0.935222 10.8713 0.626592 10.8978
414 4.135 1.33926 10.9011 0.418543 18.2531 1.76111e-05 10 0.774922 18.8857 0.945122 10.9462 0.631272 10.9476
415 4.145 1.354 11.0085 0.52861 18.3372 1.06041e-05 10 0.788659 19.011 0.953089 11.022 0.632059 10.9977
416 4.155 1.3457 11.1156 0.655831 18.4421 8.50115e-06 10 0.782329 19.1358 0.958299 11.0986 0.628292 11.0478
417 4.165 1.31174 11.2206 0.798513 18.5704 6.66133e-06 10 0.757682 19.2573 0.961634 11.1759 0.622551 11.0976
418 4.175 1.25375 11.3214 0.956926 18.7249 5.80683e-06 10 0.715731 19.3726 0.96336 11.2536 0.612536 11.1468
419 4.185 1.17881 11.4167 1.12843 18.908 7.99443e-06 10 0.659715 19.4795 0.962699 11.3317 0.599573 11.1953
420 4.195 1.09108 11.5052 1.30848 19.1212 9.72977e-06 10 0.593714 19.576 0.960701 11.41 0.582975 11.2426
421 4.205 0.991737 11.5861 1.4954 19.3661 1.50739e-05 10 0.521004 19.6612 0.957171 11.4884 0.563855 11.2886
422 4.215 0.883925 11.6586 1.68558 19.6435 2.30734e-05 10 0.446273 19.7345 0.952482 11.5668 0.541892 11.333
423 4.225 0.773719 11.7223 1.8742 19.9534 4.11089e-05 10 0.372421 19.7959 0.946141 11.645 0.519173 11.3758
424 4.235 0.665194 11.7773 2.05874 20.2954 6.74863e-05 10 0.303977 19.8463 0.938566 11.723 0.495667 11.4168
425 4.245 0.562059 11.824 2.23705 20.6688 0.000110512 10 0.242641 19.8868 0.929014 11.8005 0.472247 11.456
426 4.255 0.466698 11.863 2.40369 21.0719 0.00017531 10 0.190136 19.9186 0.917905 11.8774 0.448115 11.4935
427 4.265 0.380221 11.8949 2.55932 21.5031 0.000274229 10.0001 0.146194 19.9432 0.905286 11.9537 0.424285 11.5291
428 4.275 0.304661 11.9206 2.7032 21.9606 0.000451328 10.0001 0.111962 19.9621 0.891817 12.0292 0.401461 11.5629
429 4.285 0.240246 11.941 2.83311 22.4425 0.000690535 10.0002 0.0871475 19.9769 0.877053 12.1038 0.379867 11.5951
430 4.295 0.18605 11.9568 2.94865 22.9463 0.00105389 10.0002 0.0713409 19.989 0.860468 12.1773 0.358756 11.6256
431 4.305 0.140814 11.9688 3.05228 23.4702 0.00161585 10.0004 0.0646692 20.0001 0.843342 12.2497 0.338741 11.6546
432 4.315 0.105196 11.9779 3.14277 24.0122 0.00241799 10.0006 0.0670283 20.0117 0.825229 12.3208 0.321294 11.6822
433 4.325 0.0775216 11.9846 3.21536 24.5693 0.00360144 10.0009 0.0793755 20.0254 0.807299 12.3908 0.304892 11.7085
434 4.335 0.0560564 11.9894 3.27223 25.1389 0.00530189 10.0014 0.102489 20.0432 0.789397 12.4595 0.289775 11.7336
435 4.345 0.0397921 11.9929 3.3096 25.7176 0.00759731 10.002 0.137746 20.0672 0.77263 12.527 0.276051 11.7576
436 4.355 0.0276334 11.9953 3.3265 26.302 0.0108153 10.003 0.185911 20.0998 0.757323 12.5935 0.264287 11.7808
437 4.365 0.0189837 11.997 3.32189 26.8882 0.0152896 10.0043 0.248924 20.1437 0.744779 12.6592 0.254271 11.8031
438 4.375 0.0130925 11.9981 3.29187 27.4718 0.0212519 10.0062 0.326875 20.2015 0.736059 12.7245 0.245381 11.8248
439 4.385 0.00907903 11.9989 3.23671 28.0483 0.0291869 10.0088 0.420014 20.2762 0.732456 12.7897 0.238825 11.846
440 4.395 0.0068989 11.9995 3.15945 28.6135 0.0395159 10.0123 0.527077 20.3703 0.734247 12.8554 0.233586 11.8668
441 4.405 0.00608891 12.0001 3.06074 29.1636 0.0528225 10.0171 0.645422 20.4861 0.742903 12.9222 0.230553 11.8874
442 4.415 0.0063539 12.0007 2.94369 29.6951 0.0699322 10.0234 0.77073 20.6249 0.759263 12.9907 0.230067 11.9081
443 4.425 0.00817501 12.0014 2.81311 30.2053 0.0911526 10.0317 0.898323 20.7875 0.783515 13.0618 0.23186 11.929
444 4.435 0.0113011 12.0024 2.67413 30.6924 0.117766 10.0424 1.02236 20.9734 0.815397 13.136 0.236443 11.9505
445 4.445 0.0165315 12.0039 2.53238 31.1559 0.150341 10.0562 1.13518 21.1808 0.855344 13.2143 0.244141 11.9727
446 4.455 0.0241875 12.0061 2.39063 31.5954 0.189115 10.0735 1.22934 21.4063 0.903023 13.2973 0.25528 11.9961
447 4.465 0.0351559 12.0094 2.25141 32.0111 0.235722 10.0953 1.30099 21.6461 0.957637 13.3857 0.269158 12.0209
448 4.475 0.0501303 12.014 2.11719 32.4038 0.29075 10.1223 1.34498 21.8951 1.01714 13.48 0.287323 12.0474
449 4.485 0.0702444 12.0205 1.9887 32.7743 0.354306 10.1553 1.35943 22.1479 1.07986 13.5806 0.308571 12.076
450 4.495 0.0976479 12.0296 1.86544 33.1234 0.427629 10.1953 1.34499 22.3991 1.14559 13.6878 0.332932 12.1071
451 4.505 0.132072 12.042 1.74706 33.4518 0.510169 10.2432 1.30385 22.6437 1.21159 13.8017 0.3613 12.1409
452 4.515 0.175543 12.0585 1.63188 33.76 0.602649 10.3001 1.24107 22.8776 1.27545 13.9221 0.391945 12.1778
453 4.525 0.228221 12.0801 1.51675 34.0476 0.704462 10.3669 1.16387 23.0979 1.33523 14.0487 0.426069 12.218
454 4.535 0.29047 12.1076 1.40079 34.3144 0.815021 10.4446 1.07944 23.3031 1.3911 14.1812 0.461319 12.2618
455 4.545 0.363036 12.1422 1.28181 34.5597 0.934936 10.534 0.99485 23.4931 1.43989 14.319 0.498769 12.3093
456 4.555 0.445106 12.1848 1.1628 34.7832 1.0612 10.636 0.917111 23.669 1.48075 14.4613 0.536666 12.3607
457 4.565 0.532844 12.236 1.04217 34.9843 1.1926 10.7511 0.852117 23.8331 1.51169 14.6072 0.574011 12.4159
458 4.575 0.62585 12.2965 0.921601 35.163 1.32881 10.8799 0.803561 23.9886 1.5327 14.7557 0.611266 12.4749
459 4.585 0.721856 12.3665 0.802981 35.3193 1.46715 11.0227 0.77409 24.139 1.54234 14.9059 0.645703 12.5375
460 4.595 0.815505 12.4459 0.690078 35.4543 1.60496 11.1796 0.765143 24.2884 1.54005 15.0565 0.677614 12.6035
461 4.605 0.903461 12.5343 0.582886 35.5688 1.7407 11.3506 0.77585 24.4405 1.52659 15.2064 0.70621 12.6726
462 4.615 0.981179 12.6307 0.484696 35.6644 1.87186 11.5352 0.805382 24.599 1.50191 15.3545 0.730047 12.7443
463 4.625 1.04531 12.7338 0.396086 35.7429 1.99502 11.7329 0.8532 24.7677 1.46652 15.4998 0.750483 12.8184
464 4.635 1.09138 12.842 0.317627 35.8061 2.10959 11.9428 0.916263 24.9497 1.42057 15.6412 0.765205 12.8942
465 4.645 1.11803 12.9533 0.250412 35.8561 2.21087 12.1637 0.996769 25.1485 1.36488 15.7775 0.775246 12.9714
466 4.655 1.12095 13.0653 0.193815 35.895 2.29942 12.3944 1.09292 25.3674 1.30074 15.9081 0.779826 13.0493
467 4.665 1.10194 13.1759 0.147175 35.9247 2.37263 12.6335 1.20711 25.6103 1.22929 16.032 0.779509 13.1276
468 4.675 1.06339 13.2832 0.109777 35.9469 2.43035 12.8795 1.34014 25.881 1.15268 16.1486 0.774762 13.2057
469 4.685 1.00541 13.385 0.0802228 35.9632 2.46804 13.1304 1.49417 26.1842 1.0724 16.2576 0.765117 13.2831
470 4.695 0.933718 13.4799 0.05754 35.975 2.4889 13.3845 1.66746 26.524 0.990099 16.3587 0.753966 13.3598
471 4.705 0.848482 13.5665 0.0403979 35.9833 2.49165 13.6399 1.86034 26.9047 0.908122 16.4518 0.739012 13.4353
472 4.715 0.757406 13.6442 0.0278633 35.989 2.47818 13.8951 2.06988 27.3301 0.827753 16.537 0.722427 13.5094
473 4.725 0.662984 13.7125 0.0188918 35.9929 2.44691 14.1481 2.29032 27.8028 0.751179 16.6147 0.705931 13.5821
474 4.735 0.569044 13.7714 0.0125254 35.9955 2.40071 14.3973 2.51616 28.3243 0.680501 16.6854 0.689006 13.6533
475 4.745 0.47889 13.8211 0.00811425 35.9972 2.34096 14.6414 2.73979 28.8945 0.616921 16.7497 0.673042 13.7232
476 4.755 0.397567 13.8626 0.00520156 35.9983 2.26931 14.8791 2.94982 29.511 0.562119 16.8085 0.658816 13.792
477 4.765 0.323773 13.8965 0.00324952 35.999 2.18627 15.1089 3.13735 30.1695 0.517563 16.863 0.647258 13.8597
478 4.775 0.260371 13.9239 0.00201327 35.9994 2.09531 15.3302 3.29269 30.8636 0.483787 16.9141 0.638582 13.9269
479 4.785 0.208801 13.9459 0.0012162 35.9996 1.99843 15.5421 3.41064 31.5855 0.461672 16.963 0.633491 13.9938
480 4.795 0.169521 13.9639 0.000719107 35.9998 1.89758 15.7442 3.48467 32.3261 0.451463 17.0111 0.632359 14.0609
481 4.805 0.141385 13.979 0.000420859 35.9999 1.79437 15.936 3.51671 33.0767 0.452999 17.0595 0.634887 14.1285
482 4.815 0.125531 13.9924 0.00024088 35.9999 1.69025 16.1175 3.50585 33.828 0.466074 17.1096 0.641796 14.1972
483 4.825 0.121937 14.0055 0.000133474 36 1.58634 16.2885 3.4574 34.5721 0.48978 17.1624 0.652958 14.2673
484 4.835 0.131388 14.0196 7.94321e-05 36 1.48363 16.4492 3.37789 35.3021 0.523213 17.219 0.668477 14.3394
485 4.845 0.15549 14.0365 5.03589e-05 36 1.38326 16.5995 3.27576 36.0129 0.564928 17.2804 0.688046 14.4139
486 4.855 0.19439 14.0576 4.54818e-05 36 1.28615 16.7399 3.16174 36.7019 0.613205 17.3474 0.711233 14.4912
487 4.865 0.249249 14.0848 5.43825e-05 36 1.1925 16.8706 3.04121 37.3673 0.666403 17.4204 0.739251 14.5719
488 4.875 0.321238 14.12 9.20288e-05 36 1.10303 16.992 2.92541 38.01 0.723019 17.5 0.770291 14.6564
489 4.885 0.41181 14.1654 0.00017332 36.0001 1.01705 17.1044 2.82101 38.6323 0.779965 17.5862 0.805089 14.745
490 4.895 0.52062 14.2229 0.000317186 36.0001 0.935406 17.2082 2.73212 39.2374 0.83567 17.6789 0.842305 14.8381
491 4.905 0.646418 14.2947 0.000563161 36.0003 0.857414 17.3038 2.6621 39.8295 0.88885 17.778 0.882664 14.9361
492 4.915 0.788463 14.3825 0.000998787 36.0005 0.7839 17.3915 2.61238 40.4129 0.936588 17.8827 0.925093 15.0392
493 4.925 0.944834 14.4883 0.0017401 36.0009 0.715336 17.4718 2.58433 40.9923 0.97784 17.9926 0.969891 15.1477
494 4.935 1.10965 14.6129 0.00295986 36.0016 0.65152 17.5453 2.57479 41.572 1.0115 18.1067 1.0173 15.262
495 4.945 1.27577 14.7568 0.00493613 36.0027 0.592186 17.6124 2.57843 42.1549 1.0365 18.224 1.06502 15.3821
496 4.955 1.43876 14.9198 0.00802922 36.0045 0.538535 17.6736 2.58883 42.7425 1.05218 18.3437 1.11354 15.5082
497 4.965 1.59112 15.1007 0.0127174 36.0074 0.490546 17.7296 2.59948 43.3348 1.05826 18.4645 1.16389 15.6406
498 4.975 1.72639 15.2978 0.019638 36.0119 0.449204 17.7811 2.60254 43.9303 1.0553 18.5855 1.21359 15.7791
499 4.985 1.83485 15.5082 0.0298757 36.0188 0.415213 17.8289 2.58933 44.5251 1.04377 18.7056 1.26499 15.9242
500 4.995 1.91443 15.7285 0.0443358 36.029 0.388726 17.8738 2.5549 45.1144 1.02429 18.8239 1.31544 16.0756
