# Time-averaged data for fix rdf_p
# TimeStep Number-of-rows
# Row c_rdf_p[1] c_rdf_p[2] c_rdf_p[3] c_rdf_p[4] c_rdf_p[5] c_rdf_p[6] c_rdf_p[7] c_rdf_p[8] c_rdf_p[9] c_rdf_p[10] c_rdf_p[11] c_rdf_p[12] c_rdf_p[13]
1000000 500
1 0.005 0 0 0 0 0 0 0 0 0 0 0 0
2 0.015 0 0 0 0 0 0 0 0 0 0 0 0
3 0.025 0 0 0 0 0 0 0 0 0 0 0 0
4 0.035 0 0 0 0 0 0 0 0 0 0 0 0
5 0.045 0 0 0 0 0 0 0 0 0 0 0 0
6 0.055 0 0 0 0 0 0 0 0 0 0 0 0
7 0.065 0 0 0 0 0 0 0 0 0 0 0 0
8 0.075 0 0 0 0 0 0 0 0 0 0 0 0
9 0.085 0 0 0 0 0 0 0 0 0 0 0 0
10 0.095 0 0 0 0 0 0 0 0 0 0 0 0
11 0.105 0 0 0 0 0 0 0 0 0 0 0 0
12 0.115 0 0 0 0 0 0 0 0 0 0 0 0
13 0.125 0 0 0 0 0 0 0 0 0 0 0 0
14 0.135 0 0 0 0 0 0 0 0 0 0 0 0
15 0.145 0 0 0 0 0 0 0 0 0 0 0 0
16 0.155 0 0 0 0 0 0 0 0 0 0 0 0
17 0.165 0 0 0 0 0 0 0 0 0 0 0 0
18 0.175 0 0 0 0 0 0 0 0 0 0 0 0
19 0.185 0 0 0 0 0 0 0 0 0 0 0 0
20 0.195 0 0 0 0 0 0 0 0 0 0 0 0
21 0.205 0 0 0 0 0 0 0 0 0 0 0 0
22 0.215 0 0 0 0 0 0 0 0 0 0 0 0
23 0.225 0 0 0 0 0 0 0 0 0 0 0 0
24 0.235 0 0 0 0 0 0 0 0 0 0 0 0
25 0.245 0 0 0 0 0 0 0 0 0 0 0 0
26 0.255 0 0 0 0 0 0 0 0 0 0 0 0
27 0.265 0 0 0 0 0 0 0 0 0 0 0 0
28 0.275 0 0 0 0 0 0 0 0 0 0 0 0
29 0.285 0 0 0 0 0 0 0 0 0 0 0 0
30 0.295 0 0 0 0 0 0 0 0 0 0 0 0
31 0.305 0 0 0 0 0 0 0 0 0 0 0 0
32 0.315 0 0 0 0 0 0 0 0 0 0 0 0
33 0.325 0 0 0 0 0 0 0 0 0 0 0 0
34 0.335 0 0 0 0 0 0 0 0 0 0 0 0
35 0.345 0 0 0 0 0 0 0 0 0 0 0 0
36 0.355 0 0 0 0 0 0 0 0 0 0 0 0
37 0.365 0 0 0 0 0 0 0 0 0 0 0 0
38 0.375 0 0 0 0 0 0 0 0 0 0 0 0
39 0.385 0 0 0 0 0 0 0 0 0 0 0 0
40 0.395 0 0 0 0 0 0 0 0 0 0 0 0
41 0.405 0 0 0 0 0 0 0 0 0 0 0 0
42 0.415 0 0 0 0 0 0 0 0 0 0 0 0
43 0.425 0 0 0 0 0 0 0 0 0 0 0 0
44 0.435 0 0 0 0 0 0 0 0 0 0 0 0
45 0.445 0 0 0 0 0 0 0 0 0 0 0 0
46 0.455 0 0 0 0 0 0 0 0 0 0 0 0
47 0.465 0 0 0 0 0 0 0 0 0 0 0 0
48 0.475 0 0 0 0 0 0 0 0 0 0 0 0
49 0.485 0 0 0 0 0 0 0 0 0 0 0 0
50 0.495 0 0 0 0 0 0 0 0 0 0 0 0
51 0.505 0 0 0 0 0 0 0 0 0 0 0 0
52 0.515 0 0 0 0 0 0 0 0 0 0 0 0
53 0.525 0 0 0 0 0 0 0 0 0 0 0 0
54 0.535 0 0 0 0 0 0 0 0 0 0 0 0
55 0.545 0 0 0 0 0 0 0 0 0 0 0 0
56 0.555 0 0 0 0 0 0 0 0 0 0 0 0
57 0.565 0 0 0 0 0 0 0 0 0 0 0 0
58 0.575 0 0 0 0 0 0 0 0 0 0 0 0
59 0.585 0 0 0 0 0 0 0 0 0 0 0 0
60 0.595 0 0 0 0 0 0 0 0 0 0 0 0
61 0.605 0 0 0 0 0 0 0 0 0 0 0 0
62 0.615 0 0 0 0 0 0 0 0 0 0 0 0
63 0.625 0 0 0 0 0 0 0 0 0 0 0 0
64 0.635 0 0 0 0 0 0 0 0 0 0 0 0
65 0.645 0 0 0 0 0 0 0 0 0 0 0 0
66 0.655 0 0 0 0 0 0 0 0 0 0 0 0
67 0.665 0 0 0 0 0 0 0 0 0 0 0 0
68 0.675 0 0 0 0 0 0 0 0 0 0 0 0
69 0.685 0 0 0 0 0 0 0 0 0 0 0 0
70 0.695 0 0 0 0 0 0 0 0 0 0 0 0
71 0.705 0 0 0 0 0 0 0 0 0 0 0 0
72 0.715 0 0 0 0 0 0 0 0 0 0 0 0
73 0.725 0 0 0 0 0 0 0 0 0 0 0 0
74 0.735 0 0 0 0 0 0 0 0 0 0 0 0
75 0.745 0 0 0 0 0 0 0 0 0 0 0 0
76 0.755 0 0 0 0 0 0 0 0 0 0 0 0
77 0.765 0 0 0 0 0 0 0 0 0 0 0 0
78 0.775 0 0 0 0 0 0 0 0 0 0 0 0
79 0.785 0 0 0 0 0 0 0 0 0 0 0 0
80 0.795 0 0 0 0 0 0 0 0 0 0 0 0
81 0.805 0 0 0 0 0 0 0 0 0 0 0 0
82 0.815 0 0 0 0 0 0 0 0 0 0 0 0
83 0.825 0 0 0 0 0 0 0 0 0 0 0 0
84 0.835 0 0 0 0 0 0 0 0 0 0 0 0
85 0.845 0 0 0 0 0 0 0 0 0 0 0 0
86 0.855 0 0 0 0 0 0 0 0 0 0 0 0
87 0.865 0 0 0 0 0 0 0 0 0 0 0 0
88 0.875 0 0 0 0 0 0 0 0 0 0 0 0
89 0.885 0 0 0 0 0 0 0 0 1.65245e-06 5.85938e-09 0 0
90 0.895 0 0 0 0 0 0 0 0 2.4236e-05 9.375e-08 0 0
91 0.905 0 0 0 0 0 0 0 0 0.000197528 8.26172e-07 0 0
92 0.915 0 0 0 0 0 0 0 0 0.00156906 6.77344e-06 0 0
93 0.925 0 0 0 0 0 0 0 0 0.00769979 3.65996e-05 0 0
94 0.935 0 0 0 0 0 0 0 0 0.0317561 0.000162285 0 0
95 0.945 0 0 0 0 0 0 0 0 0.10538 0.000588332 0 0
96 0.955 0 0 0 0 0 0 0 0 0.293654 0.00180082 0 0
97 0.965 0 0 0 0 0 0 0 0 0.69603 0.00473521 0 0
98 0.975 0 0 0 0 0 0 0 0 1.4162 0.0108301 0 0
99 0.985 0 0 0 0 0 0 0 0 2.51836 0.0218919 0 0
100 0.995 0 0 0 0 0 0 0 0 3.95413 0.0396147 0 0
101 1.005 0 0 0 0 0 0 0 0 5.56122 0.0650442 0 0
102 1.015 0 0 0 0 0 0 0 0 7.07761 0.0980548 0 0
103 1.025 0 0 0 0 0 0 0 0 8.24831 0.137287 0 0
104 1.035 0 0 0 0 0 0 0 0 8.88201 0.180363 0 0
105 1.045 0 0 0 0 0 0 0 0 8.93612 0.224542 0 0
106 1.055 0 0 0 0 0 0 0 0 8.47529 0.267248 0 0
107 1.065 0 0 0 0 0 0 0 0 7.64633 0.306511 0 0
108 1.075 0 0 0 0 0 0 0 0 6.62026 0.341147 0 0
109 1.085 0 0 0 0 0 0 0 0 5.54683 0.37071 0 0
110 1.095 0 0 0 0 0 0 0 0 4.53286 0.395315 0 0
111 1.105 0 0 0 0 0 0 0 0 3.64733 0.415477 0 0
112 1.115 0 0 0 0 0 0 0 0 2.90786 0.431844 0 0
113 1.125 0 0 0 0 0 0 0 0 2.31374 0.445101 0 0
114 1.135 0 0 0 0 0 0 0 0 1.85047 0.455893 0 0
115 1.145 0 0 0 0 0 0 0 0 1.49658 0.464776 0 0
116 1.155 0 0 0 0 0 0 0 0 1.22883 0.472197 0 0
117 1.165 0 0 0 0 0 0 0 0 1.02847 0.478517 0 0
118 1.175 0 0 0 0 0 0 0 0 0.881645 0.484027 0 0
119 1.185 0 0 0 0 0 0 0 0 0.773972 0.488948 0 0
120 1.195 0 0 0 0 0 0 0 0 0.698152 0.493461 0 0
121 1.205 0 0 0 0 0 0 0 0 0.647177 0.497716 0 0
122 1.215 0 0 0 0 0 0 0 0 0.614937 0.501825 0 0
123 1.225 0 0 0 0 0 0 0 0 0.598479 0.505891 0 0
124 1.235 0 0 0 0 0 0 0 0 0.595613 0.510004 0 0
125 1.245 0 0 0 0 0 0 0 0 0.606491 0.51426 0 0
126 1.255 0 0 0 0 0 0 0 0 0.629378 0.518748 0 0
127 1.265 0 0 0 0 0 0 0 0 0.663787 0.523557 0 0
128 1.275 0 0 0 0 0 0 0 0 0.709947 0.528782 0 0
129 1.285 0 0 0 0 0 0 0 0 0.769033 0.53453 0 0
130 1.295 0 0 0 0 0 0 0 0 0.840394 0.540911 0 0
131 1.305 0 0 0 0 0 0 0 0 0.923988 0.548035 0 0
132 1.315 0 0 0 0 0 0 0 0 1.02125 0.55603 0 0
133 1.325 0 0 0 0 0 0 0 0 1.13065 0.565016 0 0
134 1.335 0 0 0 0 0 0 0 0 1.25092 0.57511 0 0
135 1.345 0 0 0 0 0 0 0 0 1.38046 0.586415 0 0
136 1.355 0 0 0 0 0 0 0 0 1.519 0.599042 0 0
137 1.365 0 0 0 0 0 0 0 0 1.66188 0.61306 0 0
138 1.375 0 0 0 0 0 0 0 0 1.80312 0.628493 0 0
139 1.385 0 0 0 0 0 0 0 0 1.94054 0.645345 0 0
140 1.395 0 0 0 0 0 0 0 0 2.07285 0.663608 0 0
141 1.405 0 0 0 0 0 0 0 0 2.18481 0.683133 0 0
142 1.415 0 0 0 0 0 0 0 0 2.27587 0.703763 0 0
143 1.425 0 0 0 0 0 0 0 0 2.34095 0.725283 0 0
144 1.435 0 0 0 0 0 0 0 0 2.37191 0.747396 0 0
145 1.445 0 0 0 0 0 0 0 0 2.37546 0.769851 0 0
146 1.455 0 0 0 0 0 0 0 0 2.33974 0.792275 0 0
147 1.465 0 0 0 0 0 0 0 0 2.27155 0.814347 0 0
148 1.475 0 0 0 0 0 0 0 0 2.17414 0.835761 0 0
149 1.485 0 0 0 0 0 0 0 0 2.05016 0.856229 0 0
150 1.495 0 0 0 0 0 0 0 0 1.90395 0.875494 0 0
151 1.505 0 0 0 0 0 0 0 0 1.74268 0.893364 0 0
152 1.515 0 0 0 0 0 0 0 0 1.57293 0.909708 0 0
153 1.525 0 0 0 0 0 0 0 0 1.39699 0.924417 0 0
154 1.535 0 0 0 0 0 0 0 0 1.2246 0.93748 0 0
155 1.545 0 0 0 0 0 0 0 0 1.05715 0.948904 0 0
156 1.555 0 0 0 0 0 0 0 0 0.899256 0.958748 0 0
157 1.565 0 0 0 0 0 0 0 0 0.753803 0.967106 0 0
158 1.575 0 0 0 0 0 0 0 0 0.621937 0.974091 0 0
159 1.585 0 0 0 0 0 0 0 0 0.506992 0.979857 0 0
160 1.595 0 0 0 0 0 0 0 0 0.406101 0.984534 0 0
161 1.605 0 0 0 0 0 0 0 0 0.320636 0.988274 0 0
162 1.615 0 0 0 0 0 0 0 0 0.24889 0.991213 0 0
163 1.625 0 0 0 0 0 0 0 0 0.191352 0.9935 0 0
164 1.635 0 0 0 0 0 0 0 0 0.144268 0.995246 0 0
165 1.645 0 0 1.91314e-06 4.6875e-08 0 0 0 0 0.107881 0.996568 0 0
166 1.655 0 0 1.14981e-05 3.32031e-07 0 0 0 0 0.0795067 0.997554 0 0
167 1.665 0 0 2.73893e-05 1.01953e-06 0 0 0 0 0.0575058 0.998275 0 0
168 1.675 0 0 0.000111482 3.85156e-06 0 0 0 0 0.0414693 0.998802 0 0
169 1.685 0 0 0.000417404 1.4582e-05 0 0 0 0 0.0289393 0.999174 0 0
170 1.695 0 0 0.00147699 5.30039e-05 0 0 0 0 0.02037 0.999439 0 0
171 1.705 0 0 0.00454075 0.000172523 0 0 0 0 0.014075 0.999624 0 0
172 1.715 0 0 0.0128026 0.000513473 0 0 0 0 0.00949647 0.999751 0 0
173 1.725 0 0 0.0327291 0.00139528 0 0 0 0 0.00642931 0.999837 0 0
174 1.735 0 0 0.0761928 0.00347199 0 0 0 0 0.00421081 0.999895 0 0
175 1.745 0 0 0.161745 0.00793146 0 0 0 0 0.00276247 0.999933 0 0
176 1.755 0 0 0.319322 0.0168367 0 0 0 0 0.00179989 0.999958 0 0
177 1.765 0 0 0.584775 0.0333313 0 0 0 0 0.00112742 0.999974 0 0
178 1.775 0 0 0.995321 0.061725 0 0 0 0 0.000702866 0.999984 0 0
179 1.785 0 0 1.58821 0.107544 0 0 0 0 0.000435584 0.99999 0 0
180 1.795 0 0 2.37981 0.176972 0 0 0 0 0.000263106 0.999994 0 0
181 1.805 0 0 3.36145 0.276133 0 0 0 0 0.000164727 0.999996 0 0
182 1.815 0 0 4.48757 0.409986 0 0 0 0 0.000100448 0.999998 0 0
183 1.825 0 0 5.70264 0.581961 0 0 0 0 5.46619e-05 0.999999 0 0
184 1.835 0 0 6.91344 0.79274 0 0 0 0 3.22869e-05 0.999999 0 0
185 1.845 0 0 8.02328 1.04003 0 0 0 0 1.90106e-05 1 0 0
186 1.855 0 0 8.96153 1.31924 0 0 0 0 1.14091e-05 1 0 0
187 1.865 0 0 9.66934 1.62376 0 0 0 0 7.19396e-06 1 0 0
188 1.875 0 0 10.1213 1.94595 0 0 0 0 3.19057e-06 1 0 0
189 1.885 0 0 10.3198 2.27796 0 0 0 0 1.33557e-06 1 0 0
190 1.895 0 0 10.2797 2.6122 0 0 0 0 1.80207e-06 1 0 0
191 1.905 0 0 10.0524 2.94251 0 0 0 0 9.51038e-07 1 0 0
192 1.915 0 0 9.66502 3.26343 7.05849e-07 1.17188e-08 0 0 2.35283e-07 1 0 0
193 1.925 0 0 9.16113 3.57081 6.98534e-07 2.34375e-08 0 0 1.16422e-07 1 0 0
194 1.935 0 0 8.57415 3.86149 1.84355e-06 5.46875e-08 0 0 5.76111e-07 1 0 0
195 1.945 0 0 7.93162 4.13317 4.56162e-06 1.32812e-07 0 0 6.84242e-07 1 0 0
196 1.955 0 0 7.25225 4.38415 6.09534e-06 2.38281e-07 0 0 2.93479e-06 1 0 0
197 1.965 0 0 6.56144 4.61354 1.31842e-05 4.6875e-07 0 0 4.46923e-06 1 0 0
198 1.975 0 0 5.87318 4.82097 2.94202e-05 9.88281e-07 0 0 5.53011e-06 1 0 0
199 1.985 0 0 5.1976 5.00641 5.14606e-05 1.90625e-06 0 0 1.44528e-05 1 0 0
200 1.995 0 0 4.55181 5.17044 0.000117501 4.02344e-06 0 0 2.63402e-05 1 0 0
201 2.005 0 0 3.94185 5.31392 0.000224508 8.10938e-06 0 0 4.80781e-05 1 0 0
202 2.015 0 0 3.37779 5.4381 0.00039208 1.53164e-05 0 0 8.18161e-05 1 0 0
203 2.025 0 0 2.86129 5.54433 0.000774119 2.96875e-05 0 0 0.000136455 1.00001 0 0
204 2.035 0 0 2.39663 5.6342 0.00138805 5.57109e-05 0 0 0.000226792 1.00001 0 0
205 2.045 0 0 1.98267 5.70928 0.00241869 0.000101504 0 0 0.000372923 1.00002 0 0
206 2.055 0 0 1.62086 5.77125 0.00420055 0.000181813 0 0 0.000605187 1.00003 0 0
207 2.065 0 0 1.31311 5.82195 0.00708301 0.000318551 0 0 0.000950809 1.00005 0 0
208 2.075 0 0 1.05106 5.86293 0.0116012 0.000544688 0 0 0.00147402 1.00008 0 0
209 2.085 0 0 0.830391 5.89561 0.018723 0.000913172 0 0 0.00226038 1.00012 0 0
210 2.095 0 0 0.647573 5.92135 0.0295938 0.0015012 0 0 0.00346695 1.00019 0 0
211 2.105 0 0 0.49887 5.94136 0.0455801 0.00241555 0 0 0.00534016 1.0003 0 0
212 2.115 0 0 0.380043 5.95676 0.0681683 0.00379605 0 0 0.00788559 1.00046 0 0
213 2.125 0 0 0.285902 5.96844 0.100352 0.00584757 0 0 0.0116083 1.00069 0 0
214 2.135 0 0 0.213245 5.97725 0.14482 0.00883609 0 0 0.0168897 1.00104 0 0
215 2.145 0 0 0.156993 5.98379 0.204139 0.0130883 0 0 0.0244695 1.00155 0 0
216 2.155 0 0 0.11355 5.98856 0.280338 0.0189823 0 0 0.0349352 1.00229 0 0
217 2.165 0 0 0.0817593 5.99203 0.378062 0.0270048 0 0 0.0492084 1.00333 0 0
218 2.175 0 0 0.058041 5.99452 0.499071 0.0376932 0 0 0.0685458 1.0048 0 0
219 2.185 0 0 0.0404454 5.99627 0.645451 0.051644 0 0 0.0940753 1.00683 0 0
220 2.195 0 0 0.0279535 5.99748 0.816774 0.0694596 0 0 0.127446 1.00961 0 0
221 2.205 0 0 0.0190429 5.99832 1.01429 0.0917857 0 0 0.170193 1.01336 0 0
222 2.215 0 0 0.013007 5.9989 1.23716 0.119265 0 0 0.224644 1.01835 1.41244e-06 3.125e-08
223 2.225 0 0 0.00855529 5.99928 1.48069 0.152451 3.49259e-07 1.5625e-08 0.292678 1.02491 3.49943e-07 3.90625e-08
224 2.235 0 0 0.00562355 5.99954 1.74095 0.191822 5.1921e-07 3.90625e-08 0.376157 1.03341 1.38728e-06 7.03125e-08
225 2.245 0 0 0.00362167 5.9997 2.01578 0.237816 4.20253e-06 2.30469e-07 0.476575 1.04429 2.40615e-06 1.25e-07
226 2.255 0 0 0.00236977 5.99981 2.2975 0.290707 1.86165e-05 1.08594e-06 0.596116 1.05801 8.51736e-06 3.20313e-07
227 2.265 0 0 0.00152175 5.99988 2.58397 0.350722 6.58054e-05 4.13672e-06 0.735902 1.0751 7.42924e-06 4.92187e-07
228 2.275 0 0 0.000951505 5.99993 2.87198 0.418016 0.000197104 1.33555e-05 0.89584 1.09609 1.10461e-05 7.5e-07
229 2.285 0 0 0.000584674 5.99996 3.15526 0.492598 0.000542767 3.89648e-05 1.07569 1.12152 1.69222e-05 1.14844e-06
230 2.295 0 0 0.00035565 5.99997 3.43952 0.574614 0.00132263 0.000101918 1.27499 1.15192 2.1051e-05 1.64844e-06
231 2.305 0 0 0.000225574 5.99998 3.72385 0.664184 0.00307708 0.000249656 1.49144 1.1878 4.10853e-05 2.63281e-06
232 2.315 0 0 0.000138138 5.99999 4.00911 0.761455 0.0064906 0.000563996 1.71961 1.22952 5.01058e-05 3.84375e-06
233 2.325 0 0 8.02879e-05 5.99999 4.29893 0.866661 0.012901 0.0011942 1.95737 1.27742 7.01869e-05 5.55469e-06
234 2.335 0 0 4.76344e-05 6 4.58953 0.979946 0.0245215 0.00240239 2.19663 1.33164 0.000116932 8.42969e-06
235 2.345 0 0 2.94985e-05 6 4.88191 1.10148 0.0436577 0.00457188 2.43483 1.39226 0.000201944 1.34375e-05
236 2.355 0 0 1.54799e-05 6 5.17342 1.23138 0.0740206 0.00828166 2.66367 1.45914 0.000268018 2.01406e-05
237 2.365 0 0 8.33028e-06 6 5.46402 1.36974 0.118121 0.014252 2.87369 1.5319 0.000388103 2.99297e-05
238 2.375 0 0 4.74201e-06 6 5.74109 1.51634 0.179945 0.0234244 3.05856 1.61001 0.000563595 4.42656e-05
239 2.385 0 0 2.35117e-06 6 5.99459 1.67071 0.261045 0.0368429 3.21529 1.69281 0.000793089 6.46094e-05
240 2.395 0 0 7.5212e-07 6 6.21549 1.83212 0.36251 0.0556336 3.33434 1.77939 0.0011619 9.46641e-05
241 2.405 0 0 1.49176e-06 6 6.39184 1.99949 0.483428 0.0809019 3.41222 1.86874 0.00157908 0.000135852
242 2.415 0 0 3.69857e-07 6 6.51477 2.17151 0.62237 0.113704 3.44605 1.95973 0.00228191 0.000195867
243 2.425 0 0 2.9345e-07 6 6.58099 2.34671 0.773643 0.154816 3.43388 2.05115 0.00317698 0.000280117
244 2.435 0 0 4.36568e-07 6 6.57871 2.52331 0.936 0.204968 3.3779 2.14183 0.0043042 0.000395203
245 2.445 0 0 5.05171e-07 6 6.51046 2.6995 1.10201 0.264501 3.27996 2.23059 0.00586355 0.000553273
246 2.455 0 0 8.58967e-07 6 6.38677 2.87377 1.2692 0.333628 3.14118 2.3163 0.00789957 0.000767977
247 2.465 0 0 0 6 6.21159 3.04464 1.43264 0.412293 2.97337 2.3981 0.0107184 0.00106167
248 2.475 0 0 0 6 5.99396 3.21087 1.58805 0.5002 2.77633 2.47509 0.0141768 0.00145329
249 2.485 0 0 0 6 5.75355 3.37172 1.73648 0.597103 2.55852 2.54662 0.018779 0.00197623
250 2.495 0 0 0 6 5.50061 3.52674 1.87223 0.702423 2.32685 2.61219 0.02478 0.00267186
251 2.505 0 0 0 6 5.25031 3.67589 1.99135 0.815345 2.09043 2.67158 0.0320725 0.00357943
252 2.515 0 0 0 6 5.01457 3.81948 2.08722 0.934649 1.85351 2.72466 0.0414179 0.00476083
253 2.525 0 0 0 6 4.79858 3.95799 2.16197 1.05921 1.62284 2.7715 0.0526145 0.00627355
254 2.535 0 0 0 6 4.60865 4.09207 2.21102 1.18761 1.40231 2.81229 0.0670961 0.00821795
255 2.545 3.47717e-06 1.01562e-07 0 6 4.44411 4.22238 2.23721 1.31856 1.19748 2.84741 0.0842344 0.0106783
256 2.555 9.55386e-06 3.82812e-07 0 6 4.302 4.34952 2.2496 1.45127 1.00909 2.87723 0.105152 0.0137738
257 2.565 6.16168e-05 2.21094e-06 0 6 4.18355 4.47413 2.26059 1.58567 0.840959 2.90228 0.130592 0.0176484
258 2.575 0.00011444 5.63281e-06 0 6 4.06959 4.5963 2.29005 1.72289 0.691563 2.92304 0.160436 0.0224455
259 2.585 0.000257187 1.33828e-05 0 6 3.95606 4.71597 2.36503 1.8657 0.561193 2.94002 0.195946 0.0283501
260 2.595 0.000590169 3.13047e-05 0 6 3.83579 4.83291 2.49933 2.01779 0.450325 2.95374 0.237088 0.0355499
261 2.605 0.00126422 6.99922e-05 0 6 3.70769 4.94682 2.71874 2.18452 0.357032 2.96471 0.284922 0.044269
262 2.615 0.00248102 0.0001465 0 6 3.55914 5.05701 3.0351 2.37207 0.279886 2.97338 0.339353 0.0547337
263 2.625 0.00477471 0.000294867 0 6 3.38883 5.16272 3.45057 2.58694 0.216234 2.98012 0.400826 0.0671888
264 2.635 0.00932887 0.000586961 0 6 3.1953 5.26316 3.95628 2.83517 0.16564 2.98533 0.46991 0.081902
265 2.645 0.0174531 0.00113759 0 6 2.9819 5.3576 4.53477 3.12186 0.125448 2.9893 0.547287 0.0991683
266 2.655 0.0306984 0.00211342 0 6 2.74872 5.44532 5.157 3.45037 0.0940661 2.9923 0.631124 0.11923
267 2.665 0.0535393 0.00382816 0 6 2.50476 5.52586 5.78633 3.82174 0.0698269 2.99455 0.721546 0.14234
268 2.675 0.0889512 0.00669849 0 6 2.25272 5.59884 6.38958 4.23491 0.051774 2.99623 0.819005 0.168768
269 2.685 0.144209 0.0113868 0 6 2.00115 5.66415 6.92037 4.68576 0.0383409 2.99748 0.920743 0.198702
270 2.695 0.226344 0.0188002 0 6 1.7531 5.72179 7.34941 5.16814 0.0289334 2.99843 1.02701 0.232339
271 2.705 0.345004 0.0301841 0 6 1.51779 5.77207 7.645 5.67364 0.0226041 2.99918 1.13589 0.269819
272 2.715 0.508748 0.0470953 0 6 1.29539 5.8153 7.79582 6.19293 0.0187697 2.9998 1.24624 0.311245
273 2.725 0.728513 0.0714903 0 6 1.09042 5.85196 7.79672 6.71612 0.0170438 3.00038 1.35715 0.356691
274 2.735 1.00428 0.105367 0 6 0.906642 5.88266 7.65579 7.23363 0.0173962 3.00097 1.46522 0.406117
275 2.745 1.3488 0.151198 0 6 0.744178 5.90805 7.38414 7.73643 0.0195969 3.00164 1.56883 0.459425
276 2.755 1.74389 0.210887 0 6 0.602232 5.92874 7.01118 8.21732 0.0236004 3.00245 1.66747 0.516498
277 2.765 2.18549 0.286235 0 6 0.481145 5.94539 6.55966 8.67052 0.0295846 3.00347 1.75565 0.577027
278 2.775 2.64355 0.378036 0 6 0.378892 5.9586 6.05794 9.09208 0.0378301 3.00479 1.83467 0.640738
279 2.785 3.09439 0.486268 0 6 0.295051 5.96896 5.53114 9.47977 0.0484629 3.00649 1.89972 0.707184
280 2.795 3.49127 0.60926 0 6 0.226495 5.97697 5.00132 9.83284 0.0622061 3.00869 1.95317 0.775992
281 2.805 3.80173 0.74415 0 6 0.172081 5.9831 4.48187 10.1515 0.0792057 3.01151 1.98843 0.846544
282 2.815 4.00044 0.887104 0 6 0.12894 5.98773 3.98525 10.4369 0.100317 3.01511 2.00834 0.918311
283 2.825 4.07221 1.03366 0 6 0.0958114 5.99119 3.5181 10.6906 0.126009 3.01966 2.01377 0.990784
284 2.835 3.99605 1.17849 0 6 0.0699215 5.99373 3.08113 10.9144 0.156424 3.02536 2.0029 1.06338
285 2.845 3.7933 1.31695 0 6 0.0506547 5.99559 2.67228 11.1099 0.192327 3.0324 1.97298 1.13539
286 2.855 3.48258 1.44496 9.52705e-07 6 0.0362894 5.99693 2.29406 11.2788 0.2347 3.04106 1.93013 1.20634
287 2.865 3.09214 1.55942 2.8382e-06 6 0.0258056 5.99789 1.94831 11.4233 0.283771 3.05161 1.87158 1.27562
288 2.875 2.65404 1.65834 7.88133e-06 6 0.0181312 5.99857 1.63309 11.5453 0.339837 3.06433 1.8003 1.34272
289 2.885 2.20697 1.74118 1.57572e-05 6 0.0124701 5.99904 1.34794 11.6467 0.40277 3.0795 1.71902 1.40724
290 2.895 1.77961 1.80844 3.09368e-05 6 0.0084179 5.99936 1.09638 11.7298 0.473783 3.09748 1.6266 1.46872
291 2.905 1.39076 1.86137 5.78699e-05 6.00001 0.005719 5.99958 0.876533 11.7966 0.551011 3.11853 1.52966 1.52693
292 2.915 1.05732 1.90188 0.000119821 6.00002 0.00381397 5.99972 0.688664 11.8495 0.635199 3.14297 1.42678 1.5816
293 2.925 0.779801 1.93197 0.000203314 6.00003 0.0025024 5.99982 0.530731 11.8905 0.726561 3.17111 1.32259 1.63263
294 2.935 0.562922 1.95383 0.00035979 6.00006 0.0016453 5.99988 0.400957 11.9217 0.823851 3.20324 1.21939 1.68
295 2.945 0.396636 1.96935 0.000643071 6.00011 0.00106489 5.99992 0.297134 11.945 0.926002 3.2396 1.11633 1.72366
296 2.955 0.271064 1.98002 0.00109994 6.0002 0.000690603 5.99995 0.216138 11.9621 1.03178 3.28038 1.02027 1.76384
297 2.965 0.181643 1.98722 0.00186142 6.00035 0.000438032 5.99997 0.153639 11.9743 1.14073 3.32579 0.929439 1.80068
298 2.975 0.119138 1.99198 0.00304867 6.00059 0.000280865 5.99998 0.107481 11.9829 1.25076 3.3759 0.84814 1.83453
299 2.985 0.0764805 1.99505 0.00479027 6.00098 0.000170529 5.99999 0.073498 11.9888 1.36096 3.4308 0.778265 1.86581
300 2.995 0.0484338 1.99701 0.00763291 6.0016 0.000113794 5.99999 0.0495124 11.9928 1.46852 3.49044 0.719505 1.89491
301 3.005 0.0298096 1.99822 0.011946 6.00257 7.11862e-05 6 0.0324999 11.9955 1.57181 3.55469 0.675901 1.92243
302 3.015 0.0180913 1.99896 0.0183467 6.00408 4.21441e-05 6 0.0210462 11.9972 1.66923 3.62339 0.648251 1.94901
303 3.025 0.0108339 1.99941 0.0272486 6.00634 2.85707e-05 6 0.0133081 11.9983 1.75892 3.69625 0.636347 1.97527
304 3.035 0.00630931 1.99967 0.0400976 6.00969 1.6299e-05 6 0.0082072 11.999 1.83908 3.77295 0.643758 2.00201
305 3.045 0.00355998 1.99982 0.057643 6.01453 1.10739e-05 6 0.00499613 11.9994 1.9082 3.85305 0.670666 2.03005
306 3.055 0.00208846 1.99991 0.0814172 6.02141 5.63944e-06 6 0.00299994 11.9996 1.96516 3.93608 0.716636 2.06021
307 3.065 0.00109487 1.99996 0.112918 6.03101 3.8576e-06 6 0.00181054 11.9998 2.00783 4.02147 0.782532 2.09336
308 3.075 0.000599489 1.99998 0.153269 6.04413 1.64252e-06 6 0.00104856 11.9999 2.03515 4.10859 0.868279 2.13039
309 3.085 0.000458539 2 0.203929 6.06171 1.45057e-06 6 0.000586268 11.9999 2.04672 4.19678 0.97497 2.17223
310 3.095 0.000545105 2.00003 0.265922 6.08477 1.26106e-06 6 0.000347921 12 2.04339 4.28539 1.09911 2.21971
311 3.105 0.000933154 2.00007 0.339877 6.11444 4.47482e-07 6 0.000189565 12 2.02565 4.37381 1.24292 2.27375
312 3.115 0.00194665 2.00015 0.426083 6.15187 1.77845e-07 6 0.000115514 12 1.99196 4.46131 1.40064 2.33503
313 3.125 0.00376695 2.00032 0.521791 6.19801 6.18481e-07 6 6.3784e-05 12 1.9454 4.54732 1.57309 2.40431
314 3.135 0.00725359 2.00064 0.627376 6.25384 6.14542e-07 6 2.71367e-05 12 1.88703 4.63128 1.75426 2.48206
315 3.145 0.0134156 2.00124 0.739047 6.32003 1.22128e-06 6 1.34604e-05 12 1.81776 4.71268 1.94304 2.56873
316 3.155 0.0237057 2.0023 0.850969 6.39673 2.34042e-06 6 8.03379e-06 12 1.74124 4.79114 2.13524 2.66457
317 3.165 0.0408049 2.00414 0.959601 6.48376 4.30676e-06 6 5.00562e-06 12 1.65782 4.86633 2.32539 2.76962
318 3.175 0.0683271 2.00725 1.06055 6.58056 7.61783e-06 6 1.37218e-06 12 1.56999 4.93798 2.50757 2.88361
319 3.185 0.110767 2.01232 1.14792 6.686 1.06321e-05 6 7.24399e-07 12 1.4809 5.00599 2.67954 3.00619
320 3.195 0.17483 2.02037 1.21714 6.7985 2.09623e-05 6 1.14332e-06 12 1.3937 5.0704 2.83477 3.13668
321 3.205 0.268592 2.03281 1.2641 6.91607 3.20875e-05 6 7.57467e-07 12 1.30889 5.13126 2.96891 3.27421
322 3.215 0.399425 2.05142 1.28995 7.03679 4.97523e-05 6.00001 2.92741e-07 12 1.23032 5.18884 3.07968 3.41776
323 3.225 0.575228 2.0784 1.29445 7.15869 7.49129e-05 6.00001 0 12 1.1602 5.24347 3.16329 3.56612
324 3.235 0.805647 2.11643 1.28167 7.28014 0.000121446 6.00002 0 12 1.09974 5.29557 3.21886 3.71803
325 3.245 1.09779 2.16855 1.25173 7.39948 0.00018453 6.00002 0 12 1.05154 5.3457 3.24079 3.87192
326 3.255 1.44679 2.23768 1.21768 7.5163 0.000277296 6.00004 0 12 1.01692 5.39448 3.23455 4.02646
327 3.265 1.85347 2.32678 1.18533 7.63071 0.000415869 6.00006 0 12 0.996708 5.44258 3.19671 4.18014
328 3.275 2.31184 2.4386 1.1659 7.74393 0.000631745 6.00009 0 12 0.991937 5.49074 3.12841 4.33145
329 3.285 2.79534 2.57463 1.16636 7.8579 0.000926864 6.00013 0 12 1.0015 5.53967 3.03537 4.47916
330 3.295 3.28918 2.73567 1.19704 7.97557 0.00134682 6.0002 0 12 1.02543 5.59007 2.91865 4.62206
331 3.305 3.76908 2.92133 1.26321 8.10051 0.00198532 6.0003 0 12 1.06209 5.6426 2.78472 4.75923
332 3.315 4.19328 3.12913 1.36775 8.2366 0.00291422 6.00044 0 12 1.10867 5.69775 2.6364 4.88988
333 3.325 4.5551 3.35623 1.51252 8.38801 0.00417026 6.00065 0 12 1.16192 5.75591 2.47557 5.0133
334 3.335 4.82614 3.59829 1.69406 8.55861 0.00589086 6.00095 0 12 1.21825 5.81725 2.30944 5.12913
335 3.345 4.98912 3.85002 1.9099 8.7521 0.00831117 6.00137 0 12 1.27514 5.88184 2.14122 5.23717
336 3.355 5.03667 4.10568 2.15006 8.97123 0.0115934 6.00196 0 12 1.32841 5.94954 1.97745 5.33755
337 3.365 4.98233 4.36009 2.4033 9.21763 0.0161216 6.00279 3.05399e-07 12 1.37401 6.01997 1.81833 5.4304
338 3.375 4.83683 4.60854 2.65899 9.49186 0.0222222 6.00393 3.7949e-07 12 1.40963 6.09266 1.66816 5.51608
339 3.385 4.62143 4.84734 2.90741 9.7935 0.0302 6.0055 4.14976e-07 12 1.43198 6.16695 1.52994 5.59514
340 3.395 4.35963 5.07394 3.13269 10.1204 0.040627 6.00762 1.1251e-06 12 1.43943 6.24206 1.40409 5.66812
341 3.405 4.08514 5.28753 3.32514 10.4695 0.0540776 6.01046 2.12514e-06 12 1.43145 6.31719 1.29415 5.73578
342 3.415 3.82213 5.48854 3.47995 10.837 0.0715066 6.01423 4.07717e-06 12 1.41008 6.39164 1.2012 5.79895
343 3.425 3.60196 5.67908 3.58913 11.2182 0.0934376 6.01919 7.99625e-06 12 1.37534 6.46468 1.12419 5.85842
344 3.435 3.43512 5.86186 3.65003 11.6081 0.120923 6.02565 2.01492e-05 12 1.33041 6.53575 1.06539 5.91511
345 3.445 3.33899 6.04056 3.66005 12.0014 0.154955 6.03398 3.7333e-05 12 1.27902 6.60447 1.02403 5.96991
346 3.455 3.31561 6.21904 3.62658 12.3934 0.196937 6.04462 6.22121e-05 12 1.22494 6.67067 1.00004 6.02375
347 3.465 3.35976 6.40095 3.55748 12.7801 0.247389 6.05807 0.000114958 12 1.1727 6.73441 0.992906 6.07751
348 3.475 3.46481 6.58962 3.45307 13.1577 0.308161 6.07492 0.000205363 12 1.12727 6.79603 1.00316 6.13213
349 3.485 3.61144 6.78742 3.32426 13.5233 0.379718 6.09579 0.000344949 12.0001 1.09093 6.85602 1.0277 6.18842
350 3.495 3.77841 6.99555 3.18032 13.875 0.463086 6.1214 0.000601132 12.0002 1.06747 6.91505 1.06849 6.24728
351 3.505 3.94608 7.21416 3.0248 14.2115 0.557955 6.15244 0.00102152 12.0003 1.06031 6.97402 1.12518 6.30961
352 3.515 4.09248 7.44218 2.8677 14.5323 0.665892 6.18968 0.00170218 12.0005 1.0694 7.03384 1.19517 6.3762
353 3.525 4.19156 7.67705 2.71202 14.8374 0.786393 6.23392 0.002728 12.0008 1.09536 7.09545 1.27796 6.44781
354 3.535 4.23489 7.91569 2.55822 15.1268 0.919286 6.28593 0.00444753 12.0013 1.13732 7.1598 1.37126 6.52508
355 3.545 4.20917 8.15423 2.41075 15.4012 1.06414 6.34647 0.00693022 12.0021 1.19216 7.22762 1.47337 6.60858
356 3.555 4.10492 8.38818 2.26861 15.6608 1.21762 6.41614 0.0106103 12.0033 1.25699 7.29954 1.58269 6.69878
357 3.565 3.927 8.61325 2.13064 15.9059 1.37831 6.49544 0.0159107 12.0051 1.32769 7.37593 1.69745 6.79607
358 3.575 3.67868 8.82526 1.997 16.137 1.54597 6.58489 0.0235384 12.0078 1.39983 7.45693 1.81446 6.90064
359 3.585 3.37214 9.02071 1.86551 16.3541 1.71338 6.68458 0.0343584 12.0118 1.46894 7.5424 1.93048 7.01253
360 3.595 3.03031 9.19732 1.73466 16.5571 1.87958 6.79456 0.0492064 12.0175 1.52996 7.63192 2.04093 7.13148
361 3.605 2.66353 9.35342 1.60233 16.7457 2.04065 6.91462 0.0693018 12.0257 1.57897 7.72482 2.14562 7.25722
362 3.615 2.2863 9.48815 1.46968 16.9196 2.19227 7.04432 0.0960405 12.037 1.61245 7.82021 2.23948 7.3892
363 3.625 1.92138 9.60201 1.33582 17.0785 2.32848 7.18284 0.130661 12.0525 1.62702 7.91701 2.32018 7.52669
364 3.635 1.5803 9.69617 1.20277 17.2224 2.44836 7.3293 0.174857 12.0734 1.62152 8.014 2.38644 7.66889
365 3.645 1.27152 9.77235 1.07095 17.3512 2.54563 7.48242 0.231015 12.1012 1.59638 8.11002 2.43337 7.81468
366 3.655 1.00149 9.83269 0.941926 17.4652 2.61858 7.64079 0.299499 12.1373 1.55137 8.20385 2.45938 7.96284
367 3.665 0.769868 9.87932 0.817248 17.5646 2.66613 7.80292 0.383484 12.1839 1.48762 8.29431 2.46472 8.11214
368 3.675 0.580508 9.91467 0.699426 17.6501 2.68575 7.96713 0.482784 12.2428 1.40839 8.38042 2.44742 8.26119
369 3.685 0.426975 9.94082 0.589732 17.7226 2.67592 8.13164 0.598127 12.3162 1.31647 8.46136 2.40834 8.40867
370 3.695 0.307441 9.95975 0.489146 17.7831 2.63876 8.29474 0.728967 12.4061 1.21517 8.53647 2.34775 8.55322
371 3.705 0.216116 9.97313 0.400161 17.8328 2.57274 8.45462 0.873922 12.5145 1.10904 8.60539 2.26739 8.69358
372 3.715 0.148663 9.98238 0.321482 17.873 2.48359 8.6098 1.03116 12.6431 1.00042 8.6679 2.16933 8.82859
373 3.725 0.100532 9.98867 0.254975 17.905 2.37103 8.75874 1.19515 12.793 0.893193 8.724 2.05616 8.95725
374 3.735 0.0665816 9.99286 0.19829 17.93 2.23989 8.90021 1.36296 12.9648 0.790454 8.77393 1.93037 9.07869
375 3.745 0.0430897 9.99558 0.151761 17.9493 2.09396 9.03316 1.52673 13.1583 0.694006 8.81799 1.79398 9.19215
376 3.755 0.0273173 9.99732 0.114021 17.9639 1.93699 9.15681 1.681 13.3725 0.605953 8.85667 1.65448 9.29735
377 3.765 0.0169027 9.9984 0.0841415 17.9747 1.77236 9.27055 1.821 13.6058 0.52836 8.89058 1.51027 9.39389
378 3.775 0.0103727 9.99907 0.060897 17.9825 1.60457 9.37407 1.9371 13.8552 0.460755 8.9203 1.36634 9.4817
379 3.785 0.00615172 9.99947 0.0434505 17.9882 1.4377 9.46731 2.02835 14.1178 0.404645 8.94655 1.22394 9.56077
380 3.795 0.00356219 9.9997 0.0302821 17.9921 1.27449 9.55041 2.08962 14.3898 0.359523 8.96999 1.0886 9.63147
381 3.805 0.00206904 9.99983 0.0207341 17.9948 1.11939 9.62378 2.11968 14.6671 0.325921 8.99135 0.95923 9.6941
382 3.815 0.0011457 9.99991 0.0138948 17.9967 0.973216 9.68791 2.11791 14.9457 0.302517 9.01129 0.838923 9.74916
383 3.825 0.000642622 9.99995 0.00924473 17.9979 0.836458 9.74331 2.08723 15.2216 0.289155 9.03044 0.72872 9.79724
384 3.835 0.000351148 9.99997 0.00593589 17.9987 0.711164 9.79066 2.0295 15.4914 0.284879 9.04941 0.629375 9.83898
385 3.845 0.000221125 9.99999 0.00382679 17.9992 0.599295 9.83077 1.95034 15.7519 0.290131 9.06882 0.540397 9.87501
386 3.855 0.000147585 10 0.0024161 17.9995 0.49969 9.86439 1.85152 16.0006 0.302964 9.08921 0.462669 9.90601
387 3.865 0.000116438 10 0.00146287 17.9997 0.412239 9.89227 1.73784 16.2352 0.323379 9.11108 0.395553 9.93266
388 3.875 0.000143181 10 0.000884234 17.9998 0.336931 9.91518 1.61539 16.4544 0.350558 9.13491 0.339313 9.95563
389 3.885 0.000200411 10 0.000528024 17.9999 0.272504 9.9338 1.48652 16.6571 0.383216 9.16109 0.292284 9.97553
390 3.895 0.00035994 10.0001 0.000292361 18 0.218315 9.94879 1.356 16.843 0.421274 9.19003 0.253462 9.99287
391 3.905 0.000607245 10.0001 0.000156 18 0.173225 9.96075 1.2234 17.0116 0.463106 9.222 0.223058 10.0082
392 3.915 0.00104474 10.0002 9.26606e-05 18 0.135768 9.97017 1.09362 17.1631 0.508304 9.25727 0.199704 10.022
393 3.925 0.00171224 10.0003 4.88389e-05 18 0.105406 9.97752 0.968591 17.2979 0.556053 9.29605 0.182661 10.0347
394 3.935 0.00275258 10.0005 3.11774e-05 18 0.0810031 9.9832 0.850095 17.4169 0.605145 9.33847 0.171887 10.0467
395 3.945 0.00428039 10.0008 2.104e-05 18 0.0617079 9.98755 0.738487 17.5207 0.654738 9.3846 0.166154 10.0584
396 3.955 0.00676971 10.0013 2.5788e-05 18 0.0467105 9.99086 0.634582 17.6104 0.704103 9.43446 0.16538 10.07
397 3.965 0.0105802 10.002 3.69915e-05 18 0.0350059 9.99335 0.539877 17.6871 0.752302 9.48801 0.169636 10.0821
398 3.975 0.01598 10.0031 6.45464e-05 18 0.0258842 9.9952 0.455252 17.7521 0.798802 9.54515 0.178297 10.0948
399 3.985 0.0239022 10.0049 0.000115188 18 0.0189921 9.99656 0.380312 17.8067 0.842399 9.60571 0.19103 10.1084
400 3.995 0.0352056 10.0074 0.00021879 18.0001 0.0138044 9.99756 0.316436 17.8524 0.883563 9.66955 0.20838 10.1234
401 4.005 0.0507102 10.0111 0.000399303 18.0001 0.0100049 9.99829 0.262535 17.8904 0.922718 9.73656 0.229796 10.1401
402 4.015 0.0718629 10.0163 0.000736211 18.0002 0.00711713 9.99881 0.220082 17.9225 0.958833 9.80653 0.255718 10.1586
403 4.025 0.0999529 10.0236 0.00127919 18.0004 0.00498008 9.99917 0.189146 17.9502 0.99241 9.87932 0.286094 10.1796
404 4.035 0.136589 10.0336 0.00219988 18.0007 0.00355962 9.99944 0.169576 17.9751 1.02359 9.95477 0.320784 10.2031
405 4.045 0.183193 10.0471 0.00372443 18.0013 0.00244465 9.99962 0.161392 17.999 1.05207 10.0327 0.35984 10.2297
406 4.055 0.241147 10.065 0.00623033 18.0022 0.00166375 9.99974 0.165043 18.0235 1.07816 10.113 0.402032 10.2595
407 4.065 0.311417 10.0882 0.0101608 18.0037 0.00113675 9.99983 0.180442 18.0504 1.10224 10.1954 0.448082 10.2929
408 4.075 0.393397 10.1177 0.01609 18.0062 0.000773744 9.99988 0.207689 18.0816 1.12394 10.2799 0.496059 10.33
409 4.085 0.487974 10.1544 0.0249635 18.0099 0.00052632 9.99992 0.246378 18.1188 1.14232 10.3662 0.546399 10.3711
410 4.095 0.594546 10.1994 0.0382533 18.0157 0.000351381 9.99995 0.294392 18.1634 1.15831 10.4541 0.597993 10.4163
411 4.105 0.708685 10.2532 0.0570304 18.0244 0.00023011 9.99997 0.351326 18.2169 1.17086 10.5435 0.649359 10.4657
412 4.115 0.828735 10.3165 0.0832902 18.0372 0.00014777 9.99998 0.41419 18.2803 1.17901 10.6339 0.699825 10.5191
413 4.125 0.948321 10.3893 0.119601 18.0556 9.75631e-05 9.99999 0.48083 18.3542 1.18129 10.7248 0.746786 10.5764
414 4.135 1.06521 10.4714 0.168203 18.0817 6.17674e-05 9.99999 0.547433 18.4388 1.1791 10.8161 0.790547 10.6374
415 4.145 1.17389 10.5623 0.232062 18.1178 4.08793e-05 9.99999 0.610934 18.5336 1.16998 10.9071 0.829231 10.7016
416 4.155 1.26763 10.661 0.313041 18.1667 3.35358e-05 10 0.6673 18.6377 1.1543 10.9973 0.861014 10.7687
417 4.165 1.34181 10.766 0.414749 18.2319 2.30292e-05 10 0.712311 18.7494 1.13293 11.0863 0.884151 10.8378
418 4.175 1.39287 10.8755 0.536435 18.3165 2.21765e-05 10 0.743373 18.8665 1.10437 11.1735 0.899954 10.9086
419 4.185 1.41537 10.9873 0.681297 18.4246 2.35979e-05 10 0.757678 18.9864 1.06947 11.2583 0.907345 10.9802
420 4.195 1.41286 11.0994 0.847792 18.5597 3.26542e-05 10 0.756205 19.1067 1.02908 11.3403 0.906518 11.0522
421 4.205 1.38178 11.2096 1.03349 18.7251 5.38723e-05 10 0.736869 19.2244 0.984026 11.419 0.895419 11.1236
422 4.215 1.32322 11.3156 1.23836 18.9243 8.61077e-05 10 0.702476 19.3372 0.93575 11.4943 0.876038 11.1938
423 4.225 1.24141 11.4155 1.45312 19.1592 0.000148441 10 0.653871 19.4427 0.885246 11.5658 0.848329 11.262
424 4.235 1.14404 11.508 1.67437 19.4311 0.000247133 10 0.595697 19.5392 0.834681 11.6336 0.813945 11.3279
425 4.245 1.03325 11.592 1.89398 19.7401 0.000403598 10.0001 0.530407 19.6256 0.785488 11.6977 0.773145 11.3907
426 4.255 0.914752 11.6667 2.10496 20.0852 0.000656527 10.0001 0.461382 19.7011 0.738983 11.7583 0.72731 11.4501
427 4.265 0.794526 11.7319 2.30057 20.4641 0.00104374 10.0002 0.392699 19.7656 0.697226 11.8157 0.67796 11.5057
428 4.275 0.674795 11.7875 2.4782 20.8742 0.00162307 10.0004 0.327586 19.8197 0.660831 11.8703 0.626718 11.5573
429 4.285 0.564596 11.8342 2.63013 21.3114 0.00256588 10.0006 0.267767 19.8642 0.630917 11.9228 0.573386 11.6048
430 4.295 0.462153 11.8727 2.75644 21.7718 0.00389859 10.0009 0.215253 19.9 0.60873 11.9736 0.521583 11.6482
431 4.305 0.371217 11.9037 2.85984 22.2517 0.00578369 10.0014 0.170945 19.9287 0.593577 12.0234 0.47028 11.6875
432 4.315 0.293462 11.9283 2.9384 22.7471 0.00855143 10.0021 0.135766 19.9515 0.586466 12.0729 0.420946 11.7229
433 4.325 0.227255 11.9475 3.00032 23.2553 0.0123927 10.0031 0.109888 19.9701 0.586291 12.1225 0.375026 11.7545
434 4.335 0.172928 11.9622 3.04631 23.7736 0.0176278 10.0046 0.0936367 19.986 0.593031 12.173 0.333066 11.7827
435 4.345 0.129237 11.9732 3.083 24.3006 0.0246755 10.0068 0.0872998 20.0009 0.60559 12.2247 0.294404 11.8078
436 4.355 0.0948865 11.9813 3.11496 24.8355 0.0340117 10.0097 0.0911539 20.0165 0.623054 12.2782 0.25953 11.83
437 4.365 0.0684083 11.9872 3.14049 25.3773 0.0461454 10.0137 0.105832 20.0347 0.644654 12.3338 0.228558 11.8496
438 4.375 0.0480302 11.9913 3.16324 25.9255 0.0616483 10.019 0.132104 20.0576 0.669175 12.3918 0.202217 11.8671
439 4.385 0.0335395 11.9942 3.18025 26.4792 0.0811811 10.0261 0.170858 20.0873 0.695493 12.4524 0.179712 11.8827
440 4.395 0.0230463 11.9962 3.18734 27.0367 0.105283 10.0353 0.22374 20.1263 0.72258 12.5155 0.160673 11.8967
441 4.405 0.0156424 11.9976 3.18056 27.5955 0.134381 10.0471 0.289968 20.1772 0.750139 12.5814 0.145955 11.9094
442 4.415 0.0105729 11.9985 3.15509 28.1523 0.169379 10.062 0.370959 20.2425 0.777948 12.6501 0.134865 11.9213
443 4.425 0.00732026 11.9992 3.11198 28.704 0.210494 10.0807 0.465698 20.3249 0.805186 12.7215 0.126607 11.9325
444 4.435 0.00547603 11.9997 3.0455 29.2464 0.258152 10.1037 0.572284 20.4266 0.832391 12.7956 0.121932 11.9433
445 4.445 0.00484746 12.0001 2.9571 29.7754 0.311892 10.1316 0.688573 20.5496 0.85922 12.8724 0.120624 11.954
446 4.455 0.00535653 12.0006 2.84606 30.2869 0.371459 10.1649 0.809311 20.6947 0.886229 12.9521 0.122514 11.965
447 4.465 0.00695376 12.0012 2.71683 30.7773 0.437277 10.2044 0.929445 20.8622 0.91352 13.0345 0.128119 11.9765
448 4.475 0.0100305 12.0021 2.57262 31.2438 0.508314 10.2505 1.04444 21.0512 0.942177 13.1199 0.13696 11.9889
449 4.485 0.0150897 12.0035 2.41765 31.6841 0.584297 10.3037 1.14617 21.2595 0.972211 13.2085 0.149552 12.0024
450 4.495 0.0227166 12.0055 2.2577 32.0971 0.664378 10.3645 1.23067 21.4842 1.00473 13.3004 0.165952 12.0176
451 4.505 0.0337044 12.0086 2.09676 32.4824 0.747808 10.4332 1.2928 21.7213 1.03948 13.3959 0.186706 12.0346
452 4.515 0.0489205 12.0131 1.9382 32.8402 0.832767 10.51 1.32878 21.9661 1.07663 13.4953 0.21176 12.0541
453 4.525 0.0697814 12.0196 1.7872 33.1715 0.919301 10.5953 1.33795 22.2137 1.11691 13.5988 0.24104 12.0764
454 4.535 0.0983162 12.0287 1.64349 33.4776 1.00662 10.689 1.32095 22.4592 1.15987 13.7068 0.274749 12.1019
455 4.545 0.135436 12.0413 1.51023 33.76 1.09364 10.7913 1.28125 22.6984 1.20504 13.8195 0.312658 12.131
456 4.555 0.181645 12.0583 1.38585 34.0204 1.1803 10.9021 1.22253 22.9276 1.25234 13.9371 0.354299 12.1641
457 4.565 0.238888 12.0807 1.27084 34.2602 1.26489 11.0215 1.15147 23.1444 1.29972 14.0597 0.399698 12.2017
458 4.575 0.306989 12.1097 1.16401 34.4808 1.34726 11.1491 1.07527 23.3478 1.34658 14.1873 0.447821 12.244
459 4.585 0.386656 12.1464 1.06258 34.683 1.42693 11.2849 1.00006 23.5378 1.39153 14.3198 0.498031 12.2912
460 4.595 0.476706 12.1918 0.965714 34.8677 1.50348 11.4286 0.931875 23.7156 1.43285 14.4567 0.54908 12.3434
461 4.605 0.575625 12.2468 0.87283 35.0353 1.57608 11.58 0.876012 23.8835 1.4696 14.5978 0.599783 12.4008
462 4.615 0.67978 12.3121 0.784403 35.1865 1.64463 11.7385 0.836801 24.0445 1.49919 14.7424 0.64946 12.4632
463 4.625 0.784798 12.3878 0.698243 35.3218 1.70897 11.904 0.816284 24.2023 1.52002 14.8896 0.696228 12.5303
464 4.635 0.887429 12.4738 0.613937 35.4412 1.76796 12.076 0.815613 24.3607 1.53048 15.0384 0.739206 12.602
465 4.645 0.982211 12.5693 0.53309 35.5453 1.81959 12.2537 0.833785 24.5232 1.53077 15.1879 0.777105 12.6776
466 4.655 1.0633 12.6732 0.457093 35.635 1.86556 12.4367 0.871955 24.694 1.518 15.3369 0.808396 12.7566
467 4.665 1.12633 12.7838 0.386644 35.7112 1.903 12.6242 0.93015 24.8769 1.4928 15.4839 0.831686 12.8382
468 4.675 1.16805 12.8989 0.321648 35.7748 1.93103 12.8153 1.00759 25.0759 1.45547 15.6279 0.847137 12.9217
469 4.685 1.18419 13.0161 0.263108 35.8271 1.94953 13.009 1.10538 25.2952 1.40607 15.7677 0.853956 13.0062
470 4.695 1.17351 13.1328 0.211577 35.8694 1.9576 13.2044 1.22343 25.5389 1.34655 15.902 0.851875 13.0909
471 4.705 1.13895 13.2465 0.166985 35.9028 1.95422 13.4002 1.36314 25.8115 1.27821 16.0301 0.841952 13.1749
472 4.715 1.08141 13.3549 0.12965 35.9289 1.93958 13.5954 1.52328 26.1176 1.20301 16.1512 0.824106 13.2575
473 4.725 1.00558 13.4561 0.0988971 35.9489 1.91337 13.7888 1.70449 26.4615 1.12264 16.2647 0.799508 13.338
474 4.735 0.914462 13.5486 0.0737666 35.9639 1.87501 13.9791 1.90663 26.8478 1.03989 16.3702 0.769102 13.4158
475 4.745 0.814403 13.6313 0.0540064 35.9749 1.82656 14.1653 2.12238 27.2796 0.957612 16.4679 0.734277 13.4904
476 4.755 0.711001 13.7038 0.0388017 35.9828 1.76729 14.3462 2.34761 27.7592 0.877397 16.5577 0.696169 13.5613
477 4.765 0.607023 13.7659 0.0274828 35.9885 1.69831 14.5208 2.57378 28.2873 0.801883 16.6401 0.65729 13.6286
478 4.775 0.508733 13.8182 0.0189401 35.9924 1.62185 14.6882 2.79173 28.8626 0.73328 16.7158 0.618434 13.6922
479 4.785 0.417458 13.8613 0.0128271 35.9951 1.54073 14.8479 2.99158 29.4815 0.673395 16.7856 0.581445 13.7523
480 4.795 0.335772 13.8961 0.00860033 35.9969 1.45386 14.9992 3.16109 30.1383 0.623167 16.8504 0.548623 13.8091
481 4.805 0.266009 13.9238 0.00560959 35.998 1.36544 15.142 3.29215 30.8252 0.583968 16.9115 0.519011 13.8632
482 4.815 0.207075 13.9455 0.00359324 35.9988 1.27681 15.276 3.37689 31.5327 0.556591 16.9699 0.495984 13.915
483 4.825 0.160629 13.9623 0.00228318 35.9993 1.18946 15.4013 3.41292 32.2507 0.540574 17.0269 0.479904 13.9654
484 4.835 0.125198 13.9755 0.00141944 35.9996 1.10662 15.5185 3.40011 32.969 0.536363 17.0836 0.47173 14.0151
485 4.845 0.101921 13.9863 0.000865868 35.9997 1.02826 15.6277 3.34079 33.6777 0.542835 17.1413 0.472194 14.0651
486 4.855 0.0885725 13.9957 0.000534482 35.9999 0.956058 15.7297 3.24451 34.3688 0.559509 17.201 0.481248 14.1163
487 4.865 0.0858409 14.0049 0.000333987 35.9999 0.892746 15.8254 3.11925 35.0359 0.585084 17.2637 0.500218 14.1697
488 4.875 0.0943417 14.015 0.000228855 36 0.837081 15.9155 2.97879 35.6757 0.618317 17.3303 0.529664 14.2264
489 4.885 0.115489 14.0274 0.000200096 36 0.791 16.0009 2.83521 36.2871 0.657528 17.4013 0.569185 14.2877
490 4.895 0.149625 14.0436 0.000253565 36.0001 0.754492 16.0828 2.70104 36.8719 0.701395 17.4774 0.617223 14.3544
491 4.905 0.19869 14.0652 0.000378466 36.0002 0.726908 16.1619 2.5861 37.4342 0.748033 17.5589 0.676339 14.4278
492 4.915 0.264776 14.094 0.000647898 36.0003 0.707249 16.2393 2.49914 37.9797 0.79617 17.6459 0.74474 14.5089
493 4.925 0.349129 14.1322 0.00113391 36.0006 0.696108 16.3157 2.44528 38.5157 0.843116 17.7385 0.822533 14.5989
494 4.935 0.453657 14.182 0.00189362 36.001 0.69191 16.392 2.42547 39.0495 0.888092 17.8364 0.907203 14.6985
495 4.945 0.577358 14.2457 0.0031598 36.0017 0.693375 16.4688 2.43799 39.5883 0.929335 17.9393 0.999946 14.8088
496 4.955 0.720831 14.3255 0.00503138 36.0028 0.699009 16.5465 2.47682 40.1378 0.965658 18.0466 1.09831 14.9304
497 4.965 0.880466 14.4234 0.00794996 36.0046 0.708312 16.6255 2.53708 40.703 0.995078 18.1577 1.20064 15.0638
498 4.975 1.05506 14.5411 0.0122036 36.0073 0.719547 16.7062 2.6084 41.2864 1.01801 18.2718 1.30682 15.2097
499 4.985 1.2367 14.6797 0.0184434 36.0114 0.730977 16.7884 2.68032 41.8883 1.03263 18.3879 1.41376 15.3681
500 4.995 1.4185 14.8393 0.0271347 36.0176 0.74196 16.8722 2.74513 42.5072 1.03969 18.5054 1.52049 15.5392
