0.035585 0.037400 0.025293 0.031781 0.030698 0.031002   0.190562   0.192357   0.273619
0.036153 0.043373 0.027561 0.033726 0.032530 0.032156   0.427124   0.424010   0.520470
0.036177 0.043848 0.026956 0.033305 0.031760 0.031025   0.675758   0.755675   0.991868
0.038994 0.050170 0.028513 0.034029 0.032021 0.034016   1.036208   1.067777   1.481951
0.045688 0.062475 0.030110 0.036878 0.035995 0.035578   1.459585   1.429752   2.190509
0.047866 0.073928 0.031705 0.035247 0.036462 0.034861   2.088324   1.905769   3.042050
0.060177 0.075162 0.030671 0.036926 0.036030 0.032970   2.643262   2.481905   3.590998
0.050843 0.077915 0.028813 0.038559 0.034031 0.031134   3.210707   2.924373   4.472490
0.046437 0.077516 0.029491 0.036116 0.035296 0.033321   3.665580   3.411549   5.208026
0.053134 0.082252 0.031886 0.037711 0.034402 0.033530   4.250851   4.024033   6.214147
0.061667 0.079855 0.031053 0.036652 0.036847 0.033093   4.836358   4.565998   7.070514
0.059672 0.085003 0.034142 0.038220 0.034623 0.034401   5.430395   5.191335   8.042283
0.059418 0.078473 0.032654 0.037230 0.033009 0.033315   5.930228   5.633542   8.565874
0.057536 0.095076 0.036057 0.037339 0.034748 0.034098   6.414435   6.085414   9.362512
0.054490 0.101792 0.036016 0.037823 0.033931 0.036482   7.101273   6.713214  10.076443
0.054518 0.101328 0.034470 0.036892 0.034167 0.033743   7.508642   7.139931  10.900047
0.059892 0.102943 0.034954 0.037203 0.035584 0.033541   8.139325   7.758145  11.501716
0.059749 0.108415 0.035003 0.040671 0.036953 0.033622   8.782176   8.521167  12.204712
0.060196 0.115831 0.031366 0.035469 0.033209 0.032195   9.534990   9.006350  13.030712
0.075007 0.125163 0.034798 0.039987 0.035324 0.034638  10.331970   9.706761  13.892116
0.073597 0.125426 0.035232 0.036446 0.034903 0.034705  10.911905  10.253242  14.904098
0.073083 0.118570 0.035224 0.038604 0.034114 0.033174  11.456996  10.847889  16.087986
0.075500 0.130706 0.035040 0.041753 0.037092 0.034840  12.298473  11.404158  17.136620
0.077188 0.125257 0.036029 0.039274 0.036476 0.034712  13.153456  11.961987  17.812002
0.071080 0.139789 0.037679 0.039394 0.037196 0.036320  13.960765  12.649617  18.879231
0.075231 0.143300 0.040616 0.038793 0.036660 0.036895  14.814155  13.311567  19.846674
0.076068 0.159128 0.042077 0.040071 0.037107 0.036192  15.516311  13.976693  21.207130
0.075016 0.167575 0.038913 0.038440 0.034318 0.035442  16.349894  14.450855  21.997290
0.075917 0.171786 0.035531 0.039062 0.035484 0.034042  17.096091  15.062287  22.861451
0.078374 0.176272 0.036028 0.040297 0.037427 0.034665  17.877942  15.463502  24.036295
0.070106 0.188527 0.043098 0.041840 0.037580 0.035335  18.705021  15.827054  25.363675
0.081162 0.193310 0.039079 0.041506 0.037832 0.036578  19.329430  16.363598  26.015708
0.076492 0.213746 0.036154 0.040348 0.036544 0.035923  19.895080  17.039621  27.373673
0.078345 0.221554 0.041290 0.045361 0.038030 0.037320  20.716136  17.608395  28.790839
0.084884 0.216085 0.041094 0.043009 0.039039 0.033840  21.239400  17.949503  29.998243
0.091422 0.218317 0.039551 0.044334 0.038768 0.036542  21.705965  18.543186  31.181283
0.086471 0.212248 0.043325 0.043234 0.040688 0.035897  22.542427  19.295344  32.784575
0.083077 0.229077 0.041346 0.043163 0.039738 0.035201  23.075933  20.110458  33.526427
0.086373 0.218616 0.044603 0.039764 0.039831 0.038485  23.547608  20.554618  34.817877
0.082841 0.214043 0.042016 0.040057 0.039755 0.037307  24.137705  21.404383  35.643436
0.088563 0.218938 0.040007 0.040119 0.036556 0.034486  24.889175  21.987199  36.919275
0.082539 0.242061 0.041838 0.041213 0.040917 0.037225  25.774189  22.941692  37.980660
0.079934 0.235829 0.043733 0.042892 0.039495 0.035048  26.738034  23.444174  39.190677
0.084673 0.251245 0.047928 0.041606 0.038539 0.036750  27.694543  24.092622  39.809615
0.092144 0.240947 0.049486 0.040718 0.040035 0.037787  28.697467  25.203519  41.196780
0.095028 0.255305 0.051236 0.039694 0.039260 0.038542  29.342265  25.933398  41.938664
0.098480 0.270148 0.060140 0.043127 0.037177 0.036615  30.290753  26.512914  42.279869
0.098586 0.293039 0.064503 0.041829 0.039200 0.037722  31.128102  26.694507  44.007158
0.092542 0.304244 0.065137 0.042133 0.033762 0.037962  31.334604  27.671822  45.026758
0.104365 0.303022 0.066017 0.042498 0.040316 0.038312  32.148781  28.278439  46.128222
0.103289 0.314636 0.065006 0.043047 0.038540 0.037675  32.960721  28.447228  46.912358
0.103905 0.322669 0.069955 0.045460 0.037645 0.036149  33.945986  28.630033  48.166014
0.104182 0.320590 0.070787 0.046279 0.038036 0.036372  34.520921  29.324242  49.283283
0.107292 0.313206 0.076098 0.044842 0.039132 0.037749  35.267891  29.719656  50.432554
0.112722 0.324087 0.076330 0.043244 0.038387 0.038094  35.801312  30.483713  52.231368
0.100741 0.320912 0.084317 0.041283 0.037975 0.038153  36.159873  30.863870  53.020013
0.104681 0.323106 0.093170 0.042147 0.037141 0.038666  37.013000  31.608226  54.554877
0.115922 0.326069 0.086444 0.042362 0.037915 0.036961  37.477149  32.431300  54.787394
0.122567 0.335227 0.078888 0.041257 0.034934 0.034153  38.120656  32.817392  55.469396
0.120452 0.343432 0.077203 0.040223 0.039489 0.038029  38.731607  33.635760  56.203117
0.135624 0.350770 0.078837 0.040938 0.038358 0.036199  39.552245  34.410067  57.637010
0.150024 0.352224 0.083417 0.044254 0.037046 0.036952  39.954958  34.833484  58.010032
0.154723 0.343743 0.082825 0.042170 0.037126 0.037864  41.105745  35.882030  59.572710
0.145924 0.361645 0.081012 0.043862 0.039331 0.039473  41.714510  36.404366  59.795017
0.147953 0.364584 0.096967 0.044884 0.039122 0.035509  42.596052  37.391520  61.473925
0.144092 0.378677 0.103884 0.043651 0.038102 0.041964  43.298661  38.083009  62.360211
0.148075 0.409594 0.102174 0.040254 0.037063 0.037933  43.181363  38.275216  63.327523
0.148824 0.438841 0.105322 0.043866 0.039278 0.039364  44.454340  39.226655  65.179743
0.155318 0.436845 0.105010 0.041676 0.037512 0.038206  44.542540  39.856099  67.025311
0.150115 0.443178 0.109407 0.044136 0.037395 0.037920  45.289481  40.246285  68.004777
0.151048 0.455424 0.115854 0.045811 0.038383 0.036335  46.172608  40.720913  69.292752
0.148359 0.438123 0.119304 0.042735 0.036968 0.037609  46.886210  41.228375  70.163531
0.157475 0.441524 0.124807 0.044872 0.036628 0.037625  48.129093  42.088397  70.908035
0.163577 0.467566 0.125408 0.045235 0.037406 0.039112  48.251224  42.717382  72.031658
0.159470 0.469446 0.129403 0.044467 0.038800 0.038427  49.151116  43.483238  72.077696
0.152044 0.484731 0.135325 0.040162 0.038039 0.037910  49.956124  43.720452  72.647745
0.151131 0.475023 0.128152 0.043420 0.040888 0.036621  50.293687  44.612964  73.660521
0.156390 0.478941 0.129076 0.042213 0.038599 0.037708  50.980229  44.693968  75.366269
0.173087 0.490526 0.134353 0.043870 0.039560 0.039050  51.779624  45.689546  75.848980
0.171981 0.506009 0.142187 0.045130 0.039260 0.038853  52.836371  46.150036  77.088488
0.178323 0.529602 0.142931 0.042680 0.038199 0.038718  53.478480  46.946556  78.889622
0.182587 0.550055 0.143106 0.044402 0.043351 0.040544  54.828798  47.100715  79.885650
0.180562 0.514443 0.148050 0.041670 0.038111 0.038932  55.979346  48.097437  81.324568
0.189124 0.577940 0.154062 0.044521 0.042711 0.038800  56.610818  47.964600  82.261429
0.187979 0.577399 0.145794 0.040820 0.040795 0.038328  57.119828  48.870129  83.787041
0.191463 0.568621 0.148029 0.043974 0.041348 0.038559  57.813310  49.353917  83.790072
0.195448 0.605325 0.146231 0.045423 0.040879 0.038811  58.193709  49.469660  85.117022
0.200071 0.571956 0.154831 0.045211 0.040563 0.036179  58.640113  50.282549  86.004452
0.202815 0.576427 0.156871 0.047574 0.039283 0.037701  59.738059  50.357278  86.599620
0.203965 0.604192 0.155024 0.046370 0.040000 0.040255  60.001216  51.165619  87.446403
0.215098 0.636892 0.151465 0.045072 0.039282 0.038659  61.165745  51.791010  88.084029
0.216182 0.640194 0.153290 0.046233 0.042242 0.041358  62.259928  52.943016  89.033084
0.219257 0.627452 0.166927 0.042692 0.040294 0.038977  63.390738  53.828626  89.601038
0.216342 0.639234 0.174959 0.044231 0.040310 0.037727  63.738101  54.345282  90.837544
0.215339 0.630552 0.171694 0.043556 0.041710 0.038729  64.230515  54.900114  92.329105
0.231637 0.677690 0.164297 0.044295 0.039678 0.041914  64.319838  55.882809  93.310434
0.238088 0.682444 0.175703 0.048665 0.039477 0.041436  64.942754  56.341396  94.852088
0.248838 0.687305 0.173492 0.048196 0.046017 0.038923  66.404676  57.506459  95.628243
0.244423 0.702758 0.182504 0.046190 0.044003 0.040466  66.651024  58.361231  96.821730
0.262828 0.702037 0.188533 0.047092 0.041347 0.040637  68.205591  59.615683  97.301582
0.253560 0.703100 0.189432 0.041616 0.041919 0.038045  69.445404  59.886393  98.678343
0.261779 0.688197 0.187490 0.044313 0.040551 0.038013  70.340565  60.389378  98.468812
0.276099 0.703949 0.189938 0.047875 0.040592 0.039044  71.057675  61.259105 100.116610
0.278534 0.706000 0.199119 0.045657 0.041845 0.038173  71.706601  62.551926 101.277514
0.286332 0.728583 0.204851 0.048073 0.040607 0.040207  72.652878  62.086762 103.278893
0.286054 0.737927 0.197922 0.050720 0.042022 0.041275  73.878176  63.266597 104.593441
0.287478 0.753223 0.207375 0.047223 0.044320 0.039054  75.169675  63.465188 105.182795
0.284395 0.748956 0.220091 0.047411 0.039395 0.040818  76.264406  64.183085 106.436679
0.296359 0.798351 0.216670 0.049233 0.042183 0.041034  77.655289  64.555001 107.462473
0.288560 0.823202 0.228997 0.049631 0.043716 0.042461  79.461888  66.271049 109.019760
0.289417 0.820435 0.226823 0.050680 0.040728 0.038201  79.858361  66.066406 110.148819
0.293738 0.827218 0.222724 0.047855 0.040170 0.039164  80.702653  67.238995 110.827139
0.293405 0.861949 0.230930 0.048535 0.041958 0.041601  81.548863  68.294477 112.375891
0.289894 0.878006 0.223745 0.047408 0.040931 0.043046  82.858345  69.112567 114.141769
0.305528 0.874017 0.225465 0.047739 0.041458 0.041717  84.509797  70.554732 114.641130
0.311862 0.886818 0.239233 0.048168 0.043212 0.039567  85.518393  71.638136 115.902108
0.313180 0.920421 0.239445 0.048845 0.041941 0.039551  86.117457  72.654718 116.730968
0.323155 0.931686 0.254028 0.047809 0.041949 0.041469  86.736491  73.076337 117.643612
0.322367 0.926462 0.250251 0.047520 0.042078 0.039256  87.597755  73.584351 119.661800
0.310512 0.928005 0.254222 0.045320 0.043648 0.040962  88.682604  74.439043 120.706961
0.329915 0.955096 0.251166 0.048453 0.043307 0.040122  89.887897  74.765375 121.143827
0.328049 0.933813 0.252444 0.048339 0.041558 0.040012  90.675143  74.977586 122.485440
0.332352 0.981570 0.260935 0.051586 0.042456 0.042110  92.708283  76.115511 122.228979
0.330685 0.986245 0.270184 0.047523 0.041564 0.040109  93.618707  76.713284 124.049721
0.331191 0.966193 0.287370 0.050872 0.041359 0.040477  94.641724  77.533892 125.024855
0.341433 0.955455 0.274224 0.049314 0.042543 0.042571  96.104027  77.755232 126.095542
0.347323 0.970680 0.291425 0.048929 0.043755 0.042751  96.113265  78.239037 127.775978
0.351497 0.992236 0.287014 0.048204 0.039806 0.042591  97.295091  78.381564 129.435154
0.361795 1.044673 0.300149 0.050546 0.042459 0.043423  98.480716  79.082404 130.257207
0.366793 1.080822 0.295909 0.051719 0.044357 0.042656  98.536746  79.341207 131.570373
0.370138 1.083258 0.303105 0.051575 0.044151 0.041067  99.125605  80.061222 134.022732
0.384212 1.045060 0.299711 0.048975 0.043127 0.041275 100.777238  81.099871 136.320383
0.381871 1.038361 0.303393 0.046291 0.043190 0.040662 101.873168  81.584092 137.174833
0.394550 1.032356 0.301259 0.048215 0.041028 0.040077 103.566557  82.656972 138.772904
0.393547 1.034780 0.314125 0.047000 0.040026 0.042207 104.811997  82.964302 139.971644
0.410529 1.041149 0.313419 0.046367 0.042763 0.040454 105.354097  82.820625 140.548412
0.416891 1.044453 0.315758 0.047163 0.040839 0.041756 106.075483  82.845770 141.831677
0.419211 1.069092 0.307739 0.048591 0.040807 0.039816 107.792325  83.210131 142.724459
0.434457 1.093362 0.313518 0.049299 0.043871 0.043438 108.983703  84.141136 143.913851
0.451340 1.109375 0.317561 0.051563 0.043924 0.041922 110.500830  85.444322 144.579555
0.445956 1.144593 0.319014 0.052379 0.041451 0.042567 111.435285  85.659996 145.358532
0.457462 1.151133 0.311318 0.050544 0.041032 0.041508 113.572102  87.055214 146.390467
0.461687 1.161867 0.320649 0.047783 0.039593 0.040232 113.361224  88.033529 147.164538
0.466190 1.212611 0.339880 0.049469 0.039899 0.045727 114.034400  88.763659 148.878131
0.461991 1.237943 0.342414 0.048878 0.042004 0.041972 115.135402  88.207721 149.474389
0.476694 1.250800 0.353634 0.050074 0.047164 0.045073 116.453264  89.093463 151.070183
0.478237 1.257795 0.358482 0.048270 0.046972 0.040581 116.374255  89.112266 153.119025
0.480826 1.297823 0.359963 0.054261 0.043880 0.044724 117.466759  89.469400 154.316966
0.509930 1.311898 0.367306 0.052832 0.041519 0.043186 118.718470  90.149212 155.046906
0.502933 1.325763 0.371161 0.050461 0.039922 0.043362 119.693722  91.161319 156.101452
0.504703 1.335549 0.370821 0.049404 0.040012 0.042690 120.722405  92.000422 157.333803
0.528361 1.354023 0.385326 0.050131 0.042318 0.041876 121.565572  93.135909 158.309376
0.544041 1.412219 0.394086 0.052218 0.046640 0.047067 123.616650  93.667023 159.354719
0.534719 1.433458 0.397077 0.050389 0.043560 0.042881 124.748063  94.525137 161.307196
0.567204 1.426436 0.415856 0.049317 0.042004 0.041747 125.094788  94.970158 161.772698
0.562282 1.419238 0.404137 0.048501 0.040304 0.040132 126.663435  95.566889 162.980407
0.588963 1.451171 0.414346 0.050560 0.042866 0.043965 127.222665  96.543915 164.047053
0.597811 1.491834 0.414215 0.052146 0.042876 0.045042 128.577113  97.936031 165.392758
0.609743 1.507372 0.412239 0.051213 0.046441 0.041537 129.737936  98.052485 167.517175
0.584230 1.483824 0.416057 0.048673 0.040622 0.042871 131.193828  98.473962 168.585009
0.590458 1.484275 0.416510 0.052075 0.044190 0.040282 132.383213  98.951079 170.247623
0.606811 1.487096 0.419025 0.052066 0.042009 0.042881 134.067629  99.824271 171.563935
0.603511 1.511423 0.441102 0.050110 0.041713 0.043624 134.997971 100.682918 172.317895
0.619873 1.506669 0.454103 0.049595 0.042114 0.040300 137.170437 100.901705 172.759784
0.626188 1.544148 0.445954 0.048540 0.042212 0.043663 138.151298 101.739872 173.651769
0.663550 1.595953 0.456814 0.050353 0.043304 0.041656 139.188567 102.512841 175.713677
0.648867 1.637052 0.461334 0.049482 0.042383 0.043568 139.601537 103.696213 177.318366
0.659128 1.636551 0.492111 0.051956 0.043098 0.041621 140.342589 103.788434 179.424428
0.664850 1.656155 0.491295 0.048682 0.041659 0.043101 140.292407 104.487740 181.521512
0.656275 1.622089 0.504930 0.052530 0.042663 0.046169 141.906887 105.587871 180.728608
0.660527 1.645888 0.484141 0.052847 0.045814 0.042935 143.163475 105.910711 182.267408
0.683301 1.685630 0.508615 0.048998 0.042076 0.043313 143.398266 106.235502 183.324230
0.675267 1.704912 0.524677 0.051490 0.045200 0.044706 145.830652 107.448206 184.766560
0.680536 1.742165 0.517388 0.050304 0.043737 0.044017 146.167738 107.719867 185.180966
0.679367 1.737745 0.517368 0.050722 0.047254 0.041050 147.047826 109.151163 186.941300
0.682733 1.764495 0.537609 0.047498 0.043696 0.043129 148.178484 110.008224 188.078484
0.689904 1.750870 0.540741 0.051815 0.040650 0.044829 148.963861 110.521417 190.109755
0.694747 1.801034 0.543769 0.052680 0.042826 0.043234 151.396637 111.473736 191.214430
0.690036 1.840962 0.540032 0.050744 0.040156 0.043376 152.116474 112.070733 192.728148
0.694206 1.875982 0.548676 0.051700 0.040895 0.041662 152.239242 113.442627 193.147309
0.721738 1.888897 0.554289 0.050192 0.043097 0.043761 152.817408 114.159712 195.113975
0.724785 1.874683 0.570695 0.054618 0.043705 0.041329 154.288597 114.699425 196.961174
0.723143 1.910209 0.576144 0.051597 0.042462 0.043770 156.073402 113.881263 198.232500
0.751023 1.934866 0.583729 0.052400 0.044037 0.046105 156.627120 115.216848 200.163303
0.745753 1.904935 0.583563 0.050074 0.042435 0.044026 158.145318 115.871773 201.897820
0.756742 1.920875 0.582705 0.050401 0.040897 0.041312 160.537303 116.777870 201.413649
0.773140 1.900148 0.581222 0.050266 0.041732 0.043095 161.287323 117.563793 202.801927
0.776529 1.948198 0.610051 0.049597 0.043183 0.044987 161.721496 118.048438 202.789164
0.759099 1.999746 0.626318 0.054924 0.041239 0.048347 162.569976 119.377382 204.656629
0.765659 1.984375 0.640590 0.054707 0.042621 0.044271 163.404453 120.084755 205.245806
0.761823 2.038491 0.627247 0.051328 0.041550 0.042144 164.642411 120.709396 207.009661
0.769352 1.994975 0.640356 0.053122 0.041452 0.042939 165.457220 121.391490 208.426669
0.767804 2.047055 0.628498 0.050064 0.042411 0.043579 166.991401 122.409035 209.314167
0.756968 2.064301 0.629309 0.047673 0.042863 0.043774 167.858592 122.436866 211.134394
0.758979 2.086983 0.639268 0.053610 0.042729 0.044019 169.707451 122.851899 213.410920
0.778653 2.138764 0.648082 0.053955 0.044542 0.044873 169.555287 123.694310 213.914438
0.795727 2.146383 0.643359 0.052607 0.042335 0.044630 170.620663 124.102427 217.025820
0.790485 2.115088 0.659163 0.056332 0.043074 0.048248 172.388178 124.671066 217.207819
0.803938 2.139314 0.683435 0.053031 0.044022 0.046268 172.675971 125.638462 220.298494
0.823136 2.158172 0.684046 0.051812 0.045043 0.043366 173.213729 127.615379 220.294134
0.820245 2.197750 0.691377 0.053947 0.045041 0.045140 174.896384 128.528711 220.883349
0.819961 2.204846 0.694647 0.053928 0.044708 0.046641 176.174459 128.874156 222.658864
0.828089 2.248970 0.725830 0.055948 0.042194 0.044621 177.633102 130.528846 223.325317
0.849391 2.336291 0.731261 0.053636 0.041567 0.046091 179.159675 131.694185 224.670864
0.835365 2.334070 0.720819 0.049641 0.042489 0.046534 180.743817 132.717448 226.851180
0.841951 2.318940 0.750301 0.051471 0.042538 0.043875 182.477172 132.666582 229.188186
0.851472 2.319527 0.750882 0.051700 0.043499 0.049521 183.263606 134.261779 230.810771
0.865261 2.291480 0.762470 0.051100 0.042433 0.044345 186.120180 134.995626 231.121202
0.864183 2.350096 0.785320 0.051850 0.045480 0.043146 187.675307 135.584546 231.500626
0.871918 2.354370 0.802397 0.050725 0.044140 0.043986 188.595036 136.504466 231.857192
0.867809 2.364331 0.784368 0.052705 0.041407 0.043357 189.831070 137.147642 233.269926
0.884432 2.383373 0.794813 0.051100 0.041992 0.043398 188.667784 137.977086 233.153965
0.888814 2.404741 0.787695 0.053044 0.044055 0.043547 189.236294 138.904466 234.777915
0.888767 2.446345 0.807134 0.050929 0.042920 0.045552 191.187440 139.396478 236.054714
0.902982 2.439102 0.809704 0.052971 0.046185 0.044235 191.675962 140.986623 236.741563
0.918235 2.451694 0.823580 0.053093 0.041187 0.043649 193.099147 140.509848 239.193950
0.942997 2.475404 0.819397 0.051472 0.043680 0.045153 194.447575 140.571422 238.483372
0.958474 2.533842 0.835217 0.052656 0.042411 0.047252 195.813193 141.651722 239.406963
0.970407 2.621846 0.833671 0.052078 0.042619 0.045178 197.437623 142.146535 242.150382
0.976906 2.642641 0.836299 0.051975 0.043638 0.047542 199.422451 141.642197 243.222512
0.981053 2.715875 0.859591 0.055745 0.045221 0.046554 200.371352 143.128439 243.456210
0.998049 2.699350 0.859176 0.054512 0.043083 0.043631 201.088423 144.529332 244.672951
1.009137 2.737095 0.856409 0.054834 0.046084 0.043513 201.864136 144.563728 245.337258
1.027764 2.816114 0.856976 0.057591 0.047046 0.044842 203.959971 146.263363 247.791031
1.037150 2.869717 0.862232 0.052677 0.045604 0.041848 203.539889 148.072068 247.711537
1.021536 2.873332 0.862215 0.055762 0.041931 0.044911 204.667152 150.642884 249.633225
1.046455 2.880937 0.866178 0.055364 0.045451 0.046746 206.778209 150.609617 251.892598
1.047769 2.932761 0.902832 0.054708 0.042996 0.044401 209.824080 151.646710 253.355113
1.047968 2.961672 0.910726 0.052874 0.046146 0.045841 209.790007 153.751137 254.032410
1.061249 2.966168 0.903663 0.053159 0.046899 0.046410 209.969094 154.683982 255.843380
1.090875 2.957843 0.916611 0.055723 0.044328 0.046600 210.334130 154.106430 258.946785
1.097651 2.968038 0.915289 0.052536 0.044125 0.044688 211.270334 154.548410 257.865738
1.115579 3.007648 0.941626 0.051622 0.045983 0.045948 212.328359 156.021713 260.593376
1.134944 3.013913 0.965516 0.052067 0.043099 0.044560 214.067009 157.060365 262.576255
1.140478 3.045910 0.982487 0.052660 0.042933 0.046586 215.187282 157.358934 264.135884
1.157788 3.120705 0.975377 0.052833 0.045413 0.046254 216.551175 157.609072 265.626527
1.165474 3.185519 0.969215 0.053045 0.044178 0.042899 217.444581 158.089346 265.111981
1.171538 3.163457 0.999622 0.055568 0.046223 0.048620 217.958981 158.427740 265.636998
1.198697 3.133786 0.984055 0.055670 0.044700 0.046990 218.059220 159.767354 266.798115
1.192379 3.196491 0.983688 0.054739 0.043025 0.046747 219.655326 160.670439 267.168218
1.189059 3.284983 0.990932 0.054101 0.048845 0.047045 220.688439 160.924818 268.332626
1.201561 3.348976 0.998246 0.054432 0.043572 0.045910 223.078443 163.292643 269.658964
1.210173 3.403180 1.003142 0.055172 0.045488 0.046652 223.624614 164.110995 271.831088
1.227301 3.375854 1.015885 0.058067 0.046345 0.045564 226.886808 165.004517 272.655377
1.237693 3.418490 1.039851 0.059161 0.049058 0.045287 228.146182 165.943444 273.475455
1.256317 3.484463 1.031231 0.054977 0.052016 0.045167 228.543336 165.962162 274.456479
1.255911 3.518150 1.051085 0.054359 0.047248 0.046956 230.552149 167.970179 274.522711
1.256482 3.568233 1.037078 0.050603 0.044338 0.045460 231.472019 168.425920 275.257172
1.251121 3.527002 1.038987 0.055701 0.043280 0.045816 233.251319 169.349245 276.257400
1.280960 3.531075 1.052130 0.055532 0.043115 0.045786 233.475880 170.259476 278.634576
1.297307 3.568732 1.074547 0.055951 0.044925 0.046018 235.586614 171.078797 281.943004
1.306641 3.566819 1.077696 0.056292 0.041378 0.046890 236.233765 172.877419 283.034181
1.295994 3.621845 1.066333 0.051657 0.043284 0.045725 237.294771 173.900657 283.769290
1.319108 3.662253 1.084928 0.054964 0.043497 0.046892 236.629861 175.403729 286.054630
1.297613 3.684801 1.066366 0.026845 0.018186 0.019632 238.083213 176.401173 289.229765
1.293224 3.647484 1.059784 0.025324 0.016418 0.021061 238.633859 176.949894 290.872303
1.294651 3.654482 1.064822 0.025584 0.019921 0.020206 241.309125 178.317809 291.613703
1.297903 3.639460 1.071081 0.026519 0.018382 0.019844 242.233410 178.469908 291.992274
1.297861 3.639848 1.070756 0.026039 0.017737 0.018561 242.676619 178.711404 292.283392
1.294917 3.642585 1.072274 0.026519 0.017761 0.019146 243.238420 179.435655 293.818630
1.296753 3.632510 1.071607 0.026664 0.017073 0.019544 242.861919 180.275851 293.932439
1.295625 3.642590 1.073680 0.026526 0.016600 0.020218 243.020722 179.269805 291.312871
1.297593 3.637771 1.070374 0.026458 0.016806 0.020323 243.371445 178.923922 291.575620
1.296158 3.638875 1.071433 0.026021 0.016475 0.020470 243.187030 179.455626 292.201014
1.297336 3.646213 1.073736 0.025620 0.015953 0.021562 244.309197 178.945796 293.320518
1.293650 3.645339 1.074472 0.025543 0.015874 0.024854 244.944523 179.128054 293.490313
1.296338 3.649849 1.080188 0.055794 0.082253 0.041836 244.345535 179.987271 294.988577
1.301272 3.639718 1.088674 0.050817 0.079248 0.048595 243.788411 179.136897 294.820305
1.298119 3.638226 1.089429 0.050911 0.078628 0.050538 245.694577 179.979136 294.639264
1.296503 3.638147 1.090857 0.050720 0.079145 0.051796 247.569680 179.775695 292.968343
1.295474 3.637572 1.099905 0.050724 0.080330 0.058589 249.388234 180.343466 292.131746
1.298282 3.642279 1.107744 0.050537 0.082079 0.066026 250.915399 179.927862 292.830536
1.297191 3.636755 1.107514 0.049391 0.084610 0.069573 251.117165 179.732508 293.738249
1.294621 3.636449 1.116979 0.048133 0.086869 0.075919 251.191645 180.485960 295.665075
1.292168 3.637654 1.124408 0.047144 0.088976 0.085260 250.125401 181.030447 297.978323
1.295055 3.641598 1.128666 0.048072 0.090643 0.090444 249.276688 180.959047 299.485207
1.295001 3.644260 1.132519 0.049852 0.091766 0.089676 250.330471 181.205323 300.231484
1.299746 3.637609 1.133851 0.052172 0.092044 0.093065 250.039365 181.720242 300.940587
1.304099 3.636454 1.146131 0.057251 0.090698 0.103450 249.741862 181.125832 302.145735
1.309488 3.638979 1.160717 0.063073 0.086504 0.117982 249.120230 182.111297 300.210513
1.314653 3.641437 1.171735 0.067537 0.082552 0.132247 248.266728 181.453293 302.682130
1.323845 3.628153 1.182413 0.072164 0.080099 0.143648 246.464291 180.433304 305.373831
1.322520 3.637508 1.192988 0.076226 0.079218 0.153303 247.588604 180.957901 305.787807
1.326777 3.634798 1.203494 0.079237 0.078862 0.164923 249.823869 180.993008 307.866322
1.332696 3.634321 1.205797 0.086538 0.079611 0.166589 249.849182 181.975264 309.690558
1.339617 3.642890 1.198163 0.093396 0.081127 0.158006 249.780655 182.221316 307.719391
1.348127 3.637989 1.180949 0.100521 0.079611 0.142075 252.416912 183.207827 308.075638
1.353936 3.642261 1.169296 0.107884 0.081423 0.129662 252.899399 182.863103 308.207822
1.361575 3.641076 1.168524 0.113956 0.080789 0.126337 252.202771 184.040547 307.264568
1.367662 3.638662 1.158529 0.119110 0.081146 0.121728 252.058273 184.997152 305.637104
1.376306 3.640293 1.147361 0.126463 0.081225 0.108319 254.133676 185.985433 307.164518
1.376591 3.639508 1.134151 0.131527 0.080511 0.091673 254.887270 184.693625 304.499032
1.385116 3.634008 1.114216 0.138856 0.080265 0.074617 257.358679 184.402001 301.591139
1.406290 3.642560 1.097077 0.157639 0.080453 0.057453 256.881812 183.158748 304.662381
1.426789 3.633314 1.086166 0.178531 0.080082 0.046578 259.331235 183.428174 305.775369
1.442417 3.636909 1.079114 0.195503 0.079999 0.038557 260.957083 183.835336 301.444738
1.464591 3.638116 1.075970 0.215818 0.079741 0.035284 260.968187 184.423146 303.219112
1.485247 3.636154 1.075278 0.240593 0.080421 0.033394 260.676178 185.072461 301.296712
1.512670 3.636343 1.073518 0.265252 0.079418 0.032554 261.001559 187.081591 300.830000
1.540525 3.632076 1.072338 0.293461 0.079626 0.032043 261.728590 186.988300 303.258106
1.574204 3.629865 1.071666 0.326205 0.079612 0.032368 266.619216 188.173567 306.440992
1.598608 3.635039 1.072548 0.354284 0.079376 0.033453 269.430927 188.965322 307.326256
1.628973 3.630501 1.074038 0.381285 0.079993 0.034541 268.605194 187.033751 308.451144
1.652204 3.631922 1.076906 0.407415 0.080116 0.034769 265.248011 188.434140 310.158067
1.687337 3.632676 1.078993 0.439947 0.079332 0.035488 267.309376 186.206574 306.647779
1.710481 3.629100 1.075604 0.462851 0.079111 0.035683 267.877936 188.457520 312.923600
1.736182 3.631830 1.077245 0.489443 0.079080 0.036799 267.557305 189.590630 311.292497
1.762677 3.629540 1.078383 0.514638 0.078874 0.036851 266.674578 188.833657 317.294062
1.789232 3.628170 1.072444 0.541485 0.079623 0.036669 270.364069 191.514495 322.513300
1.812532 3.625905 1.077572 0.565898 0.082014 0.035165 273.536049 191.488983 328.051537
1.837694 3.626966 1.075847 0.589206 0.083042 0.033807 275.791171 194.168109 325.798610
1.841058 3.633321 1.076743 0.591110 0.083249 0.034014 273.570789 196.979778 321.755660
1.833610 3.628788 1.075779 0.586949 0.082834 0.033857 274.232798 195.029848 326.933740
1.839315 3.634388 1.074603 0.591006 0.083744 0.035030 277.415976 196.603531 323.110522
1.856300 3.633014 1.076902 0.607891 0.082843 0.035251 276.159116 193.902938 324.127727
1.879507 3.629199 1.077098 0.631814 0.083126 0.035372 278.408257 193.285751 326.259445
1.869470 3.623586 1.076575 0.622957 0.083018 0.036785 278.920627 193.379696 323.274898
1.865621 3.630421 1.079692 0.618785 0.084120 0.037265 276.506972 193.219986 325.690052
1.871208 3.632173 1.080693 0.624391 0.083363 0.039495 277.507668 192.236075 323.169490
1.866327 3.630568 1.083713 0.619408 0.083377 0.041771 276.930296 194.297270 325.188670
1.850645 3.633501 1.088074 0.605650 0.082426 0.045610 275.563815 194.341617 326.753615
1.827639 3.635348 1.092678 0.581887 0.082836 0.050311 275.908972 193.800742 323.519239
1.808004 3.631822 1.096091 0.562158 0.082024 0.055186 275.843642 195.852673 324.167874
1.789468 3.629039 1.106392 0.541615 0.081705 0.063962 278.024230 195.455505 325.537556
1.776144 3.633351 1.122454 0.529265 0.082643 0.079932 276.499658 196.063581 327.344068
1.773885 3.633097 1.136816 0.527152 0.082828 0.097560 276.609425 194.146685 328.894211
1.761178 3.630567 1.155012 0.514235 0.083004 0.110150 276.514378 193.891703 327.566550
1.767814 3.625966 1.154625 0.521411 0.082902 0.113278 276.668390 195.374592 331.726557
1.808405 3.627036 1.155657 0.560422 0.082015 0.111394 274.603559 193.686391 329.182376
1.841482 3.632972 1.156392 0.594522 0.080615 0.113878 279.097975 193.128263 329.584529
1.857584 3.629037 1.174319 0.605070 0.081718 0.129826 279.423947 193.860081 327.195496
1.880393 3.634878 1.187739 0.634565 0.082958 0.145620 279.998375 194.490743 329.371418
1.905596 3.621303 1.195848 0.655743 0.085631 0.155768 277.453392 193.660068 324.692374
1.919271 3.625132 1.196095 0.675222 0.090910 0.154220 280.817634 195.301033 327.229944
1.942597 3.637310 1.182385 0.693132 0.098516 0.145639 279.222630 191.930583 333.039646
1.958845 3.643573 1.186312 0.710743 0.105417 0.143291 282.459825 195.167612 325.959855
1.962926 3.639536 1.183790 0.714880 0.107421 0.140128 284.060962 196.803974 331.028389
1.936486 3.639347 1.186339 0.689887 0.107470 0.143006 289.427160 195.276178 330.663525
1.920079 3.637911 1.194900 0.672465 0.101671 0.152505 292.580194 195.844271 326.316685
1.905936 3.634378 1.201687 0.660260 0.100619 0.160285 291.418590 198.380763 328.833418
1.909171 3.639109 1.200599 0.661588 0.100896 0.161099 289.489806 201.169345 325.134019
1.909923 3.635531 1.198771 0.663535 0.098978 0.155327 289.693268 202.453431 319.939336
1.899889 3.630628 1.189277 0.650049 0.095492 0.145768 286.673945 205.158208 327.141596
1.856548 3.631386 1.178323 0.607157 0.092145 0.136300 281.016458 205.037768 326.673028
1.811044 3.626416 1.172658 0.558811 0.090771 0.129691 280.476965 203.060476 328.973881
1.775096 3.625960 1.168541 0.527009 0.090787 0.124672 278.357182 203.793386 327.210918
1.755134 3.629390 1.164147 0.506885 0.092318 0.121915 281.008125 203.753703 331.476584
1.743836 3.628258 1.162096 0.491013 0.095123 0.116406 278.661221 206.435305 332.802463
1.738763 3.633742 1.162964 0.486085 0.097811 0.114411 280.607874 206.617340 335.548752
1.732064 3.638072 1.152658 0.481211 0.102271 0.110337 279.450099 206.923242 341.703206
1.706083 3.637842 1.156271 0.455478 0.103793 0.114300 279.312951 208.108501 337.943314
1.680323 3.642048 1.152726 0.429174 0.105493 0.109030 278.180363 210.215461 344.837009
1.666294 3.644203 1.150049 0.414658 0.110446 0.106120 278.835563 209.808289 342.149532
1.664604 3.645818 1.153829 0.411328 0.111034 0.111549 277.550778 208.824019 340.186293
1.650291 3.646918 1.164256 0.399257 0.108410 0.122112 276.305780 209.409517 333.407240
1.641894 3.633506 1.178194 0.392035 0.102280 0.134584 274.080581 205.541997 338.845636
1.642679 3.634679 1.187034 0.393116 0.101918 0.141722 273.129670 208.416783 347.223732
1.629884 3.638067 1.192484 0.383592 0.103140 0.151673 269.405874 209.850034 349.048434
1.617934 3.643810 1.210182 0.370873 0.106385 0.166136 272.285471 211.881708 346.200003
1.608128 3.639675 1.217604 0.355522 0.106213 0.179069 271.227043 214.838227 349.578493
1.601785 3.648335 1.234915 0.351600 0.108026 0.192523 273.758503 214.871385 350.743132
1.604759 3.649182 1.247468 0.354158 0.110981 0.204866 274.178597 218.984762 352.911525
1.615344 3.643281 1.242024 0.362356 0.112644 0.203047 274.305210 221.849490 354.053920
1.623645 3.642172 1.230888 0.374603 0.116423 0.185361 279.007572 220.466343 357.144457
1.627620 3.650300 1.210463 0.377754 0.117094 0.167308 277.283277 226.151054 359.436425
1.640865 3.652707 1.193267 0.388919 0.124084 0.154490 276.776315 225.090383 355.905465
1.648408 3.656733 1.188939 0.399318 0.134220 0.147765 276.085569 228.158668 367.578500
1.665315 3.676508 1.183793 0.414638 0.150323 0.142518 274.772219 227.695120 362.306238
1.677961 3.688729 1.179353 0.426740 0.165111 0.136735 279.284397 226.877324 367.576862
1.681445 3.707635 1.178235 0.431176 0.184084 0.138205 275.307208 225.754213 365.137058
1.666892 3.726814 1.178400 0.416117 0.208274 0.140668 277.588062 225.528833 369.885000
1.648625 3.757331 1.192285 0.398689 0.236928 0.149046 277.747863 228.456388 377.925926
1.641778 3.772742 1.201847 0.388294 0.249493 0.160011 282.775556 229.611212 378.999086
1.623529 3.760801 1.220815 0.373588 0.245555 0.177057 280.690122 236.259461 385.495203
1.607372 3.764171 1.236636 0.359936 0.249564 0.197201 277.742876 237.894778 389.389296
1.601497 3.779180 1.250676 0.352576 0.260182 0.207518 273.817165 237.722756 380.740856
1.596031 3.781578 1.253584 0.346259 0.267229 0.210196 278.053948 238.206464 390.007220
1.576484 3.778174 1.238887 0.328979 0.268743 0.201120 274.565837 233.898172 397.200033
1.560752 3.782819 1.235737 0.309132 0.268260 0.194468 274.389035 230.527236 391.671408
1.551174 3.795394 1.219017 0.300496 0.278642 0.177437 273.884188 228.696802 390.408213
1.545775 3.804961 1.193593 0.295693 0.292183 0.149638 273.377978 235.832493 386.343912
1.558944 3.822942 1.176166 0.304560 0.307078 0.133443 273.308965 232.085641 393.322130
1.555739 3.824787 1.167131 0.303900 0.320183 0.125641 274.192347 237.509869 388.076547
1.569012 3.829765 1.157680 0.314912 0.326244 0.119626 277.382003 241.049008 385.333121
1.584105 3.843815 1.152090 0.333476 0.335472 0.109725 279.873100 241.495356 383.049475
1.593466 3.859858 1.147129 0.339039 0.347883 0.103762 276.938612 242.255953 379.487077
1.581464 3.860405 1.134582 0.333255 0.353923 0.091474 277.403962 242.863509 383.780540
1.573465 3.873900 1.127630 0.323203 0.375190 0.083135 280.176842 243.966836 386.802911
1.568078 3.898535 1.119954 0.317459 0.389935 0.076944 283.572164 244.546031 385.559088
1.563958 3.923281 1.114897 0.309197 0.425004 0.074304 284.111056 242.743126 390.075858
1.539830 3.964588 1.112313 0.292133 0.462032 0.070642 284.360885 245.500359 390.784054
1.533977 3.980755 1.109071 0.279205 0.477921 0.066957 285.416932 244.050908 391.239537
1.525821 3.998575 1.104752 0.273721 0.499216 0.061046 289.087800 244.429811 396.297135
1.522664 4.008169 1.098903 0.271010 0.508272 0.058675 286.447247 244.591270 391.436241
1.523526 4.024302 1.093996 0.270996 0.528075 0.055093 289.553905 243.438394 394.224679
1.532701 4.051716 1.094913 0.281383 0.570872 0.054299 287.547007 244.176742 391.117254
1.543106 4.104830 1.097991 0.294789 0.619621 0.054232 288.911585 246.385547 391.958348
1.568829 4.151484 1.098178 0.310592 0.657382 0.054281 290.573802 248.194780 400.093814
1.579174 4.186784 1.086625 0.326042 0.701492 0.046458 289.222012 250.152903 396.057467
1.579423 4.236583 1.082594 0.327170 0.755814 0.043030 290.470178 253.515754 391.625679
1.562681 4.289133 1.079150 0.309336 0.806078 0.040501 289.903387 255.005903 397.714151
1.543023 4.332769 1.079529 0.289272 0.855754 0.037539 290.256764 256.274101 395.460947
1.512097 4.379604 1.073353 0.261460 0.902182 0.033706 291.411472 258.507242 396.676628
1.477123 4.440598 1.072732 0.226613 0.967385 0.032988 293.188489 261.560735 397.265565
1.459401 4.516242 1.075235 0.210399 1.038639 0.032456 294.922197 267.247490 402.385687
1.456440 4.550442 1.076487 0.200252 1.080613 0.032485 298.611713 264.077483 399.585775
1.458446 4.591122 1.077315 0.205751 1.122475 0.034717 300.630408 264.107345 401.001925
1.471972 4.625890 1.079617 0.222327 1.162183 0.036559 301.054221 266.840926 399.737268
1.500812 4.642208 1.082177 0.248686 1.182650 0.040581 302.759829 265.177163 397.025440
1.519929 4.637899 1.086534 0.271424 1.176474 0.045013 302.932153 267.530283 407.022817
1.541812 4.633834 1.091137 0.286076 1.169929 0.052394 299.966225 271.383040 406.417395
1.546573 4.617086 1.103033 0.294286 1.154488 0.064247 302.331221 269.420452 411.950501
1.542379 4.614473 1.122251 0.289865 1.144964 0.078491 299.113441 267.193480 414.565428
1.537745 4.572368 1.119890 0.286490 1.110463 0.082615 299.843316 270.156221 409.325992
1.539526 4.542012 1.123330 0.288518 1.066722 0.084939 302.064143 272.994485 414.861650
1.552717 4.510166 1.123611 0.296251 1.043226 0.082491 302.460099 275.729268 421.778677
1.549988 4.505330 1.116854 0.296803 1.036860 0.076659 300.381910 275.791895 428.492152
1.561943 4.508611 1.102873 0.304713 1.036605 0.063355 300.175594 269.280976 428.457646
1.573071 4.491839 1.095491 0.315577 1.024389 0.054877 302.940511 274.778083 423.473552
1.571211 4.475470 1.088381 0.314585 1.004815 0.045489 301.726062 278.076568 417.881639
1.555723 4.474011 1.080071 0.300888 1.002307 0.039957 299.059445 283.076336 420.999054
1.551840 4.467930 1.078755 0.294472 0.996992 0.037197 300.228298 279.493278 423.290343
1.551739 4.483701 1.076710 0.294622 1.010731 0.036167 296.810414 276.898794 418.080697
1.544602 4.521234 1.076706 0.288921 1.049318 0.034521 300.139417 273.261124 418.176268
1.538534 4.533255 1.073036 0.280129 1.059971 0.032408 308.921130 267.834959 425.501528
1.534454 4.512671 1.072662 0.273427 1.049547 0.031491 305.397170 266.232734 420.286014
1.528999 4.497195 1.070944 0.270567 1.028701 0.030934 304.513032 268.796247 422.208769
1.528552 4.490703 1.072114 0.266099 1.018196 0.030923 309.348100 266.979956 414.904712
1.507269 4.497301 1.070996 0.249507 1.026880 0.032641 306.408266 265.504521 417.259039
1.498759 4.528237 1.076012 0.241220 1.067430 0.037476 305.183801 267.132548 415.840061
1.494524 4.582456 1.090109 0.238369 1.105119 0.045792 306.130280 261.205938 413.591126
1.485001 4.615060 1.098274 0.222363 1.149598 0.058245 304.723894 264.418955 415.468992
1.469420 4.622955 1.113715 0.214006 1.164890 0.072605 308.491993 268.078298 416.520241
1.465979 4.633170 1.125555 0.205816 1.164971 0.085577 312.763634 270.944311 423.314093
1.456518 4.640179 1.136508 0.196364 1.170850 0.096060 313.686744 271.880762 419.184182
1.448884 4.620004 1.143891 0.188659 1.157416 0.104835 316.093899 270.770410 416.923829
1.441323 4.583719 1.148856 0.180619 1.117620 0.108748 308.993749 269.798958 421.629335
1.427125 4.578827 1.157222 0.164638 1.109937 0.116226 316.386878 268.808754 415.614643
1.414484 4.588142 1.162028 0.153524 1.123135 0.121836 318.386427 266.429689 419.003300
1.396916 4.577486 1.162375 0.137865 1.114386 0.119180 318.982588 271.923751 418.849303
1.382211 4.573547 1.163458 0.125728 1.110122 0.123361 312.892159 273.636770 421.213460
1.381898 4.582227 1.185054 0.119924 1.109852 0.142636 306.455678 274.012272 416.618130
1.376750 4.608875 1.197844 0.119591 1.135467 0.156610 311.021192 273.633625 418.125223
1.376886 4.624508 1.209404 0.118329 1.154180 0.167423 312.254162 278.934405 421.565435
1.369122 4.617263 1.228563 0.109485 1.152570 0.184782 311.536321 279.444304 412.282355
1.360124 4.622862 1.235559 0.100354 1.155213 0.193365 312.789347 284.639226 408.048859
1.358014 4.635529 1.237640 0.099333 1.166249 0.193514 314.449680 280.104077 418.435657
1.360614 4.623675 1.231995 0.100706 1.155987 0.190465 313.864461 276.974357 421.174226
1.361176 4.643879 1.224587 0.105938 1.184672 0.183808 309.576993 280.382685 430.174409
1.372703 4.672444 1.218317 0.113389 1.216600 0.174685 308.909540 276.398424 433.009955
1.381878 4.713700 1.222014 0.122040 1.248775 0.178053 307.170416 277.858245 435.173075
1.395060 4.731431 1.223059 0.132868 1.269373 0.180706 309.732327 276.518637 434.469768
1.398105 4.770737 1.231529 0.139042 1.308500 0.188910 310.305642 279.279236 440.743254
1.395885 4.817698 1.244616 0.134414 1.363891 0.202812 307.081146 281.306141 443.584375
1.390189 4.870640 1.267400 0.131217 1.413125 0.224667 310.121745 281.309926 447.965892
1.392239 4.919012 1.292034 0.133588 1.464232 0.250890 307.753937 283.694841 451.712086
1.394025 4.971121 1.309559 0.137269 1.511171 0.267234 302.846579 280.482079 448.816259
1.398780 4.988368 1.315957 0.136871 1.537267 0.272918 303.069772 280.465841 455.138910
1.394970 4.989303 1.320628 0.136795 1.535777 0.277902 304.145353 282.197867 446.306832
1.398639 4.986057 1.326764 0.139946 1.533435 0.281803 310.503898 284.103308 449.638550
1.400543 4.989360 1.335016 0.140418 1.535232 0.295215 307.692872 285.001338 451.132300
1.396825 4.980061 1.371201 0.139628 1.528802 0.326403 307.781722 281.532593 447.671158
1.396542 4.963714 1.399962 0.136286 1.504411 0.360828 309.257946 278.402318 440.778914
1.390569 4.955666 1.410092 0.132359 1.504624 0.370198 307.618351 278.525316 435.851521
1.389837 4.945654 1.424837 0.131597 1.492457 0.384324 306.712384 275.451055 432.526340
1.394548 4.963053 1.465118 0.134907 1.499699 0.422933 302.422049 272.349014 435.825471
1.404546 4.974957 1.507735 0.145231 1.518315 0.467152 302.455157 273.763759 445.836609
1.404800 4.989262 1.538675 0.147053 1.538058 0.499570 298.101614 274.344396 445.043698
1.401245 5.003058 1.554783 0.142807 1.550803 0.512259 299.596141 276.779202 440.228093
1.400192 5.013808 1.547813 0.143200 1.559157 0.505191 304.025686 276.973137 443.939940
1.398013 5.037121 1.540008 0.139949 1.584506 0.495357 302.016062 277.460041 449.720316
1.407313 5.058146 1.522904 0.144056 1.610137 0.483629 300.324932 280.125483 449.992504
1.405173 5.069344 1.499127 0.143010 1.614920 0.461099 303.590598 279.087943 449.939590
1.404353 5.094711 1.505393 0.146061 1.636171 0.467072 301.863453 280.026803 440.743427
1.408325 5.124556 1.515217 0.145352 1.670440 0.473166 303.231833 278.553431 449.518201
1.405333 5.113587 1.514992 0.145472 1.657969 0.475152 298.906488 277.231120 449.035350
1.408986 5.056077 1.512966 0.148858 1.602909 0.466746 302.014758 276.432343 444.152250
1.419527 5.001687 1.499147 0.161366 1.549396 0.460026 298.973827 279.015196 447.975599
1.434418 4.937361 1.492963 0.173465 1.478156 0.450089 299.406503 282.031171 448.697440
1.449390 4.870519 1.489355 0.185917 1.414640 0.448734 303.174886 282.204339 447.870430
1.445906 4.807470 1.491261 0.188952 1.351017 0.448419 302.542208 282.260974 458.935944
1.450931 4.754947 1.517951 0.187044 1.288380 0.472396 304.987438 280.719149 464.897900
1.458356 4.714517 1.542448 0.199652 1.249438 0.502689 301.538676 278.692278 461.154071
1.474687 4.713088 1.568398 0.214753 1.253315 0.523609 308.375734 281.364941 455.133173
1.486898 4.703822 1.592657 0.227797 1.238399 0.551563 311.459932 281.625248 462.211678
1.495413 4.660740 1.600117 0.237779 1.195775 0.562433 308.039389 283.231485 474.397033
1.501853 4.599941 1.617168 0.241674 1.131545 0.578229 309.002182 282.094872 467.664723
1.517364 4.535186 1.640321 0.259630 1.065439 0.599227 311.308337 284.331339 460.964051
1.532384 4.494801 1.653443 0.276687 1.020311 0.607973 312.752197 285.806693 463.475704
1.552456 4.471625 1.656755 0.293506 0.999179 0.609981 318.397840 290.286249 457.811483
1.573379 4.485504 1.631378 0.313801 1.015930 0.589610 319.116585 293.152505 468.586544
1.607378 4.505198 1.584472 0.345359 1.030710 0.541324 317.291826 291.031678 469.975069
1.644474 4.521959 1.519280 0.387628 1.052181 0.479915 321.053104 289.261604 473.345053
1.686238 4.565184 1.459996 0.427265 1.094150 0.416805 320.967236 289.468758 475.371345
1.712755 4.623137 1.408203 0.452535 1.153637 0.367896 317.795121 287.934083 468.449424
1.744112 4.666665 1.370674 0.486323 1.199262 0.328181 317.349482 287.396533 461.729887
1.763822 4.679770 1.328818 0.502251 1.223393 0.285955 324.836362 287.499803 457.977069
1.777602 4.708309 1.293920 0.519439 1.244931 0.253189 327.719052 287.528178 459.239643
1.798570 4.742648 1.283721 0.540164 1.277739 0.243290 325.229708 287.829741 450.700977
1.834184 4.786558 1.296498 0.575503 1.326632 0.254728 320.498424 288.422458 449.451964
1.853595 4.841547 1.304822 0.596835 1.378909 0.262954 316.405021 283.875957 458.120462
1.867831 4.876706 1.318154 0.605478 1.426174 0.277957 320.453991 284.609611 458.519537
1.872516 4.911721 1.326927 0.616234 1.454597 0.284502 320.004876 285.975536 462.272665
1.893221 4.931033 1.332204 0.633079 1.479131 0.290948 320.027892 284.151292 458.045134
1.902509 4.950286 1.347080 0.643329 1.500702 0.303821 318.048988 282.531298 451.875470
1.940438 4.956347 1.354895 0.682201 1.502029 0.314138 317.352808 280.086797 456.324606
1.972736 4.956254 1.354179 0.717927 1.502802 0.311858 315.637350 280.177803 453.481757
2.016659 4.983917 1.354541 0.759648 1.523561 0.314306 314.499890 279.041994 454.538218
2.078871 4.993662 1.354308 0.817200 1.537672 0.310471 313.019581 279.239221 454.987013
2.125573 4.989190 1.349120 0.865859 1.533375 0.305176 315.997128 277.159744 454.649802
2.162945 4.972315 1.346482 0.907145 1.519893 0.303367 316.680259 275.485454 452.803232
2.193178 4.973934 1.338295 0.938748 1.514585 0.295730 313.578334 277.157845 461.497807
2.207651 4.971173 1.317183 0.947855 1.520050 0.274162 314.158281 275.835040 470.732152
2.183359 4.963280 1.299329 0.926108 1.506737 0.257518 319.303235 275.254973 468.654701
2.140903 4.950612 1.277386 0.880482 1.494199 0.236811 315.884806 278.756608 474.164567
2.086991 4.918363 1.258207 0.829396 1.469214 0.214953 323.966937 278.006951 481.280950
2.070354 4.879843 1.236580 0.810572 1.423351 0.193020 324.552739 279.676610 483.543593
2.059226 4.854750 1.217475 0.800012 1.394155 0.177561 325.967497 279.229283 484.992510
2.049639 4.836847 1.200294 0.793802 1.377131 0.158420 322.037370 278.111756 473.342461
2.052839 4.807505 1.193944 0.791238 1.346915 0.152834 321.273064 277.977880 483.977281
2.066376 4.744541 1.198512 0.811384 1.275444 0.157699 322.832584 278.577029 482.300488
2.097644 4.661781 1.193609 0.841841 1.195207 0.153444 318.745628 278.550670 480.628862
2.147216 4.577784 1.191806 0.890149 1.108196 0.151631 321.697581 278.376582 475.649221
2.176282 4.480360 1.184698 0.913639 1.006542 0.141949 319.557493 277.750302 480.672531
2.207206 4.417123 1.175533 0.947433 0.932808 0.133431 315.459716 277.216129 471.905490
2.216331 4.352534 1.163614 0.957092 0.870801 0.122882 314.301168 275.765005 473.639130
2.208657 4.301981 1.153283 0.949840 0.815646 0.112820 315.870592 275.615210 475.791445
2.197304 4.264718 1.151001 0.938045 0.784203 0.109652 314.311532 278.192289 483.781876
2.182003 4.271487 1.144033 0.924805 0.785710 0.105147 314.997633 277.901057 478.998647
2.161331 4.278438 1.139564 0.903052 0.792183 0.099269 319.239359 279.286034 485.565826
2.153967 4.281197 1.133987 0.896335 0.800262 0.091904 320.785179 280.331360 474.618740
2.151076 4.308490 1.121401 0.892172 0.823001 0.082297 324.993873 280.235492 484.522838
2.145894 4.323029 1.119912 0.883294 0.837881 0.079177 325.881551 280.529149 477.762486
2.140116 4.331104 1.119375 0.879796 0.842117 0.077807 325.421025 281.701308 477.306089
2.131503 4.340419 1.116329 0.872408 0.858899 0.076403 329.968867 284.497226 482.001263
2.121374 4.374068 1.114104 0.860163 0.894172 0.073042 325.837669 282.827393 484.114810
2.098578 4.424017 1.106417 0.838805 0.942753 0.065434 330.850165 279.893947 493.515775
2.037412 4.457445 1.105289 0.779080 0.986879 0.063539 336.429505 278.500154 489.662836
1.981687 4.512606 1.099189 0.720454 1.039777 0.059434 334.256705 277.471447 495.649250
1.907752 4.538143 1.093376 0.648353 1.069463 0.055329 337.661728 276.247571 497.288964
1.840406 4.576767 1.095930 0.582252 1.105845 0.053639 337.627283 273.347547 498.659644
1.784771 4.599286 1.099025 0.525907 1.132413 0.056603 343.757277 274.955702 502.757933
1.730917 4.613987 1.097288 0.471154 1.142686 0.056276 347.363330 274.196305 511.468303
1.710976 4.629407 1.101145 0.451259 1.160982 0.059402 342.474904 277.132203 506.609740
1.690554 4.633880 1.103074 0.431083 1.168693 0.062026 345.104053 278.767502 506.741029
1.660782 4.655842 1.104185 0.401187 1.190122 0.063220 336.061100 275.305442 500.746565
1.629765 4.684557 1.103338 0.372003 1.224552 0.062772 334.235985 277.911860 492.284943
1.614338 4.710867 1.105131 0.354835 1.254748 0.063818 332.726834 280.281429 490.808435
1.612872 4.733751 1.102264 0.348899 1.277702 0.060768 336.786276 278.841268 492.971381
1.593003 4.736670 1.100567 0.335995 1.278066 0.058700 340.292776 281.686900 488.277882
1.581937 4.743178 1.100240 0.323143 1.280831 0.060443 347.351760 284.393292 494.336767
1.603719 4.749391 1.104726 0.343154 1.286965 0.063244 357.005313 287.818196 493.237398
1.624905 4.752386 1.108999 0.366151 1.299542 0.068043 351.643726 288.722372 497.707954
1.641478 4.789304 1.114992 0.382039 1.327147 0.071107 354.553306 288.809433 481.674789
1.671335 4.830090 1.111251 0.411327 1.377401 0.072260 355.387025 293.070594 480.758882
1.704128 4.891698 1.111227 0.445106 1.439352 0.071988 355.556725 297.397975 477.934189
1.730137 4.974598 1.111891 0.470885 1.522823 0.070133 347.248783 300.883366 475.878189
1.749313 5.060153 1.106561 0.488728 1.610169 0.067499 349.738367 301.852762 467.567450
1.763046 5.067376 1.102469 0.502922 1.622596 0.060190 350.914711 301.937912 469.726690
1.788819 5.064331 1.093263 0.530052 1.614429 0.052574 347.365251 303.369357 473.414881
1.818960 5.074557 1.086897 0.558173 1.632977 0.045881 351.455984 301.691008 470.300988
1.852930 5.109613 1.077975 0.591136 1.656686 0.038140 354.562540 306.448757 479.714824
1.866648 5.153542 1.076413 0.605404 1.703387 0.032794 356.915392 304.230760 482.306996
1.897706 5.225564 1.069910 0.636628 1.777264 0.031544 360.768565 302.492773 490.914982
1.914090 5.284285 1.069396 0.657527 1.836531 0.031039 368.947652 302.099944 494.301664
1.906629 5.324642 1.067252 0.648520 1.882678 0.031051 370.340023 306.190594 500.559627
1.903088 5.384395 1.074115 0.644945 1.948558 0.032617 367.127209 312.165298 505.832243
1.891592 5.403116 1.074135 0.627638 1.971487 0.035466 370.743102 312.445707 524.192292
1.866409 5.417129 1.075846 0.607761 1.982630 0.036070 374.152606 310.671059 527.398967
1.824592 5.437758 1.079554 0.564357 2.001765 0.036932 373.232898 307.781709 523.340367
1.778270 5.432524 1.077390 0.520058 2.001334 0.037266 382.569767 305.147383 517.542378
1.754456 5.392513 1.077431 0.492855 1.949243 0.035502 389.673158 304.464220 509.149976
1.753597 5.372770 1.072003 0.493439 1.932058 0.033752 387.652252 306.607792 498.090851
1.762851 5.394395 1.071211 0.501957 1.951002 0.033434 385.018094 304.866301 500.482558
1.757947 5.434157 1.072320 0.497529 1.998875 0.032306 384.378088 304.862581 496.433635
1.745226 5.520879 1.070695 0.485987 2.085165 0.031557 381.350967 303.285730 499.948312
1.736564 5.570276 1.073037 0.481271 2.143773 0.031053 377.416487 305.270577 496.264764
1.735860 5.677413 1.073569 0.475386 2.250825 0.030513 382.980325 306.815432 492.675573
1.739027 5.795755 1.076016 0.477148 2.376653 0.031162 390.321108 304.236234 492.799237
1.713328 5.904591 1.076050 0.453734 2.478029 0.032738 391.622437 302.614823 491.238638
1.668995 5.970900 1.077938 0.412036 2.553436 0.034372 399.790282 306.199160 492.079346
1.642178 6.044461 1.082344 0.383228 2.624097 0.037013 407.814210 311.195628 501.110481
1.622896 6.140517 1.080927 0.363008 2.728596 0.038082 414.656312 310.884337 508.252772
1.623750 6.256373 1.077362 0.366285 2.849634 0.036802 422.600906 309.272492 512.518595
1.645557 6.359385 1.079608 0.383907 2.952064 0.036364 429.387461 307.484024 513.581123
1.670574 6.426757 1.080047 0.412263 3.020859 0.036851 428.172045 305.282797 515.161243
1.695998 6.479969 1.081261 0.436768 3.069391 0.038733 435.261387 304.639485 519.865056
1.711399 6.535672 1.085010 0.448069 3.123612 0.040529 439.445972 302.837927 527.680725
1.715573 6.528636 1.086289 0.453150 3.120411 0.043330 444.003863 301.872177 533.321263
1.693749 6.511099 1.086489 0.436031 3.102754 0.045780 441.778816 301.534600 546.231810
1.677047 6.539313 1.093382 0.415960 3.127106 0.047757 447.868235 300.295361 550.043054
1.686881 6.517952 1.096491 0.423850 3.097592 0.051903 452.271274 299.198253 551.597893
1.695520 6.422906 1.094584 0.432356 3.007106 0.051827 452.302088 297.417698 555.379425
1.709820 6.339473 1.093544 0.445498 2.921592 0.052239 458.117643 297.411835 545.589641
1.708941 6.284984 1.093059 0.451001 2.868924 0.050053 454.397015 298.947126 547.580963
1.703081 6.289207 1.092159 0.442022 2.862210 0.048928 456.644976 298.846459 535.520679
1.687649 6.304484 1.090324 0.426578 2.890866 0.047978 448.472535 300.468748 548.066027
1.668376 6.313432 1.088871 0.409965 2.896366 0.045495 459.508901 303.236190 545.539809
1.647326 6.295643 1.089416 0.385428 2.875689 0.043386 456.644117 304.078875 554.805238
1.629613 6.278366 1.086552 0.370944 2.850196 0.042571 449.520593 305.548819 553.045979
1.603419 6.233578 1.088285 0.342231 2.813189 0.045551 442.787425 303.789612 548.330201
1.600328 6.188380 1.090338 0.341656 2.777972 0.044111 452.136043 302.433677 556.702885
1.615018 6.149574 1.090456 0.353464 2.736145 0.045144 453.575676 300.526402 569.287267
1.623233 6.116352 1.091952 0.361189 2.697702 0.049327 464.332245 298.940649 568.529390
1.633155 6.078753 1.099314 0.374435 2.656585 0.056263 470.027032 300.285665 563.731274
1.645554 6.044085 1.111090 0.386549 2.622904 0.065152 477.812231 299.342321 565.247104
1.653920 5.999996 1.119137 0.388568 2.580575 0.074575 481.838565 299.727034 561.432775
1.664451 5.967598 1.127460 0.402456 2.546158 0.085039 481.131880 303.295616 561.305733
1.679623 5.908137 1.137423 0.417491 2.470784 0.092053 485.981173 305.415213 559.461847
1.692965 5.841877 1.139130 0.434926 2.416047 0.097160 478.535274 302.005547 556.452465
1.727264 5.788375 1.144783 0.464892 2.361285 0.101042 489.872457 302.591742 548.882872
1.759425 5.774474 1.155861 0.497467 2.350085 0.113736 501.424213 301.401960 543.710661
1.795302 5.750697 1.177071 0.536899 2.311701 0.130716 503.920758 298.563675 527.990507
1.832198 5.736683 1.200577 0.573424 2.304547 0.157514 506.023356 299.711685 522.166361
1.871640 5.721178 1.219033 0.612519 2.290767 0.179014 502.695497 304.624069 519.044678
1.903247 5.671119 1.262063 0.644945 2.235836 0.217910 509.162183 305.478640 526.925200
1.920044 5.608974 1.309602 0.660708 2.170818 0.265176 508.762657 308.539150 517.893550
1.948743 5.556961 1.341065 0.689224 2.122647 0.298959 508.393670 312.638089 506.170089
1.967895 5.513523 1.377426 0.706459 2.071795 0.331635 507.828761 310.385327 515.346591
1.968498 5.450096 1.427745 0.707877 2.011913 0.380047 513.448149 310.659472 505.458385
1.979713 5.388805 1.477799 0.718502 1.947445 0.432737 524.570065 314.755399 503.518968
1.980646 5.325518 1.520942 0.716342 1.882019 0.475064 523.639865 315.207733 499.149475
1.981129 5.282279 1.569045 0.723125 1.842327 0.526081 529.972294 314.304191 497.546410
1.994761 5.228568 1.608218 0.733691 1.784905 0.562451 522.812759 309.469480 501.772909
2.004457 5.193641 1.639686 0.739139 1.746806 0.597378 520.592798 307.661974 507.889344
1.976419 5.140115 1.674125 0.716111 1.687238 0.626429 526.442365 307.156415 524.318711
1.964257 5.067934 1.700155 0.702567 1.610109 0.653133 526.086954 307.227873 515.427406
1.957431 4.990863 1.730789 0.694913 1.532651 0.685297 525.885745 308.028922 520.581121
1.952245 4.920513 1.766678 0.690843 1.460100 0.725142 525.902944 309.175106 523.722463
1.975127 4.880449 1.796217 0.713896 1.417292 0.750806 527.925338 312.861671 522.656675
2.007786 4.851636 1.853012 0.744031 1.383377 0.806913 524.051781 316.343158 522.430449
2.014257 4.823069 1.904595 0.754952 1.363977 0.859722 526.827786 314.389650 533.838051
2.024399 4.781080 1.962314 0.762149 1.314287 0.917803 531.424793 309.947345 538.742960
2.028289 4.733190 1.999158 0.765757 1.266163 0.952923 542.470941 307.512253 530.943503
2.035000 4.710560 2.013766 0.774028 1.244417 0.966387 529.217562 306.126920 536.385412
2.053126 4.680894 2.029957 0.790987 1.211808 0.985439 525.411116 307.587310 538.309801
2.071899 4.670702 2.045245 0.811728 1.195950 0.997782 529.107322 309.525516 545.942142
2.097438 4.628608 2.061801 0.834340 1.150799 1.014272 531.063747 310.525728 555.338699
2.114526 4.586136 2.064485 0.852589 1.111981 1.016235 534.806491 309.013219 562.172101
2.114628 4.555578 2.072583 0.852480 1.081130 1.028952 539.327546 309.206316 567.497276
2.116536 4.552011 2.077358 0.851133 1.077470 1.032280 544.839600 310.131644 576.266897
2.102670 4.579696 2.122654 0.836659 1.100952 1.078975 547.175520 308.760932 584.490006
2.086766 4.574052 2.155249 0.821049 1.093474 1.107792 550.282869 309.481231 588.385272
2.031992 4.566760 2.214981 0.765268 1.084264 1.172797 548.085583 310.933479 597.246756
1.954155 4.560717 2.289415 0.686581 1.079239 1.244911 555.482476 311.256202 597.438857
1.890633 4.567004 2.319865 0.619880 1.091382 1.272546 555.342787 309.968770 602.199104
1.846703 4.567463 2.307313 0.578767 1.083029 1.261163 564.210428 309.495127 596.275147
1.812391 4.544119 2.303683 0.545122 1.064852 1.261709 572.246708 314.475659 589.428090
1.784637 4.514799 2.273810 0.517099 1.037457 1.232680 566.859374 315.486847 582.516015
1.757213 4.467311 2.228933 0.491199 0.984924 1.184108 566.244297 315.454386 575.555267
1.726053 4.420480 2.179684 0.462080 0.933333 1.133073 572.625670 313.893481 583.344780
1.703629 4.396097 2.139104 0.439817 0.908862 1.095406 570.013808 316.006717 575.725449
1.680414 4.392308 2.092512 0.415387 0.900117 1.048569 569.543490 313.750408 576.310568
1.659341 4.396893 2.043413 0.393696 0.915659 1.001453 576.521134 314.206968 576.454500
1.643160 4.429959 2.037382 0.380270 0.945924 0.995912 579.587484 316.271260 578.242178
1.632347 4.472682 2.071246 0.366871 0.988531 1.028871 576.056659 316.740280 572.460563
1.626884 4.511590 2.121476 0.361705 1.032352 1.074408 571.104551 317.113588 575.647071
1.609280 4.553864 2.147800 0.345780 1.066349 1.103644 582.049405 317.256733 579.434041
1.593569 4.541626 2.200323 0.332514 1.065478 1.158449 583.311045 314.434084 572.206162
1.607210 4.510633 2.250486 0.340099 1.037236 1.205918 581.298389 317.416944 567.047642
1.614998 4.442823 2.262672 0.349186 0.963046 1.223448 578.893411 317.074977 559.991955
1.612948 4.367346 2.260732 0.347273 0.886319 1.222738 579.636194 317.239249 566.357577
1.616575 4.321272 2.242217 0.350164 0.837006 1.203064 579.983987 317.061435 564.863890
1.617625 4.293779 2.262888 0.351710 0.804594 1.220375 574.704905 317.405056 569.878767
1.597784 4.302732 2.299143 0.335735 0.814377 1.257461 574.677202 315.939734 576.973389
1.582934 4.308632 2.319377 0.316900 0.820949 1.282112 567.055639 314.883282 583.898565
1.586241 4.328065 2.337712 0.319769 0.836683 1.291883 566.038781 313.616183 581.947994
1.598476 4.325240 2.382323 0.330874 0.837916 1.337237 568.572974 313.631970 582.826030
1.581990 4.338475 2.401867 0.319311 0.851087 1.356665 564.412369 313.384553 579.362726
1.569522 4.373193 2.372361 0.305498 0.887814 1.331615 572.455655 313.225682 584.744654
1.549813 4.406395 2.316798 0.290809 0.919814 1.273845 577.080705 311.017536 587.014542
1.532294 4.419105 2.274125 0.272293 0.934372 1.229976 573.996042 309.973876 589.907855
1.528783 4.431210 2.238248 0.270532 0.951755 1.195323 584.570908 311.465428 592.689260
1.536568 4.450899 2.207248 0.271869 0.967212 1.167691 586.563385 310.954637 590.419107
