# Time-averaged data for fix rdf_p
# TimeStep Number-of-rows
# Row c_rdf_p[1] c_rdf_p[2] c_rdf_p[3] c_rdf_p[4] c_rdf_p[5] c_rdf_p[6] c_rdf_p[7] c_rdf_p[8] c_rdf_p[9] c_rdf_p[10] c_rdf_p[11] c_rdf_p[12] c_rdf_p[13]
1000000 500
1 0.005 0 0 0 0 0 0 0 0 0 0 0 0
2 0.015 0 0 0 0 0 0 0 0 0 0 0 0
3 0.025 0 0 0 0 0 0 0 0 0 0 0 0
4 0.035 0 0 0 0 0 0 0 0 0 0 0 0
5 0.045 0 0 0 0 0 0 0 0 0 0 0 0
6 0.055 0 0 0 0 0 0 0 0 0 0 0 0
7 0.065 0 0 0 0 0 0 0 0 0 0 0 0
8 0.075 0 0 0 0 0 0 0 0 0 0 0 0
9 0.085 0 0 0 0 0 0 0 0 0 0 0 0
10 0.095 0 0 0 0 0 0 0 0 0 0 0 0
11 0.105 0 0 0 0 0 0 0 0 0 0 0 0
12 0.115 0 0 0 0 0 0 0 0 0 0 0 0
13 0.125 0 0 0 0 0 0 0 0 0 0 0 0
14 0.135 0 0 0 0 0 0 0 0 0 0 0 0
15 0.145 0 0 0 0 0 0 0 0 0 0 0 0
16 0.155 0 0 0 0 0 0 0 0 0 0 0 0
17 0.165 0 0 0 0 0 0 0 0 0 0 0 0
18 0.175 0 0 0 0 0 0 0 0 0 0 0 0
19 0.185 0 0 0 0 0 0 0 0 0 0 0 0
20 0.195 0 0 0 0 0 0 0 0 0 0 0 0
21 0.205 0 0 0 0 0 0 0 0 0 0 0 0
22 0.215 0 0 0 0 0 0 0 0 0 0 0 0
23 0.225 0 0 0 0 0 0 0 0 0 0 0 0
24 0.235 0 0 0 0 0 0 0 0 0 0 0 0
25 0.245 0 0 0 0 0 0 0 0 0 0 0 0
26 0.255 0 0 0 0 0 0 0 0 0 0 0 0
27 0.265 0 0 0 0 0 0 0 0 0 0 0 0
28 0.275 0 0 0 0 0 0 0 0 0 0 0 0
29 0.285 0 0 0 0 0 0 0 0 0 0 0 0
30 0.295 0 0 0 0 0 0 0 0 0 0 0 0
31 0.305 0 0 0 0 0 0 0 0 0 0 0 0
32 0.315 0 0 0 0 0 0 0 0 0 0 0 0
33 0.325 0 0 0 0 0 0 0 0 0 0 0 0
34 0.335 0 0 0 0 0 0 0 0 0 0 0 0
35 0.345 0 0 0 0 0 0 0 0 0 0 0 0
36 0.355 0 0 0 0 0 0 0 0 0 0 0 0
37 0.365 0 0 0 0 0 0 0 0 0 0 0 0
38 0.375 0 0 0 0 0 0 0 0 0 0 0 0
39 0.385 0 0 0 0 0 0 0 0 0 0 0 0
40 0.395 0 0 0 0 0 0 0 0 0 0 0 0
41 0.405 0 0 0 0 0 0 0 0 0 0 0 0
42 0.415 0 0 0 0 0 0 0 0 0 0 0 0
43 0.425 0 0 0 0 0 0 0 0 0 0 0 0
44 0.435 0 0 0 0 0 0 0 0 0 0 0 0
45 0.445 0 0 0 0 0 0 0 0 0 0 0 0
46 0.455 0 0 0 0 0 0 0 0 0 0 0 0
47 0.465 0 0 0 0 0 0 0 0 0 0 0 0
48 0.475 0 0 0 0 0 0 0 0 0 0 0 0
49 0.485 0 0 0 0 0 0 0 0 0 0 0 0
50 0.495 0 0 0 0 0 0 0 0 0 0 0 0
51 0.505 0 0 0 0 0 0 0 0 0 0 0 0
52 0.515 0 0 0 0 0 0 0 0 0 0 0 0
53 0.525 0 0 0 0 0 0 0 0 0 0 0 0
54 0.535 0 0 0 0 0 0 0 0 0 0 0 0
55 0.545 0 0 0 0 0 0 0 0 0 0 0 0
56 0.555 0 0 0 0 0 0 0 0 0 0 0 0
57 0.565 0 0 0 0 0 0 0 0 0 0 0 0
58 0.575 0 0 0 0 0 0 0 0 0 0 0 0
59 0.585 0 0 0 0 0 0 0 0 0 0 0 0
60 0.595 0 0 0 0 0 0 0 0 0 0 0 0
61 0.605 0 0 0 0 0 0 0 0 0 0 0 0
62 0.615 0 0 0 0 0 0 0 0 0 0 0 0
63 0.625 0 0 0 0 0 0 0 0 0 0 0 0
64 0.635 0 0 0 0 0 0 0 0 0 0 0 0
65 0.645 0 0 0 0 0 0 0 0 0 0 0 0
66 0.655 0 0 0 0 0 0 0 0 0 0 0 0
67 0.665 0 0 0 0 0 0 0 0 0 0 0 0
68 0.675 0 0 0 0 0 0 0 0 0 0 0 0
69 0.685 0 0 0 0 0 0 0 0 0 0 0 0
70 0.695 0 0 0 0 0 0 0 0 0 0 0 0
71 0.705 0 0 0 0 0 0 0 0 0 0 0 0
72 0.715 0 0 0 0 0 0 0 0 0 0 0 0
73 0.725 0 0 0 0 0 0 0 0 0 0 0 0
74 0.735 0 0 0 0 0 0 0 0 0 0 0 0
75 0.745 0 0 0 0 0 0 0 0 0 0 0 0
76 0.755 0 0 0 0 0 0 0 0 0 0 0 0
77 0.765 0 0 0 0 0 0 0 0 0 0 0 0
78 0.775 0 0 0 0 0 0 0 0 0 0 0 0
79 0.785 0 0 0 0 0 0 0 0 0 0 0 0
80 0.795 0 0 0 0 0 0 0 0 0 0 0 0
81 0.805 0 0 0 0 0 0 0 0 0 0 0 0
82 0.815 0 0 0 0 0 0 0 0 0 0 0 0
83 0.825 0 0 0 0 0 0 0 0 0 0 0 0
84 0.835 0 0 0 0 0 0 0 0 0 0 0 0
85 0.845 0 0 0 0 0 0 0 0 0 0 0 0
86 0.855 0 0 0 0 0 0 0 0 0 0 0 0
87 0.865 0 0 0 0 0 0 0 0 0 0 0 0
88 0.875 0 0 0 0 0 0 0 0 0 0 0 0
89 0.885 0 0 0 0 0 0 0 0 0 0 0 0
90 0.895 0 0 0 0 0 0 0 0 5.1555e-07 1.95312e-09 0 0
91 0.905 0 0 0 0 0 0 0 0 1.81519e-05 7.22656e-08 0 0
92 0.915 0 0 0 0 0 0 0 0 0.000148471 6.60156e-07 0 0
93 0.925 0 0 0 0 0 0 0 0 0.000917521 4.37305e-06 0 0
94 0.935 0 0 0 0 0 0 0 0 0.00412532 2.14297e-05 0 0
95 0.945 0 0 0 0 0 0 0 0 0.0155472 8.70937e-05 0 0
96 0.955 0 0 0 0 0 0 0 0 0.0488418 0.000297768 0 0
97 0.965 0 0 0 0 0 0 0 0 0.131627 0.00087748 0 0
98 0.975 0 0 0 0 0 0 0 0 0.306849 0.00225706 0 0
99 0.985 0 0 0 0 0 0 0 0 0.621249 0.00510775 0 0
100 0.995 0 0 0 0 0 0 0 0 1.1172 0.0103388 0 0
101 1.005 0 0 0 0 0 0 0 0 1.80236 0.0189484 0 0
102 1.015 0 0 0 0 0 0 0 0 2.63929 0.0318082 0 0
103 1.025 0 0 0 0 0 0 0 0 3.54756 0.0494356 0 0
104 1.035 0 0 0 0 0 0 0 0 4.40988 0.0717775 0 0
105 1.045 0 0 0 0 0 0 0 0 5.13879 0.0983178 0 0
106 1.055 0 0 0 0 0 0 0 0 5.65674 0.128095 0 0
107 1.065 0 0 0 0 0 0 0 0 5.94099 0.159964 0 0
108 1.075 0 0 0 0 0 0 0 0 5.99659 0.192738 0 0
109 1.085 0 0 0 0 0 0 0 0 5.86815 0.22541 0 0
110 1.095 0 0 0 0 0 0 0 0 5.60511 0.257195 0 0
111 1.105 0 0 0 0 0 0 0 0 5.26568 0.287603 0 0
112 1.115 0 0 0 0 0 0 0 0 4.88855 0.316347 0 0
113 1.125 0 0 0 0 0 0 0 0 4.51442 0.343369 0 0
114 1.135 0 0 0 0 0 0 0 0 4.16099 0.36872 0 0
115 1.145 0 0 0 0 0 0 0 0 3.84127 0.392538 0 0
116 1.155 0 0 0 0 0 0 0 0 3.56599 0.415036 0 0
117 1.165 0 0 0 0 0 0 0 0 3.32849 0.436402 0 0
118 1.175 0 0 0 0 0 0 0 0 3.12712 0.456821 0 0
119 1.185 0 0 0 0 0 0 0 0 2.97049 0.476548 0 0
120 1.195 0 0 0 0 0 0 0 0 2.84103 0.495736 0 0
121 1.205 0 0 0 0 0 0 0 0 2.7365 0.514528 0 0
122 1.215 0 0 0 0 0 0 0 0 2.65815 0.533087 0 0
123 1.225 0 0 0 0 0 0 0 0 2.60163 0.551551 0 0
124 1.235 0 0 0 0 0 0 0 0 2.56373 0.570045 0 0
125 1.245 0 0 0 0 0 0 0 0 2.54113 0.588673 0 0
126 1.255 0 0 0 0 0 0 0 0 2.52928 0.607514 0 0
127 1.265 0 0 0 0 0 0 0 0 2.52931 0.626656 0 0
128 1.275 0 0 0 0 0 0 0 0 2.53613 0.646154 0 0
129 1.285 0 0 0 0 0 0 0 0 2.5463 0.666039 0 0
130 1.295 0 0 0 0 0 0 0 0 2.55639 0.686315 0 0
131 1.305 0 0 0 0 0 0 0 0 2.56056 0.706939 0 0
132 1.315 0 0 0 0 0 0 0 0 2.55665 0.727848 0 0
133 1.325 0 0 0 0 0 0 0 0 2.5416 0.748951 0 0
134 1.335 0 0 0 0 0 0 0 0 2.51036 0.770111 0 0
135 1.345 0 0 0 0 0 0 0 0 2.46223 0.791177 0 0
136 1.355 0 0 0 0 0 0 0 0 2.39239 0.811951 0 0
137 1.365 0 0 0 0 0 0 0 0 2.29886 0.832209 0 0
138 1.375 0 0 0 0 0 0 0 0 2.18681 0.851762 0 0
139 1.385 0 0 0 0 0 0 0 0 2.0567 0.870421 0 0
140 1.395 0 0 0 0 0 0 0 0 1.91097 0.888009 0 0
141 1.405 0 0 0 0 0 0 0 0 1.74982 0.904345 0 0
142 1.415 0 0 0 0 0 0 0 0 1.57794 0.919287 0 0
143 1.425 0 0 0 0 0 0 0 0 1.40229 0.932754 0 0
144 1.435 0 0 0 0 0 0 0 0 1.22591 0.944694 0 0
145 1.445 0 0 0 0 0 0 0 0 1.05539 0.955116 0 0
146 1.455 0 0 0 0 0 0 0 0 0.89256 0.964052 0 0
147 1.465 0 0 0 0 0 0 0 0 0.742581 0.97159 0 0
148 1.475 0 0 0 0 0 0 0 0 0.608808 0.977854 0 0
149 1.485 0 0 0 0 0 0 0 0 0.490561 0.982971 0 0
150 1.495 0 0 0 0 0 0 0 0 0.389398 0.987087 0 0
151 1.505 0 0 0 0 0 0 0 0 0.304 0.990343 0 0
152 1.515 0 0 0 0 0 0 0 0 0.233858 0.992882 0 0
153 1.525 0 0 0 0 0 0 0 0 0.177125 0.99483 0 0
154 1.535 0 0 0 0 0 0 0 0 0.13125 0.996293 0 0
155 1.545 0 0 0 0 0 0 0 0 0.0964002 0.997381 0 0
156 1.555 0 0 0 0 0 0 0 0 0.0694792 0.998175 0 0
157 1.565 0 0 0 0 0 0 0 0 0.0492 0.998745 0 0
158 1.575 0 0 0 0 0 0 0 0 0.0344062 0.999149 0 0
159 1.585 0 0 0 0 0 0 0 0 0.0237585 0.999431 0 0
160 1.595 0 0 0 0 0 0 0 0 0.0161221 0.999625 0 0
161 1.605 0 0 0 0 0 0 0 0 0.0107195 0.999756 0 0
162 1.615 0 0 0 0 0 0 0 0 0.00718394 0.999844 0 0
163 1.625 0 0 0 0 0 0 0 0 0.00463623 0.999902 0 0
164 1.635 0 0 0 0 0 0 0 0 0.00297166 0.99994 0 0
165 1.645 0 0 9.15671e-07 2.34375e-08 0 0 0 0 0.00182295 0.999963 0 0
166 1.655 0 0 3.46778e-06 1.13281e-07 0 0 0 0 0.00110441 0.999978 0 0
167 1.665 0 0 2.2792e-05 7.10938e-07 0 0 0 0 0.000666779 0.999986 0 0
168 1.675 0 0 0.00012173 3.94141e-06 0 0 0 0 0.000412291 0.999992 0 0
169 1.685 0 0 0.000571191 1.92813e-05 0 0 0 0 0.00023636 0.999995 0 0
170 1.695 0 0 0.00190011 7.0918e-05 0 0 0 0 0.000140291 0.999997 0 0
171 1.705 0 0 0.00566719 0.00022675 0 0 0 0 9.64587e-05 0.999998 0 0
172 1.715 0 0 0.015546 0.00065925 0 0 0 0 5.78481e-05 0.999999 0 0
173 1.725 0 0 0.0390543 0.00175848 0 0 0 0 3.35859e-05 0.999999 0 0
174 1.735 0 0 0.0904174 0.00433296 0 0 0 0 1.82462e-05 1 0 0
175 1.745 0 0 0.192277 0.00987102 0 0 0 0 1.01716e-05 1 0 0
176 1.755 0 0 0.379437 0.0209254 0 0 0 0 3.35202e-06 1 0 0
177 1.765 0 0 0.694493 0.0413897 0 0 0 0 1.85592e-06 1 0 0
178 1.775 0 0 1.18798 0.076793 0 0 0 0 1.17969e-06 1 0 0
179 1.785 0 0 1.90275 0.134138 0 0 0 0 7.7767e-07 1 0 0
180 1.795 0 0 2.86559 0.221472 0 0 0 0 0 1 0 0
181 1.805 0 0 4.08391 0.347327 0 0 0 0 0 1 0 0
182 1.815 0 0 5.51455 0.519159 0 0 0 0 0 1 0 0
183 1.825 0 0 7.07277 0.741979 0 0 0 0 0 1 0 0
184 1.835 0 0 8.66643 1.01801 0 0 0 0 0 1 0 0
185 1.845 0 0 10.1476 1.34474 0 0 0 0 0 1 0 0
186 1.855 0 0 11.4067 1.71601 0 0 0 0 0 1 0 0
187 1.865 0 0 12.3214 2.12139 0 0 0 0 0 1 0 0
188 1.875 0 0 12.8305 2.54805 0 0 0 0 0 1 0 0
189 1.885 0 0 12.91 2.98195 0 0 0 0 0 1 0 0
190 1.895 0 0 12.5762 3.40913 0 0 0 0 0 1 0 0
191 1.905 0 0 11.8671 3.81648 0 0 0 0 0 1 0 0
192 1.915 0 0 10.8728 4.19364 0 0 0 0 4.50446e-07 1 0 0
193 1.925 0 0 9.68443 4.53309 2.22889e-06 3.90625e-08 0 0 1.003e-06 1 0 0
194 1.935 0 0 8.4018 4.83065 3.75005e-06 1.05469e-07 0 0 1.87503e-06 1 0 0
195 1.945 0 0 7.10225 5.08479 5.23989e-06 1.99219e-07 0 0 1.8558e-06 1 0 0
196 1.955 0 0 5.86019 5.29665 1.23178e-05 4.21875e-07 0 0 2.80931e-06 1 0 0
197 1.965 0 0 4.71944 5.46901 2.60967e-05 8.98438e-07 0 0 5.24073e-06 1 0 0
198 1.975 0 0 3.71843 5.60621 7.22056e-05 2.23047e-06 0 0 6.98764e-06 1 0 0
199 1.985 0 0 2.8647 5.71297 0.000136671 4.77734e-06 0 0 1.91801e-05 1 0 0
200 1.995 0 0 2.16174 5.79436 0.000257535 9.625e-06 0 0 3.48637e-05 1 0 0
201 2.005 0 0 1.59652 5.85506 0.000483647 1.88203e-05 0 0 6.26645e-05 1 0 0
202 2.015 0 0 1.15658 5.89948 0.000948766 3.70391e-05 0 0 0.000115341 1 0 0
203 2.025 0 0 0.823344 5.93142 0.00168991 6.98125e-05 0 0 0.00018591 1.00001 0 0
204 2.035 0 0 0.574908 5.95394 0.00301281 0.00012882 0 0 0.000302158 1.00001 0 0
205 2.045 0 0 0.39388 5.96952 0.00528151 0.000233281 0 0 0.000502436 1.00002 0 0
206 2.055 0 0 0.265682 5.98013 0.00894569 0.000411949 0 0 0.000831122 1.00004 0 0
207 2.065 0 0 0.176242 5.98724 0.0147335 0.000709086 0 0 0.00135352 1.00007 0 0
208 2.075 0 0 0.115125 5.99193 0.0241215 0.00120028 0 0 0.00219193 1.00011 0 0
209 2.085 0 0 0.0739963 5.99497 0.0386872 0.00199568 0 0 0.0034574 1.00018 0 0
210 2.095 0 0 0.0468759 5.99692 0.0595258 0.0032313 0 0 0.00536607 1.0003 0 0
211 2.105 0 0 0.0290451 5.99814 0.0902058 0.00512167 0 0 0.00837972 1.00047 0 0
212 2.115 0 0 0.0176936 5.99888 0.134187 0.00796052 0 0 0.0127141 1.00074 0 0
213 2.125 0 0 0.0107185 5.99934 0.194132 0.0121065 0 0 0.0191105 1.00115 0 0
214 2.135 0 0 0.00634467 5.99962 0.274342 0.0180207 0 0 0.0282997 1.00176 0 0
215 2.145 0 0 0.00372328 5.99978 0.379115 0.0262703 0 0 0.0412179 1.00265 0 0
216 2.155 0 0 0.00217725 5.99987 0.513156 0.0375411 0 0 0.0592845 1.00396 0 0
217 2.165 0 0 0.0012445 5.99993 0.678795 0.0525886 0 0 0.0840071 1.00582 0 0
218 2.175 0 0 0.00071715 5.99996 0.879699 0.0722702 0 0 0.117049 1.00844 0 0
219 2.185 0 0 0.000416153 5.99998 1.11696 0.0974906 3.46678e-07 1.5625e-08 0.160758 1.01207 0 0
220 2.195 0 0 0.000217114 5.99999 1.38925 0.129147 4.29409e-07 3.51563e-08 0.217962 1.01703 1.0326e-06 2.34375e-08
221 2.205 0 0 0.000111099 5.99999 1.69408 0.168101 1.8723e-06 1.21094e-07 0.291038 1.02373 6.82171e-07 3.90625e-08
222 2.215 0 0 6.55708e-05 6 2.02669 0.215128 8.77113e-06 5.27344e-07 0.381158 1.03257 6.76025e-07 5.46875e-08
223 2.225 0 0 2.70275e-05 6 2.37968 0.270845 2.88356e-05 1.875e-06 0.493133 1.04412 1.33992e-06 8.59375e-08
224 2.235 0 0 1.32277e-05 6 2.74727 0.335748 8.68941e-05 5.97266e-06 0.627397 1.05894 1.99194e-06 1.32812e-07
225 2.245 0 0 8.11191e-06 6 3.1194 0.410104 0.000285622 1.95625e-05 0.786531 1.07769 3.29039e-06 2.10937e-07
226 2.255 0 0 5.11644e-06 6 3.48793 0.493986 0.000807213 5.83125e-05 0.970929 1.10104 6.19642e-06 3.59375e-07
227 2.265 0 0 2.49543e-06 6 3.83945 0.587143 0.00213922 0.000161918 1.18 1.12967 9.05112e-06 5.78125e-07
228 2.275 0 0 1.75542e-06 6 4.17432 0.689321 0.00526681 0.000419254 1.41301 1.16426 1.66618e-05 9.84375e-07
229 2.285 0 0 0 6 4.48551 0.800084 0.0119973 0.00101061 1.66487 1.20537 1.96925e-05 1.46875e-06
230 2.295 0 0 0 6 4.76873 0.918873 0.0251347 0.00226037 1.93311 1.25352 2.83372e-05 2.17187e-06
231 2.305 0 0 0 6 5.01999 1.04501 0.0494935 0.00474282 2.20829 1.30901 4.33864e-05 3.25781e-06
232 2.315 0 0 0 6 5.24482 1.17795 0.0910749 0.00935059 2.48301 1.37194 5.16767e-05 4.5625e-06
233 2.325 0 0 0 6 5.4431 1.3171 0.155992 0.0173111 2.74971 1.44224 7.94574e-05 6.58594e-06
234 2.335 0 0 0 6 5.61613 1.46192 0.251435 0.0302527 2.99879 1.51957 0.000130486 9.9375e-06
235 2.345 0 0 0 6 5.76278 1.6118 0.379575 0.0499576 3.2194 1.6033 0.000199944 1.51172e-05
236 2.355 0 0 0 6 5.89514 1.76642 0.540022 0.0782314 3.40402 1.69258 0.000333705 2.38359e-05
237 2.365 0 0 0 6 6.00762 1.92534 0.72586 0.116558 3.5442 1.78634 0.000486846 3.66641e-05
238 2.375 0 0 0 6 6.10356 2.08817 0.925607 0.165847 3.63395 1.88328 0.000702964 5.53438e-05
239 2.385 0 0 0 6 6.17891 2.25439 1.11879 0.225925 3.66754 1.98194 0.00102099 8.27031e-05
240 2.395 0 0 0 6 6.23358 2.4235 1.28676 0.295603 3.64601 2.08085 0.00147275 0.0001225
241 2.405 0 0 0 6 6.26967 2.59501 1.41904 0.373088 3.5688 2.17848 0.0021323 0.000180602
242 2.415 0 0 0 6 6.28017 2.76823 1.50402 0.455897 3.44201 2.27342 0.00300127 0.000263063
243 2.425 0 0 0 6 6.26866 2.94258 1.54491 0.541663 3.26718 2.36429 0.00416888 0.000378555
244 2.435 0 0 0 6 6.22832 3.11723 1.54534 0.628162 3.05312 2.4499 0.00593874 0.000544437
245 2.445 0 0 0 6 6.16799 3.29162 1.52477 0.714213 2.81056 2.52936 0.00810621 0.000772727
246 2.455 0 0 0 6 6.08453 3.46505 1.49646 0.799357 2.54789 2.60199 0.0111022 0.00108795
247 2.465 0 0 0 6 5.97647 3.6368 1.47957 0.884228 2.27468 2.66736 0.0151076 0.00152041
248 2.475 0 0 0 6 5.85126 3.80631 1.48659 0.970195 2.00087 2.72532 0.0201301 0.00210131
249 2.485 0 0 0 6 5.70641 3.97297 1.521 1.05886 1.73288 2.77593 0.0268455 0.00288228
250 2.495 0 0 0 6 5.54458 4.13621 1.58562 1.15205 1.47879 2.81947 0.035178 0.00391391
251 2.505 0 0 0 6 5.36366 4.29539 1.67658 1.25136 1.24241 2.85634 0.0463501 0.00528408
252 2.515 7.86549e-07 2.34375e-08 0 6 5.1664 4.44994 1.78621 1.35802 1.02892 2.88712 0.0601099 0.00707523
253 2.525 8.06343e-06 2.65625e-07 0 6 4.95352 4.5993 1.91235 1.47313 0.83925 2.91243 0.0779351 0.00941603
254 2.535 4.67093e-05 1.67969e-06 0 6 4.71725 4.74267 2.05621 1.59787 0.674466 2.93293 0.0987974 0.012407
255 2.545 0.000119826 5.33594e-06 0 6 4.46699 4.87951 2.22394 1.73385 0.533899 2.94928 0.124457 0.0162045
256 2.555 0.000272837 1.37266e-05 0 6 4.20026 5.00918 2.43064 1.88364 0.416291 2.96213 0.155623 0.0209905
257 2.565 0.000678801 3.47656e-05 0 6 3.9161 5.13104 2.69554 2.05107 0.320076 2.97209 0.192488 0.0269565
258 2.575 0.00147338 8.07891e-05 0 6 3.61773 5.24449 3.0331 2.24092 0.24209 2.97968 0.236936 0.0343576
259 2.585 0.00315307 0.000180047 0 6 3.30948 5.34908 3.45425 2.45883 0.181122 2.98541 0.288522 0.0434401
260 2.595 0.00635418 0.000381625 0 6 2.9968 5.44452 3.95998 2.71057 0.133098 2.98965 0.346757 0.0544406
261 2.605 0.0128629 0.000792836 0 6 2.68422 5.53067 4.54111 3.00149 0.0967785 2.99275 0.414505 0.0676917
262 2.615 0.0243026 0.00157573 0 6 2.37539 5.60749 5.16627 3.335 0.0693768 2.995 0.490443 0.0834912
263 2.625 0.0446436 0.00302493 0 6 2.07594 5.67514 5.80911 3.71288 0.0490467 2.9966 0.575345 0.102168
264 2.635 0.0772094 0.00555039 0 6 1.79438 5.73406 6.42791 4.13421 0.0341936 2.99772 0.667406 0.123998
265 2.645 0.128547 0.00978703 0 6 1.53111 5.78472 6.97834 4.5951 0.0237714 2.9985 0.768102 0.149313
266 2.655 0.206154 0.0166329 0 6 1.28723 5.82764 7.41808 5.08874 0.0164402 2.99905 0.875343 0.178381
267 2.665 0.31869 0.0272958 0 6 1.07035 5.86359 7.71834 5.60624 0.0115385 2.99944 0.989025 0.211472
268 2.675 0.470641 0.043161 0 6 0.878425 5.89332 7.86235 6.13735 0.00842782 2.99973 1.10692 0.248786
269 2.685 0.669878 0.0659116 0 6 0.710881 5.91756 7.84413 6.67121 0.00664665 2.99995 1.22772 0.290483
270 2.695 0.925971 0.0975945 0 6 0.566627 5.93702 7.6711 7.19718 0.00596991 3.00016 1.34839 0.336619
271 2.705 1.2304 0.140007 0 6 0.445769 5.95245 7.36373 7.70584 0.00625208 3.00037 1.46814 0.387226
272 2.715 1.57855 0.194823 0 6 0.34603 5.96451 6.95312 8.18968 0.00736969 3.00063 1.58193 0.442159
273 2.725 1.95982 0.263381 0 6 0.26536 5.97383 6.46445 8.64285 0.00945858 3.00096 1.69136 0.501326
274 2.735 2.35863 0.346497 0 6 0.200806 5.98093 5.93467 9.06193 0.0126493 3.00141 1.79058 0.564424
275 2.745 2.74557 0.443957 0 6 0.149908 5.98627 5.39303 9.44556 0.0171826 3.00202 1.88022 0.631167
276 2.755 3.09809 0.554733 0 6 0.110272 5.99023 4.85806 9.79365 0.0231683 3.00285 1.95319 0.701006
277 2.765 3.3938 0.676965 0 6 0.0802354 5.99313 4.34739 10.1074 0.0311088 3.00398 2.01318 0.773514
278 2.775 3.59724 0.807464 0 6 0.057512 5.99523 3.87253 10.3889 0.0416185 3.00549 2.05224 0.847963
279 2.785 3.71161 0.943083 1.06488e-07 6 0.0407501 5.99672 3.43102 10.6402 0.055099 3.00752 2.07447 0.923763
280 2.795 3.71101 1.07966 1.79737e-06 6 0.0285852 5.99778 3.0255 10.8633 0.0721467 3.01018 2.07728 1.00021
281 2.805 3.6066 1.21334 1.73209e-06 6 0.0197211 5.99851 2.64864 11.06 0.0932638 3.01365 2.06217 1.07665
282 2.815 3.40441 1.34043 2.97057e-06 6 0.0133892 5.99902 2.29985 11.2321 0.119711 3.01814 2.02945 1.15241
283 2.825 3.12629 1.45796 1.96638e-06 6 0.00910155 5.99936 1.97908 11.3812 0.151817 3.02387 1.97561 1.22668
284 2.835 2.79335 1.56373 3.69954e-06 6 0.00600486 5.99959 1.68121 11.5087 0.190463 3.03111 1.90962 1.29899
285 2.845 2.43065 1.65641 1.06636e-05 6 0.00392624 5.99974 1.40823 11.6163 0.237104 3.04018 1.82618 1.36862
286 2.855 2.04994 1.73513 2.48766e-05 6 0.00252981 5.99983 1.15851 11.7055 0.2919 3.05144 1.73172 1.43512
287 2.865 1.68781 1.80039 5.00101e-05 6.00001 0.00162317 5.9999 0.934559 11.7779 0.355124 3.06522 1.62685 1.49803
288 2.875 1.3502 1.85297 0.000102973 6.00002 0.00100115 5.99994 0.741077 11.8357 0.427554 3.08194 1.51474 1.55701
289 2.885 1.05068 1.89417 0.000183086 6.00003 0.000613463 5.99996 0.574526 11.8809 0.510006 3.10201 1.39679 1.61178
290 2.895 0.79666 1.92562 0.000334033 6.00006 0.000367491 5.99998 0.435163 11.9153 0.602186 3.12588 1.27696 1.6622
291 2.905 0.586212 1.94892 0.000628437 6.00011 0.000233816 5.99999 0.322285 11.941 0.702786 3.15393 1.15625 1.70816
292 2.915 0.421586 1.9658 0.001141 6.0002 0.00014658 5.99999 0.233835 11.9597 0.812701 3.18659 1.03869 1.74974
293 2.925 0.293755 1.97764 0.00199318 6.00036 9.12286e-05 5.99999 0.165418 11.9731 0.929941 3.22422 0.924755 1.78701
294 2.935 0.199453 1.98573 0.00349963 6.00064 5.83918e-05 6 0.114405 11.9824 1.05396 3.26716 0.8174 1.82019
295 2.945 0.132613 1.99115 0.00586859 6.00113 3.11407e-05 6 0.0772029 11.9887 1.18337 3.3157 0.715915 1.84944
296 2.955 0.0850796 1.99465 0.00966746 6.00192 2.02418e-05 6 0.0510088 11.9929 1.31581 3.37004 0.623239 1.87507
297 2.965 0.0531881 1.99686 0.0156081 6.00322 9.2072e-06 6 0.0328765 11.9957 1.44954 3.43031 0.539232 1.89741
298 2.975 0.0319683 1.99819 0.0245782 6.00528 4.57271e-06 6 0.0207756 11.9974 1.5797 3.49643 0.465712 1.91682
299 2.985 0.0189375 1.99898 0.0373453 6.00843 2.96628e-06 6 0.0128446 11.9985 1.70775 3.5684 0.400044 1.93362
300 2.995 0.0109017 1.99944 0.0555079 6.01314 2.30196e-06 6 0.00766544 11.9991 1.82938 3.646 0.344971 1.94819
301 3.005 0.00604504 1.9997 0.0807261 6.02003 6.40266e-07 6 0.00445466 11.9995 1.93941 3.72883 0.301069 1.961
302 3.015 0.00332578 1.99984 0.114005 6.02984 8.17747e-07 6 0.00258258 11.9997 2.03826 3.81646 0.267999 1.97248
303 3.025 0.00175992 1.99992 0.158242 6.04353 0 6 0.00146247 11.9998 2.12287 3.90833 0.245242 1.98305
304 3.035 0.000923593 1.99996 0.213811 6.06216 1.79334e-07 6 0.000791829 11.9999 2.19059 4.00376 0.233577 1.99319
305 3.045 0.000495434 1.99998 0.281648 6.08686 1.78158e-07 6 0.000438324 12 2.24027 4.102 0.233609 2.00339
306 3.055 0.000227974 1.99999 0.362635 6.11888 4.42485e-07 6 0.000236262 12 2.26916 4.20216 0.245032 2.01416
307 3.065 0.00014246 2 0.456148 6.15941 3.51682e-07 6 0.000124827 12 2.27964 4.30344 0.269241 2.02608
308 3.075 0.000151532 2 0.560125 6.20951 6.98797e-07 6 6.08705e-05 12 2.26882 4.4049 0.306221 2.03972
309 3.085 0.000238024 2.00002 0.67069 6.26988 1.12819e-06 6 3.26078e-05 12 2.23738 4.50561 0.356437 2.0557
310 3.095 0.000451337 2.00004 0.785111 6.34102 1.37959e-06 6 2.00432e-05 12 2.18798 4.60473 0.421421 2.07472
311 3.105 0.000851113 2.00007 0.897905 6.4229 1.54206e-06 6 1.08155e-05 12 2.12183 4.70148 0.501994 2.09752
312 3.115 0.00172498 2.00015 1.00235 6.5149 1.78753e-06 6 4.13643e-06 12 2.03966 4.79508 0.598051 2.12485
313 3.125 0.00329156 2.0003 1.09554 6.6161 3.12934e-06 6 1.94907e-06 12 1.94642 4.88498 0.708975 2.15747
314 3.135 0.00635406 2.0006 1.16988 6.72485 4.53806e-06 6 5.05215e-07 12 1.84391 4.97069 0.834763 2.19612
315 3.145 0.0115814 2.00114 1.22113 6.8391 7.34839e-06 6 0 12 1.73652 5.05192 0.977368 2.24166
316 3.155 0.0204651 2.0021 1.24828 6.95663 1.28613e-05 6 0 12 1.62652 5.12849 1.13507 2.29489
317 3.165 0.035736 2.00378 1.25089 7.07515 2.20973e-05 6 0 12 1.51814 5.20042 1.30499 2.35647
318 3.175 0.0601397 2.00664 1.22718 7.19217 3.44122e-05 6 0 12 1.41349 5.2678 1.48524 2.42701
319 3.185 0.0980382 2.01133 1.18728 7.30609 6.39149e-05 6.00001 0 12 1.31545 5.33092 1.67592 2.5071
320 3.195 0.15619 2.01884 1.13127 7.41532 9.29671e-05 6.00001 0 12 1.22594 5.3901 1.87372 2.5972
321 3.205 0.240184 2.03046 1.06772 7.51906 0.000142482 6.00002 0 12 1.14713 5.44583 2.07375 2.69755
322 3.215 0.361391 2.04806 1.00492 7.61731 0.000224701 6.00003 0 12 1.07944 5.4986 2.27605 2.80838
323 3.225 0.527383 2.0739 0.952878 7.71105 0.000359662 6.00005 0 12 1.02442 5.54899 2.47395 2.9296
324 3.235 0.746406 2.1107 0.918796 7.802 0.000556406 6.00007 0 12 0.981348 5.59756 2.66482 3.06098
325 3.245 1.03015 2.1618 0.911859 7.89283 0.000858024 6.00012 0 12 0.951185 5.64493 2.84995 3.20235
326 3.255 1.38103 2.23073 0.941002 7.98713 0.00127138 6.00018 0 12 0.932626 5.69166 3.01941 3.35306
327 3.265 1.80472 2.32136 1.01291 8.08927 0.00191071 6.00028 0 12 0.925025 5.7383 3.17621 3.51257
328 3.275 2.30078 2.43761 1.13032 8.20394 0.00284424 6.00042 0 12 0.928057 5.78538 3.3133 3.67998
329 3.285 2.86213 2.58312 1.29937 8.33657 0.00415765 6.00063 0 12 0.939516 5.83333 3.43414 3.85457
330 3.295 3.47478 2.76084 1.5176 8.49242 0.00602489 6.00094 0 12 0.957971 5.88251 3.53637 4.03544
331 3.305 4.11938 2.97282 1.78103 8.67643 0.00865883 6.00139 0 12 0.982282 5.93326 3.62246 4.22184
332 3.315 4.7793 3.22024 2.08391 8.89305 0.0123107 6.00203 1.50613e-07 12 1.01072 5.98579 3.68663 4.4127
333 3.325 5.42177 3.50262 2.41536 9.14563 0.017263 6.00293 2.6199e-07 12 1.04173 6.04026 3.73422 4.60719
334 3.335 6.02842 3.81849 2.76265 9.43627 0.0240918 6.0042 8.92873e-07 12 1.07377 6.09674 3.76704 4.80457
335 3.345 6.57041 4.16482 3.10962 9.76538 0.0331411 6.00595 2.03395e-06 12 1.10568 6.15525 3.7842 5.00404
336 3.355 7.03149 4.53767 3.44047 10.1317 0.0451101 6.00836 3.34523e-06 12 1.13512 6.21568 3.79256 5.20514
337 3.365 7.39219 4.932 3.74026 10.5323 0.0605636 6.0116 6.10262e-06 12 1.16258 6.27794 3.78728 5.40717
338 3.375 7.63197 5.34154 3.99271 10.9625 0.0809249 6.01596 1.04257e-05 12 1.18511 6.34178 3.77658 5.60982
339 3.385 7.74229 5.75946 4.18631 11.4162 0.106727 6.02174 2.19923e-05 12 1.20387 6.40702 3.75832 5.81269
340 3.395 7.73565 6.17949 4.31227 11.8863 0.138905 6.02931 4.12487e-05 12 1.21799 6.47341 3.73435 6.01546
341 3.405 7.61105 6.5952 4.36797 12.3653 0.179294 6.03915 8.07645e-05 12 1.22844 6.54077 3.70517 6.21784
342 3.415 7.36725 6.99996 4.35181 12.8454 0.228959 6.05177 0.000149124 12 1.23592 6.60894 3.67176 6.41956
343 3.425 7.02317 7.38808 4.2686 13.319 0.28817 6.06776 0.000254146 12.0001 1.24177 6.67783 3.63661 6.62053
344 3.435 6.59092 7.75444 4.1267 13.7796 0.35933 6.08781 0.00044302 12.0001 1.24682 6.74741 3.59156 6.82017
345 3.445 6.08347 8.09456 3.93686 14.2215 0.443817 6.11272 0.000757794 12.0002 1.25322 6.81775 3.5435 7.01829
346 3.455 5.52845 8.40545 3.71121 14.6406 0.540645 6.14325 0.00136419 12.0004 1.26217 6.88901 3.48586 7.21431
347 3.465 4.94101 8.68492 3.4571 15.0332 0.651813 6.18026 0.00228802 12.0006 1.27418 6.96136 3.41834 7.40766
348 3.475 4.33667 8.93163 3.19289 15.3979 0.777787 6.22468 0.00374552 12.001 1.2916 7.03512 3.34365 7.59787
349 3.485 3.73727 9.14546 2.92085 15.7334 0.916889 6.27734 0.00598637 12.0017 1.31297 7.11054 3.25504 7.78411
350 3.495 3.16342 9.32749 2.65175 16.0398 1.06872 6.33908 0.00939621 12.0028 1.33985 7.18794 3.15806 7.96584
351 3.505 2.62605 9.47947 2.39047 16.3176 1.23099 6.41061 0.0145763 12.0045 1.37002 7.26754 3.04817 8.14225
352 3.515 2.14324 9.60422 2.13904 16.5676 1.40186 6.49252 0.0220366 12.0071 1.40166 7.34945 2.92471 8.31248
353 3.525 1.71061 9.70435 1.90027 16.7909 1.57845 6.58528 0.0326853 12.0109 1.43487 7.43377 2.79057 8.47583
354 3.535 1.33894 9.78318 1.67501 16.9889 1.75724 6.68913 0.0473842 12.0165 1.46595 7.52041 2.64627 8.63162
355 3.545 1.02697 9.84398 1.46473 17.163 1.9347 6.80412 0.0672361 12.0245 1.49342 7.60917 2.49292 8.7792
356 3.555 0.770419 9.88984 1.26859 17.3147 2.10514 6.92995 0.0937372 12.0357 1.51281 7.69959 2.32908 8.91787
357 3.565 0.56534 9.92369 1.08697 17.4453 2.26481 7.06608 0.127492 12.0509 1.52498 7.79125 2.16053 9.04723
358 3.575 0.406621 9.94817 0.921365 17.5567 2.40796 7.21163 0.17052 12.0715 1.52578 7.88348 1.98757 9.1669
359 3.585 0.286541 9.96552 0.771146 17.6505 2.531 7.36547 0.223134 12.0986 1.51538 7.97559 1.81361 9.2767
360 3.595 0.197417 9.97754 0.635942 17.7282 2.6301 7.52623 0.286688 12.1336 1.49377 8.06689 1.64169 9.37666
361 3.605 0.132355 9.98565 0.51676 17.7917 2.70189 7.6923 0.361789 12.178 1.46069 8.15667 1.47268 9.46682
362 3.615 0.0868743 9.99099 0.413442 17.8428 2.74266 7.86181 0.448792 12.2333 1.41714 8.24426 1.30996 9.54747
363 3.625 0.0558623 9.99445 0.325563 17.8833 2.75287 8.0329 0.547655 12.3013 1.36446 8.32906 1.15456 9.61894
364 3.635 0.0355882 9.99667 0.252182 17.9148 2.73208 8.20363 0.657516 12.3833 1.30455 8.41058 1.00825 9.6817
365 3.645 0.0219262 9.99804 0.191219 17.9389 2.67883 8.37195 0.778584 12.4809 1.23938 8.48846 0.873205 9.73635
366 3.655 0.0132021 9.99887 0.142443 17.9569 2.59709 8.53604 0.907628 12.5954 1.17292 8.56256 0.749726 9.78354
367 3.665 0.00783279 9.99937 0.104193 17.9701 2.49054 8.69425 1.0459 12.728 1.10599 8.63282 0.638129 9.82392
368 3.675 0.00450471 9.99965 0.0750021 17.9797 2.35884 8.84492 1.18894 12.8796 1.0416 8.69935 0.538232 9.85816
369 3.685 0.00250406 9.99981 0.052818 17.9865 2.20929 8.98681 1.33495 13.0507 0.981677 8.7624 0.450761 9.887
370 3.695 0.00135822 9.9999 0.036353 17.9912 2.04612 9.11893 1.48252 13.2418 0.926467 8.82222 0.375615 9.91116
371 3.705 0.000721359 9.99995 0.0244773 17.9943 1.87357 9.24056 1.62373 13.4522 0.878084 8.87923 0.311528 9.9313
372 3.715 0.00038103 9.99997 0.0161421 17.9964 1.6951 9.3512 1.75826 13.6813 0.836312 8.93382 0.257771 9.94806
373 3.725 0.000212501 9.99999 0.0103822 17.9978 1.51649 9.45072 1.87811 13.9273 0.801594 8.98642 0.214249 9.96207
374 3.735 0.000100689 9.99999 0.00657951 17.9987 1.34142 9.53922 1.97815 14.1879 0.774708 9.03753 0.179348 9.97385
375 3.745 5.07265e-05 10 0.00404701 17.9992 1.17276 9.61701 2.05253 14.4596 0.754002 9.08755 0.152339 9.98392
376 3.755 3.14031e-05 10 0.00247098 17.9995 1.01397 9.68463 2.0991 14.739 0.739622 9.13687 0.133126 9.99276
377 3.765 1.90695e-05 10 0.00148866 17.9997 0.86695 9.74275 2.11206 15.0217 0.729347 9.18576 0.120024 10.0008
378 3.775 1.44301e-05 10 0.000870015 17.9999 0.732626 9.79213 2.09275 15.3032 0.722784 9.23448 0.112654 10.0083
379 3.785 2.34988e-05 10 0.000497658 17.9999 0.612479 9.83363 2.0398 15.5791 0.718591 9.28316 0.110311 10.0158
380 3.795 4.77865e-05 10 0.000277972 18 0.506598 9.86813 1.95876 15.8454 0.715585 9.33191 0.112325 10.0234
381 3.805 7.65153e-05 10 0.000140995 18 0.414027 9.89648 1.85353 16.0987 0.71284 9.38072 0.11794 10.0314
382 3.815 0.000112919 10 7.91939e-05 18 0.334443 9.9195 1.72644 16.3359 0.70944 9.42955 0.126995 10.0402
383 3.825 0.000222391 10 4.47674e-05 18 0.267547 9.93802 1.58693 16.5551 0.703314 9.47821 0.138793 10.0497
384 3.835 0.000414388 10.0001 2.20705e-05 18 0.211659 9.95274 1.44017 16.7551 0.695375 9.52658 0.153005 10.0603
385 3.845 0.000702315 10.0001 1.27657e-05 18 0.165632 9.96432 1.29315 16.9356 0.684092 9.57441 0.16909 10.0721
386 3.855 0.00127784 10.0002 7.75312e-06 18 0.128108 9.97332 1.14932 17.0968 0.66973 9.62149 0.186917 10.0852
387 3.865 0.0021568 10.0004 3.75977e-06 18 0.0978773 9.98024 1.01336 17.2397 0.652733 9.6676 0.205742 10.0997
388 3.875 0.00367951 10.0006 2.06271e-06 18 0.0741899 9.98551 0.88615 17.3653 0.634121 9.71263 0.225985 10.1156
389 3.885 0.00588974 10.001 2.68142e-06 18 0.0556462 9.98948 0.769845 17.475 0.614371 9.75649 0.246168 10.1332
390 3.895 0.00932756 10.0017 7.34971e-06 18 0.0411739 9.99243 0.663137 17.57 0.594945 9.79918 0.267126 10.1522
391 3.905 0.0147323 10.0028 1.93636e-05 18 0.0302262 9.99461 0.567521 17.6517 0.577311 9.84081 0.289056 10.173
392 3.915 0.0221513 10.0044 3.93378e-05 18 0.0218785 9.9962 0.482519 17.7215 0.562187 9.88156 0.311288 10.1955
393 3.925 0.0332096 10.0068 7.75247e-05 18 0.0156536 9.99734 0.406722 17.7807 0.551844 9.92177 0.333235 10.2197
394 3.935 0.0486226 10.0103 0.000159943 18 0.011125 9.99815 0.34192 17.8306 0.54674 9.96181 0.355044 10.2456
395 3.945 0.0699535 10.0154 0.000304256 18.0001 0.00781316 9.99873 0.287278 17.8728 0.548453 10.0022 0.377679 10.2733
396 3.955 0.098261 10.0227 0.000559315 18.0002 0.00550318 9.99914 0.243178 17.9087 0.556183 10.0433 0.399681 10.3027
397 3.965 0.135179 10.0327 0.00100574 18.0003 0.00379364 9.99942 0.210085 17.9399 0.570237 10.0857 0.421771 10.3339
398 3.975 0.183466 10.0464 0.00182284 18.0006 0.00257267 9.99961 0.189532 17.9682 0.590495 10.1298 0.443808 10.367
399 3.985 0.24258 10.0645 0.00310393 18.0011 0.00174356 9.99974 0.181762 17.9954 0.615831 10.1761 0.465582 10.4018
400 3.995 0.314467 10.0881 0.00513436 18.0018 0.00116843 9.99983 0.187395 18.0237 0.644661 10.2248 0.487937 10.4385
401 4.005 0.399637 10.1183 0.00846211 18.0031 0.000785728 9.99989 0.207814 18.0552 0.676134 10.2761 0.509781 10.477
402 4.015 0.496978 10.1561 0.0137954 18.0052 0.000527224 9.99993 0.241802 18.0919 0.708057 10.33 0.530712 10.5173
403 4.025 0.604873 10.2022 0.0217162 18.0086 0.000333373 9.99996 0.289493 18.1362 0.739498 10.3867 0.551014 10.5594
404 4.035 0.722426 10.2577 0.0333883 18.0137 0.000208601 9.99997 0.348944 18.1899 0.768959 10.4459 0.570038 10.6031
405 4.045 0.844533 10.3228 0.050133 18.0215 0.000138818 9.99998 0.417704 18.2544 0.795561 10.5075 0.587348 10.6484
406 4.055 0.966579 10.3976 0.0737091 18.0329 8.18259e-05 9.99999 0.493501 18.331 0.819028 10.5712 0.604796 10.6952
407 4.065 1.08399 10.482 0.105987 18.0495 5.2833e-05 9.99999 0.570273 18.4199 0.83871 10.6367 0.61906 10.7434
408 4.075 1.19337 10.5754 0.148699 18.0728 3.36235e-05 10 0.644371 18.521 0.855101 10.7039 0.631515 10.7928
409 4.085 1.28443 10.6763 0.204152 18.1051 1.99468e-05 10 0.710747 18.6329 0.868143 10.7724 0.640807 10.8432
410 4.095 1.35444 10.7833 0.274895 18.1487 1.38897e-05 10 0.763017 18.7537 0.879188 10.8421 0.647542 10.8943
411 4.105 1.40221 10.8947 0.362753 18.2065 9.26375e-06 10 0.799098 18.8808 0.888544 10.9129 0.650792 10.946
412 4.115 1.42195 11.0081 0.467994 18.2814 5.56053e-06 10 0.814347 19.011 0.897201 10.9848 0.649746 10.9978
413 4.125 1.41337 11.1214 0.591758 18.3767 3.0095e-06 10 0.808656 19.1409 0.906328 11.0577 0.647529 11.0497
414 4.135 1.37658 11.2323 0.734001 18.4954 2.17377e-06 10 0.780993 19.267 0.915471 11.1317 0.640923 11.1014
415 4.145 1.31432 11.3386 0.893339 18.6406 1.87485e-06 10 0.734644 19.3861 0.925287 11.2069 0.63136 11.1525
416 4.155 1.22658 11.4384 1.06786 18.815 2.24857e-06 10 0.673157 19.4958 0.936082 11.2833 0.618442 11.2028
417 4.165 1.1237 11.5302 1.25308 19.0206 2.80914e-06 10 0.6003 19.5941 0.947196 11.3611 0.603566 11.2521
418 4.175 1.00952 11.6131 1.44519 19.2588 4.54893e-06 10 0.521815 19.68 0.958592 11.4401 0.585892 11.3002
419 4.185 0.888626 11.6864 1.64229 19.5309 8.25274e-06 10 0.441051 19.7529 0.969285 11.5204 0.566449 11.3469
420 4.195 0.766499 11.75 1.83867 19.837 1.50189e-05 10 0.363594 19.8133 0.977822 11.6018 0.545751 11.3922
421 4.205 0.64775 11.8039 2.03206 20.1768 2.04594e-05 10 0.292102 19.8621 0.98466 11.6841 0.523489 11.4358
422 4.215 0.535342 11.8488 2.21789 20.5495 3.12875e-05 10 0.228742 19.9005 0.988289 11.7671 0.500881 11.4777
423 4.225 0.434246 11.8853 2.39458 20.9539 5.45059e-05 10 0.174781 19.9299 0.988283 11.8506 0.477278 11.5179
424 4.235 0.345119 11.9144 2.56005 21.3882 8.79585e-05 10 0.131208 19.9521 0.983478 11.934 0.452963 11.5561
425 4.245 0.268527 11.9372 2.71393 21.8508 0.000144976 10 0.0975526 19.9687 0.974207 12.017 0.429204 11.5926
426 4.255 0.205753 11.9548 2.85512 22.3397 0.000229923 10.0001 0.0732771 19.9813 0.959662 12.0992 0.405564 11.6272
427 4.265 0.154169 11.968 2.98349 22.853 0.000376189 10.0001 0.057747 19.9912 0.940854 12.1801 0.382835 11.66
428 4.275 0.113673 11.9778 3.0969 23.3884 0.000597056 10.0001 0.0509139 20 0.918129 12.2595 0.360195 11.691
429 4.285 0.0814646 11.9848 3.19516 23.9433 0.000903936 10.0002 0.0526298 20.0091 0.892222 12.337 0.338492 11.7202
430 4.295 0.0574478 11.9898 3.27586 24.5149 0.0014033 10.0003 0.0635612 20.0201 0.863525 12.4123 0.317876 11.7479
431 4.305 0.0398083 11.9933 3.33661 25.0998 0.00215152 10.0005 0.084813 20.035 0.833506 12.4854 0.298292 11.7739
432 4.315 0.0271812 11.9957 3.37844 25.6948 0.00325379 10.0008 0.117301 20.0556 0.804009 12.5562 0.279978 11.7985
433 4.325 0.0181458 11.9973 3.39146 26.2949 0.00479182 10.0012 0.163101 20.0844 0.776317 12.6248 0.263065 11.8217
434 4.335 0.0118418 11.9983 3.37883 26.8955 0.00704133 10.0019 0.223424 20.124 0.751457 12.6916 0.247957 11.8436
435 4.345 0.0077834 11.999 3.33852 27.4917 0.0101782 10.0028 0.299959 20.1775 0.731961 12.757 0.234286 11.8644
436 4.355 0.00520471 11.9995 3.27078 28.0784 0.0145829 10.0041 0.393142 20.2479 0.718772 12.8215 0.222631 11.8843
437 4.365 0.00381996 11.9998 3.17732 28.651 0.0206032 10.0059 0.502127 20.3382 0.71363 12.8858 0.212961 11.9035
438 4.375 0.00342744 12.0001 3.06243 29.2055 0.0286962 10.0085 0.624392 20.451 0.717658 12.9507 0.20612 11.922
439 4.385 0.00393405 12.0005 2.92885 29.7382 0.039424 10.0121 0.756075 20.5883 0.732058 13.0173 0.202082 11.9403
440 4.395 0.00529671 12.001 2.78549 30.2471 0.053663 10.017 0.892381 20.751 0.756866 13.0864 0.201246 11.9587
441 4.405 0.00792869 12.0017 2.63595 30.7309 0.0719084 10.0236 1.02556 20.9389 0.792031 13.1591 0.204168 11.9773
442 4.415 0.0121515 12.0028 2.48789 31.1896 0.0951864 10.0324 1.14864 21.1502 0.83715 13.2363 0.210711 11.9967
443 4.425 0.0186674 12.0045 2.34465 31.6239 0.124348 10.0439 1.25213 21.3817 0.891041 13.3188 0.221702 12.0171
444 4.435 0.0282698 12.0071 2.20966 32.035 0.160534 10.0588 1.33147 21.6289 0.952329 13.4074 0.236992 12.0391
445 4.445 0.0421368 12.0111 2.08368 32.4244 0.205029 10.078 1.3803 21.8864 1.01924 13.5026 0.255902 12.0629
446 4.455 0.0610669 12.0168 1.96705 32.7937 0.258158 10.1022 1.39588 22.1479 1.0901 13.605 0.279314 12.089
447 4.465 0.0868347 12.0249 1.8575 33.1439 0.321693 10.1326 1.37969 22.4076 1.16154 13.7145 0.307057 12.1179
448 4.475 0.120662 12.0363 1.7498 33.4754 0.395873 10.1701 1.33388 22.6598 1.23271 13.8312 0.33838 12.1498
449 4.485 0.163454 12.0518 1.64389 33.7882 0.481831 10.2159 1.26467 22.8999 1.3013 13.955 0.37318 12.1851
450 4.495 0.217094 12.0725 1.53658 34.0818 0.579776 10.2713 1.17903 23.1248 1.36422 14.0854 0.411254 12.2243
451 4.505 0.28235 12.0995 1.42238 34.3549 0.689636 10.3375 1.0864 23.3329 1.42035 14.2217 0.451177 12.2674
452 4.515 0.358826 12.1339 1.30358 34.6062 0.810758 10.4157 0.994062 23.5242 1.46793 14.3633 0.492429 12.3147
453 4.525 0.44505 12.1769 1.17941 34.8347 0.94396 10.5071 0.910918 23.7003 1.50529 14.509 0.534405 12.3663
454 4.535 0.540596 12.2292 1.05177 35.0393 1.08634 10.6127 0.843234 23.864 1.53187 14.658 0.575814 12.422
455 4.545 0.642716 12.2918 0.922812 35.2196 1.23707 10.7336 0.794306 24.0189 1.54725 14.8092 0.615277 12.4819
456 4.555 0.74752 12.3648 0.796237 35.3758 1.39444 10.8704 0.766729 24.1691 1.55026 14.9613 0.651779 12.5456
457 4.565 0.850202 12.4483 0.67475 35.5088 1.55549 11.0237 0.761214 24.3189 1.54184 15.1133 0.68583 12.613
458 4.575 0.946963 12.5417 0.560312 35.6198 1.71628 11.1936 0.776227 24.4723 1.52151 15.2639 0.715096 12.6835
459 4.585 1.03196 12.6439 0.457324 35.7107 1.87618 11.3802 0.810791 24.6332 1.49058 15.4121 0.740054 12.7568
460 4.595 1.09956 12.7533 0.365167 35.7836 2.03105 11.583 0.863442 24.8053 1.44842 15.5567 0.758979 12.8323
461 4.605 1.14506 12.8676 0.286399 35.8411 2.17627 11.8012 0.932335 24.9919 1.39666 15.6968 0.772416 12.9094
462 4.615 1.167 12.9847 0.219552 35.8853 2.31029 12.0339 1.01721 25.1964 1.33662 15.8314 0.779932 12.9877
463 4.625 1.16615 13.1022 0.165108 35.9187 2.42902 12.2797 1.11778 25.4222 1.26839 15.9597 0.782251 13.0665
464 4.635 1.14022 13.2176 0.121779 35.9435 2.53113 12.5369 1.23617 25.6729 1.19341 16.081 0.779525 13.1454
465 4.645 1.08965 13.3284 0.0880375 35.9614 2.61317 12.8035 1.37281 25.9525 1.11397 16.1947 0.770674 13.2237
466 4.655 1.01872 13.4324 0.062161 35.9742 2.67335 13.0775 1.53071 26.2656 1.03152 16.3004 0.757802 13.3011
467 4.665 0.932344 13.528 0.0429749 35.983 2.71199 13.3566 1.70874 26.6167 0.947715 16.3979 0.741653 13.3771
468 4.675 0.83482 13.6139 0.0291067 35.989 2.72756 13.6385 1.90651 27.01 0.864679 16.4873 0.722836 13.4515
469 4.685 0.73169 13.6896 0.0194331 35.9931 2.71995 13.9209 2.12104 27.4495 0.784039 16.5687 0.702748 13.5242
470 4.695 0.627512 13.7548 0.0126146 35.9957 2.69077 14.2014 2.34812 27.9382 0.706841 16.6424 0.682522 13.5951
471 4.705 0.526813 13.8097 0.00802549 35.9974 2.63984 14.4778 2.57823 28.477 0.635787 16.7089 0.662005 13.6641
472 4.715 0.433051 13.855 0.00500834 35.9984 2.5707 14.7481 2.80508 29.0657 0.572744 16.7692 0.643975 13.7316
473 4.725 0.349651 13.8918 0.00305175 35.9991 2.48632 15.0106 3.01866 29.7019 0.518709 16.8239 0.628038 13.7976
474 4.735 0.276168 13.921 0.0018285 35.9995 2.38663 15.2637 3.20768 30.3808 0.47472 16.8743 0.615492 13.8626
475 4.745 0.214947 13.9438 0.00107567 35.9997 2.27463 15.5059 3.36329 31.0957 0.442155 16.9213 0.606769 13.927
476 4.755 0.167327 13.9616 0.000616463 35.9998 2.1555 15.7364 3.47769 31.838 0.421995 16.9665 0.602809 13.9912
477 4.765 0.131246 13.9757 0.000354638 35.9999 2.02953 15.9543 3.54943 32.5988 0.414239 17.0109 0.603353 14.0557
478 4.775 0.107837 13.9872 0.000192027 36 1.90104 16.1593 3.5759 33.3685 0.418812 17.0561 0.608616 14.1211
479 4.785 0.0961613 13.9976 0.000102701 36 1.77028 16.351 3.55903 34.1378 0.435464 17.1033 0.619353 14.1879
480 4.795 0.09666 14.0081 5.25196e-05 36 1.63925 16.5292 3.50344 34.8982 0.463508 17.1537 0.633883 14.2566
481 4.805 0.110147 14.0201 2.59181e-05 36 1.5107 16.6942 3.41562 35.6427 0.502506 17.2085 0.654017 14.3277
482 4.815 0.137679 14.0351 1.33773e-05 36 1.38629 16.8462 3.30429 36.3659 0.550154 17.2689 0.678675 14.4018
483 4.825 0.180415 14.0549 1.47055e-05 36 1.26574 16.9856 3.17796 37.0643 0.605383 17.3355 0.707449 14.4794
484 4.835 0.239824 14.0813 1.87079e-05 36 1.14999 17.1127 3.04437 37.7362 0.665302 17.4091 0.740344 14.561
485 4.845 0.318033 14.1165 3.37957e-05 36 1.03991 17.2282 2.91411 38.382 0.728323 17.4899 0.775575 14.6467
486 4.855 0.416589 14.1627 7.05545e-05 36 0.935778 17.3325 2.79232 39.0033 0.791996 17.5782 0.815414 14.7373
487 4.865 0.536012 14.2225 0.000136586 36.0001 0.83841 17.4263 2.68664 39.6036 0.853916 17.6738 0.85619 14.8327
488 4.875 0.675862 14.2982 0.000272869 36.0001 0.747433 17.5103 2.59999 40.1869 0.912077 17.7763 0.898542 14.9333
489 4.885 0.832976 14.3918 0.000514675 36.0002 0.662463 17.5851 2.53832 40.7588 0.96445 17.8852 0.942062 15.0392
490 4.895 1.00458 14.5052 0.000935422 36.0004 0.584823 17.6514 2.49929 41.3241 1.00833 17.9994 0.986781 15.1506
491 4.905 1.18511 14.6395 0.00166653 36.0008 0.513987 17.7099 2.48287 41.888 1.0429 18.1181 1.03343 15.2678
492 4.915 1.36826 14.7952 0.00292041 36.0015 0.450331 17.7613 2.48485 42.4547 1.06748 18.2401 1.07928 15.3906
493 4.925 1.54554 14.9718 0.00498604 36.0026 0.393996 17.8065 2.50001 43.0272 1.0809 18.3641 1.12581 15.5192
494 4.935 1.70533 15.1675 0.00829683 36.0046 0.345397 17.8463 2.51739 43.6059 1.08398 18.4889 1.17123 15.6536
495 4.945 1.84204 15.3797 0.0135624 36.0077 0.304441 17.8815 2.53032 44.1901 1.07616 18.6134 1.21791 15.7939
496 4.955 1.95048 15.6053 0.0215548 36.0127 0.272026 17.9131 2.52773 44.7759 1.05942 18.7364 1.26491 15.9402
497 4.965 2.01772 15.8396 0.0334347 36.0205 0.247751 17.942 2.50037 45.3578 1.03479 18.857 1.31117 16.0925
498 4.975 2.04432 16.078 0.050453 36.0323 0.232788 17.9692 2.44256 45.9285 1.00321 18.9745 1.35845 16.2509
499 4.985 2.02758 16.3153 0.0747709 36.0499 0.227023 17.9959 2.34887 46.4796 0.966988 19.0881 1.40705 16.4156
500 4.995 1.97526 16.5475 0.108053 36.0754 0.230921 18.0231 2.21979 47.0024 0.927766 19.1976 1.45647 16.5868
