# Time-averaged data for fix rdf_p
# TimeStep Number-of-rows
# Row c_rdf_p[1] c_rdf_p[2] c_rdf_p[3] c_rdf_p[4] c_rdf_p[5] c_rdf_p[6] c_rdf_p[7] c_rdf_p[8] c_rdf_p[9] c_rdf_p[10] c_rdf_p[11] c_rdf_p[12] c_rdf_p[13]
1000000 500
1 0.005 0 0 0 0 0 0 0 0 0 0 0 0
2 0.015 0 0 0 0 0 0 0 0 0 0 0 0
3 0.025 0 0 0 0 0 0 0 0 0 0 0 0
4 0.035 0 0 0 0 0 0 0 0 0 0 0 0
5 0.045 0 0 0 0 0 0 0 0 0 0 0 0
6 0.055 0 0 0 0 0 0 0 0 0 0 0 0
7 0.065 0 0 0 0 0 0 0 0 0 0 0 0
8 0.075 0 0 0 0 0 0 0 0 0 0 0 0
9 0.085 0 0 0 0 0 0 0 0 0 0 0 0
10 0.095 0 0 0 0 0 0 0 0 0 0 0 0
11 0.105 0 0 0 0 0 0 0 0 0 0 0 0
12 0.115 0 0 0 0 0 0 0 0 0 0 0 0
13 0.125 0 0 0 0 0 0 0 0 0 0 0 0
14 0.135 0 0 0 0 0 0 0 0 0 0 0 0
15 0.145 0 0 0 0 0 0 0 0 0 0 0 0
16 0.155 0 0 0 0 0 0 0 0 0 0 0 0
17 0.165 0 0 0 0 0 0 0 0 0 0 0 0
18 0.175 0 0 0 0 0 0 0 0 0 0 0 0
19 0.185 0 0 0 0 0 0 0 0 0 0 0 0
20 0.195 0 0 0 0 0 0 0 0 0 0 0 0
21 0.205 0 0 0 0 0 0 0 0 0 0 0 0
22 0.215 0 0 0 0 0 0 0 0 0 0 0 0
23 0.225 0 0 0 0 0 0 0 0 0 0 0 0
24 0.235 0 0 0 0 0 0 0 0 0 0 0 0
25 0.245 0 0 0 0 0 0 0 0 0 0 0 0
26 0.255 0 0 0 0 0 0 0 0 0 0 0 0
27 0.265 0 0 0 0 0 0 0 0 0 0 0 0
28 0.275 0 0 0 0 0 0 0 0 0 0 0 0
29 0.285 0 0 0 0 0 0 0 0 0 0 0 0
30 0.295 0 0 0 0 0 0 0 0 0 0 0 0
31 0.305 0 0 0 0 0 0 0 0 0 0 0 0
32 0.315 0 0 0 0 0 0 0 0 0 0 0 0
33 0.325 0 0 0 0 0 0 0 0 0 0 0 0
34 0.335 0 0 0 0 0 0 0 0 0 0 0 0
35 0.345 0 0 0 0 0 0 0 0 0 0 0 0
36 0.355 0 0 0 0 0 0 0 0 0 0 0 0
37 0.365 0 0 0 0 0 0 0 0 0 0 0 0
38 0.375 0 0 0 0 0 0 0 0 0 0 0 0
39 0.385 0 0 0 0 0 0 0 0 0 0 0 0
40 0.395 0 0 0 0 0 0 0 0 0 0 0 0
41 0.405 0 0 0 0 0 0 0 0 0 0 0 0
42 0.415 0 0 0 0 0 0 0 0 0 0 0 0
43 0.425 0 0 0 0 0 0 0 0 0 0 0 0
44 0.435 0 0 0 0 0 0 0 0 0 0 0 0
45 0.445 0 0 0 0 0 0 0 0 0 0 0 0
46 0.455 0 0 0 0 0 0 0 0 0 0 0 0
47 0.465 0 0 0 0 0 0 0 0 0 0 0 0
48 0.475 0 0 0 0 0 0 0 0 0 0 0 0
49 0.485 0 0 0 0 0 0 0 0 0 0 0 0
50 0.495 0 0 0 0 0 0 0 0 0 0 0 0
51 0.505 0 0 0 0 0 0 0 0 0 0 0 0
52 0.515 0 0 0 0 0 0 0 0 0 0 0 0
53 0.525 0 0 0 0 0 0 0 0 0 0 0 0
54 0.535 0 0 0 0 0 0 0 0 0 0 0 0
55 0.545 0 0 0 0 0 0 0 0 0 0 0 0
56 0.555 0 0 0 0 0 0 0 0 0 0 0 0
57 0.565 0 0 0 0 0 0 0 0 0 0 0 0
58 0.575 0 0 0 0 0 0 0 0 0 0 0 0
59 0.585 0 0 0 0 0 0 0 0 0 0 0 0
60 0.595 0 0 0 0 0 0 0 0 0 0 0 0
61 0.605 0 0 0 0 0 0 0 0 0 0 0 0
62 0.615 0 0 0 0 0 0 0 0 0 0 0 0
63 0.625 0 0 0 0 0 0 0 0 0 0 0 0
64 0.635 0 0 0 0 0 0 0 0 0 0 0 0
65 0.645 0 0 0 0 0 0 0 0 0 0 0 0
66 0.655 0 0 0 0 0 0 0 0 0 0 0 0
67 0.665 0 0 0 0 0 0 0 0 0 0 0 0
68 0.675 0 0 0 0 0 0 0 0 0 0 0 0
69 0.685 0 0 0 0 0 0 0 0 0 0 0 0
70 0.695 0 0 0 0 0 0 0 0 0 0 0 0
71 0.705 0 0 0 0 0 0 0 0 0 0 0 0
72 0.715 0 0 0 0 0 0 0 0 0 0 0 0
73 0.725 0 0 0 0 0 0 0 0 0 0 0 0
74 0.735 0 0 0 0 0 0 0 0 0 0 0 0
75 0.745 0 0 0 0 0 0 0 0 0 0 0 0
76 0.755 0 0 0 0 0 0 0 0 0 0 0 0
77 0.765 0 0 0 0 0 0 0 0 0 0 0 0
78 0.775 0 0 0 0 0 0 0 0 0 0 0 0
79 0.785 0 0 0 0 0 0 0 0 0 0 0 0
80 0.795 0 0 0 0 0 0 0 0 0 0 0 0
81 0.805 0 0 0 0 0 0 0 0 0 0 0 0
82 0.815 0 0 0 0 0 0 0 0 0 0 0 0
83 0.825 0 0 0 0 0 0 0 0 0 0 0 0
84 0.835 0 0 0 0 0 0 0 0 0 0 0 0
85 0.845 0 0 0 0 0 0 0 0 0 0 0 0
86 0.855 0 0 0 0 0 0 0 0 0 0 0 0
87 0.865 0 0 0 0 0 0 0 0 0 0 0 0
88 0.875 0 0 0 0 0 0 0 0 0 0 0 0
89 0.885 0 0 0 0 0 0 0 0 0 0 0 0
90 0.895 0 0 0 0 0 0 0 0 3.70292e-06 1.36719e-08 0 0
91 0.905 0 0 0 0 0 0 0 0 6.93266e-05 2.75391e-07 0 0
92 0.915 0 0 0 0 0 0 0 0 0.000431717 1.94141e-06 0 0
93 0.925 0 0 0 0 0 0 0 0 0.00228154 1.09395e-05 0 0
94 0.935 0 0 0 0 0 0 0 0 0.00986356 5.06855e-05 0 0
95 0.945 0 0 0 0 0 0 0 0 0.0356856 0.000197576 0 0
96 0.955 0 0 0 0 0 0 0 0 0.107006 0.000647412 0 0
97 0.965 0 0 0 0 0 0 0 0 0.271654 0.00181344 0 0
98 0.975 0 0 0 0 0 0 0 0 0.595124 0.00442111 0 0
99 0.985 0 0 0 0 0 0 0 0 1.14144 0.00952574 0 0
100 0.995 0 0 0 0 0 0 0 0 1.93722 0.0183659 0 0
101 1.005 0 0 0 0 0 0 0 0 2.95334 0.0321153 0 0
102 1.015 0 0 0 0 0 0 0 0 4.08276 0.0515028 0 0
103 1.025 0 0 0 0 0 0 0 0 5.17458 0.0765616 0 0
104 1.035 0 0 0 0 0 0 0 0 6.07967 0.106581 0 0
105 1.045 0 0 0 0 0 0 0 0 6.68596 0.140234 0 0
106 1.055 0 0 0 0 0 0 0 0 6.94669 0.175873 0 0
107 1.065 0 0 0 0 0 0 0 0 6.8774 0.211828 0 0
108 1.075 0 0 0 0 0 0 0 0 6.54916 0.246713 0 0
109 1.085 0 0 0 0 0 0 0 0 6.04831 0.279532 0 0
110 1.095 0 0 0 0 0 0 0 0 5.45296 0.309669 0 0
111 1.105 0 0 0 0 0 0 0 0 4.83943 0.336906 0 0
112 1.115 0 0 0 0 0 0 0 0 4.25452 0.361286 0 0
113 1.125 0 0 0 0 0 0 0 0 3.73174 0.383056 0 0
114 1.135 0 0 0 0 0 0 0 0 3.27772 0.402518 0 0
115 1.145 0 0 0 0 0 0 0 0 2.89605 0.420019 0 0
116 1.155 0 0 0 0 0 0 0 0 2.57978 0.435882 0 0
117 1.165 0 0 0 0 0 0 0 0 2.32584 0.450432 0 0
118 1.175 0 0 0 0 0 0 0 0 2.12403 0.463949 0 0
119 1.185 0 0 0 0 0 0 0 0 1.96447 0.476664 0 0
120 1.195 0 0 0 0 0 0 0 0 1.84586 0.488814 0 0
121 1.205 0 0 0 0 0 0 0 0 1.75779 0.500578 0 0
122 1.215 0 0 0 0 0 0 0 0 1.69503 0.512112 0 0
123 1.225 0 0 0 0 0 0 0 0 1.66012 0.523595 0 0
124 1.235 0 0 0 0 0 0 0 0 1.64021 0.535126 0 0
125 1.245 0 0 0 0 0 0 0 0 1.64266 0.546862 0 0
126 1.255 0 0 0 0 0 0 0 0 1.66112 0.558921 0 0
127 1.265 0 0 0 0 0 0 0 0 1.69309 0.571409 0 0
128 1.275 0 0 0 0 0 0 0 0 1.7387 0.584437 0 0
129 1.285 0 0 0 0 0 0 0 0 1.79365 0.598089 0 0
130 1.295 0 0 0 0 0 0 0 0 1.86036 0.612469 0 0
131 1.305 0 0 0 0 0 0 0 0 1.93566 0.627664 0 0
132 1.315 0 0 0 0 0 0 0 0 2.00874 0.643674 0 0
133 1.325 0 0 0 0 0 0 0 0 2.08398 0.660538 0 0
134 1.335 0 0 0 0 0 0 0 0 2.15635 0.678252 0 0
135 1.345 0 0 0 0 0 0 0 0 2.22185 0.696779 0 0
136 1.355 0 0 0 0 0 0 0 0 2.27661 0.716045 0 0
137 1.365 0 0 0 0 0 0 0 0 2.31524 0.735929 0 0
138 1.375 0 0 0 0 0 0 0 0 2.3349 0.756276 0 0
139 1.385 0 0 0 0 0 0 0 0 2.33266 0.776901 0 0
140 1.395 0 0 0 0 0 0 0 0 2.30445 0.797572 0 0
141 1.405 0 0 0 0 0 0 0 0 2.24848 0.81803 0 0
142 1.415 0 0 0 0 0 0 0 0 2.1652 0.838013 0 0
143 1.425 0 0 0 0 0 0 0 0 2.05739 0.857269 0 0
144 1.435 0 0 0 0 0 0 0 0 1.92918 0.87558 0 0
145 1.445 0 0 0 0 0 0 0 0 1.78266 0.892737 0 0
146 1.455 0 0 0 0 0 0 0 0 1.62366 0.908581 0 0
147 1.465 0 0 0 0 0 0 0 0 1.45659 0.92299 0 0
148 1.475 0 0 0 0 0 0 0 0 1.2874 0.9359 0 0
149 1.485 0 0 0 0 0 0 0 0 1.12019 0.947287 0 0
150 1.495 0 0 0 0 0 0 0 0 0.960014 0.957177 0 0
151 1.505 0 0 0 0 0 0 0 0 0.809843 0.965631 0 0
152 1.515 0 0 0 0 0 0 0 0 0.674318 0.972765 0 0
153 1.525 0 0 0 0 0 0 0 0 0.552616 0.978689 0 0
154 1.535 0 0 0 0 0 0 0 0 0.446685 0.98354 0 0
155 1.545 0 0 0 0 0 0 0 0 0.355579 0.987453 0 0
156 1.555 0 0 0 0 0 0 0 0 0.278678 0.990559 0 0
157 1.565 0 0 0 0 0 0 0 0 0.215738 0.992994 0 0
158 1.575 0 0 0 0 0 0 0 0 0.16424 0.994872 0 0
159 1.585 0 0 0 0 0 0 0 0 0.122959 0.996296 0 0
160 1.595 0 0 0 0 0 0 0 0 0.0908009 0.997361 0 0
161 1.605 0 0 0 0 0 0 0 0 0.0660275 0.998144 0 0
162 1.615 0 0 0 0 0 0 0 0 0.0473068 0.998713 0 0
163 1.625 0 0 0 0 0 0 0 0 0.0334135 0.99912 0 0
164 1.635 0 0 0 0 0 0 0 0 0.0231762 0.999405 0 0
165 1.645 0 0 0 0 0 0 0 0 0.0159217 0.999604 0 0
166 1.655 0 0 2.01114e-06 5.07812e-08 0 0 0 0 0.0107526 0.99974 0 0
167 1.665 0 0 2.07877e-05 5.82031e-07 0 0 0 0 0.00707667 0.99983 0 0
168 1.675 0 0 0.000101342 3.20312e-06 0 0 0 0 0.00469495 0.999891 0 0
169 1.685 0 0 0.000382362 1.32109e-05 0 0 0 0 0.00304949 0.999931 0 0
170 1.695 0 0 0.00128595 4.72695e-05 0 0 0 0 0.0019551 0.999957 0 0
171 1.705 0 0 0.00395877 0.000153359 0 0 0 0 0.00124307 0.999973 0 0
172 1.715 0 0 0.0110186 0.000452117 0 0 0 0 0.000769467 0.999984 0 0
173 1.725 0 0 0.0282367 0.00122668 0 0 0 0 0.000470498 0.99999 0 0
174 1.735 0 0 0.0661144 0.00306136 0 0 0 0 0.00028125 0.999994 0 0
175 1.745 0 0 0.140772 0.00701293 0 0 0 0 0.000176451 0.999997 0 0
176 1.755 0 0 0.279219 0.0149409 0 0 0 0 9.78162e-05 0.999998 0 0
177 1.765 0 0 0.51696 0.029787 0 0 0 0 5.97132e-05 0.999999 0 0
178 1.775 0 0 0.891805 0.0556889 0 0 0 0 3.32197e-05 0.999999 0 0
179 1.785 0 0 1.44332 0.0980827 0 0 0 0 2.06135e-05 1 0 0
180 1.795 0 0 2.19436 0.163261 0 0 0 0 9.07436e-06 1 0 0
181 1.805 0 0 3.15639 0.258061 0 0 0 0 5.59255e-06 1 0 0
182 1.815 0 0 4.30426 0.388773 0 0 0 0 2.18671e-06 1 0 0
183 1.825 0 0 5.59542 0.560573 0 0 0 0 1.65392e-06 1 0 0
184 1.835 0 0 6.94966 0.776298 0 0 0 0 2.51683e-07 1 0 0
185 1.845 0 0 8.27713 1.03604 0 0 0 0 0 1 0 0
186 1.855 0 0 9.48059 1.33677 0 0 0 0 0 1 0 0
187 1.865 0 0 10.4814 1.67285 0 0 0 0 0 1 0 0
188 1.875 0 0 11.2037 2.03595 0 0 0 0 0 1 0 0
189 1.885 0 0 11.6221 2.41664 0 0 0 0 0 1 0 0
190 1.895 0 0 11.7117 2.80435 0 0 0 0 0 1 0 0
191 1.905 0 0 11.5067 3.1893 0 0 0 0 0 1 0 0
192 1.915 0 0 11.0233 3.56196 0 0 0 0 3.46641e-07 1 0 0
193 1.925 0 0 10.3232 3.91461 6.86097e-07 1.17188e-08 0 0 2.28699e-07 1 0 0
194 1.935 0 0 9.4539 4.24093 2.03707e-06 4.6875e-08 0 0 4.52683e-07 1 0 0
195 1.945 0 0 8.4811 4.5367 4.4804e-06 1.25e-07 0 0 6.7206e-07 1 0 0
196 1.955 0 0 7.45812 4.79947 7.31722e-06 2.53906e-07 0 0 2.21734e-06 1 0 0
197 1.965 0 0 6.43435 5.0285 1.62417e-05 5.42969e-07 0 0 2.52405e-06 1 0 0
198 1.975 0 0 5.45302 5.22458 3.41107e-05 1.15625e-06 0 0 4.45395e-06 1 0 0
199 1.985 0 0 4.53764 5.38941 8.15162e-05 2.63672e-06 0 0 1.38728e-05 1 0 0
200 1.995 0 0 3.70863 5.52548 0.000153524 5.45313e-06 0 0 2.42742e-05 1 0 0
201 2.005 0 0 2.9819 5.63598 0.000299354 1.1e-05 0 0 4.34274e-05 1 0 0
202 2.015 0 0 2.36124 5.72436 0.000544565 2.11914e-05 0 0 6.68966e-05 1 0 0
203 2.025 0 0 1.84111 5.79396 0.000984159 3.9793e-05 0 0 0.000105505 1 0 0
204 2.035 0 0 1.41322 5.84791 0.00172985 7.28125e-05 0 0 0.000183872 1.00001 0 0
205 2.045 0 0 1.07012 5.88917 0.00317669 0.000134047 0 0 0.000325552 1.00001 0 0
206 2.055 0 0 0.796953 5.92019 0.0054374 0.000239887 0 0 0.000536415 1.00003 0 0
207 2.065 0 0 0.584999 5.94319 0.00905918 0.000417945 0 0 0.000841565 1.00004 0 0
208 2.075 0 0 0.42485 5.96005 0.0149622 0.000714883 0 0 0.00133608 1.00007 0 0
209 2.085 0 0 0.304016 5.97224 0.0238647 0.00119307 0 0 0.00209235 1.00011 0 0
210 2.095 0 0 0.215528 5.98096 0.0375784 0.0019533 0 0 0.00328435 1.00018 0 0
211 2.105 0 0 0.149976 5.98708 0.0575617 0.00312893 0 0 0.00507706 1.00028 0 0
212 2.115 0 0 0.103288 5.99134 0.0859631 0.00490135 0 0 0.00770209 1.00044 0 0
213 2.125 0 0 0.0700233 5.99426 0.12634 0.00753098 0 0 0.0116189 1.00068 0 0
214 2.135 0 0 0.0470201 5.99623 0.180281 0.0113187 0 0 0.0172943 1.00104 0 0
215 2.145 0 0 0.0312178 5.99756 0.252844 0.0166809 0 0 0.0252389 1.00158 0 0
216 2.155 0 0 0.0203935 5.99843 0.347111 0.024111 0 0 0.0366163 1.00236 0 0
217 2.165 0 0 0.0133145 5.99901 0.466117 0.0341814 0 0 0.0521731 1.00349 0 0
218 2.175 0 0 0.00846869 5.99938 0.613103 0.04755 0 0 0.0736175 1.0051 0 0
219 2.185 0 0 0.00542799 5.99961 0.791005 0.0649567 0 0 0.102126 1.00734 0 0
220 2.195 0 0 0.00338398 5.99976 0.999814 0.0871602 0 0 0.139415 1.01044 0 0
221 2.205 0 0 0.00203945 5.99986 1.24128 0.114978 0 0 0.187726 1.01465 0 0
222 2.215 0 0 0.00128152 5.99991 1.51217 0.149174 0 0 0.24972 1.02029 0 0
223 2.225 0 0 0.000741317 5.99995 1.80929 0.19046 2.65856e-06 1.21094e-07 0.327279 1.02776 0 0
224 2.235 0 0 0.000469779 5.99997 2.12943 0.239489 1.18142e-05 6.64063e-07 0.422913 1.0375 0 0
225 2.245 0 0 0.000293167 5.99998 2.46608 0.296779 5.60188e-05 3.26172e-06 0.538249 1.05 0 0
226 2.255 0 0 0.000173744 5.99999 2.81076 0.362658 0.000169492 1.11914e-05 0.675692 1.06584 0 0
227 2.265 0 0 9.30032e-05 6 3.16047 0.437393 0.000472961 3.35156e-05 0.835838 1.0856 3.3168e-06 7.8125e-08
228 2.275 0 0 4.96142e-05 6 3.50847 0.52109 0.00122793 9.19883e-05 1.01953 1.10993 7.56172e-06 2.57813e-07
229 2.285 0 0 2.48339e-05 6 3.84896 0.61372 0.00296021 0.000234191 1.22521 1.13941 1.23842e-05 5.54688e-07
230 2.295 0 0 1.32744e-05 6 4.1773 0.715133 0.00684437 0.000565867 1.45156 1.17465 1.77686e-05 9.84375e-07
231 2.305 0 0 8.53371e-06 6 4.49283 0.825159 0.0145271 0.00127599 1.69417 1.21614 2.36999e-05 1.5625e-06
232 2.315 0 0 1.8976e-06 6 4.79299 0.943557 0.0289926 0.00270556 1.95016 1.26431 4.06409e-05 2.5625e-06
233 2.325 0 0 9.40657e-07 6 5.07072 1.0699 0.0543906 0.00541067 2.21234 1.31944 5.72903e-05 3.98438e-06
234 2.335 0 0 0 6 5.3307 1.20386 0.0946628 0.0101593 2.4735 1.3816 0.000101742 6.53125e-06
235 2.345 0 0 0 6 5.56969 1.34504 0.156357 0.0180701 2.72441 1.45065 0.000145435 1.02031e-05
236 2.355 0 0 0 6 5.78358 1.49288 0.241982 0.0304176 2.95797 1.52627 0.000193906 1.51406e-05
237 2.365 0 0 0 6 5.9685 1.64676 0.354229 0.0486465 3.16354 1.60783 0.000295402 2.27266e-05
238 2.375 0 0 0 6 6.1262 1.80603 0.491746 0.0741666 3.33784 1.69461 0.000418413 3.35625e-05
239 2.385 0 0 0 6 6.24511 1.96977 0.649935 0.108181 3.46957 1.78558 0.000624013 4.98594e-05
240 2.395 0 0 0 6 6.32822 2.13708 0.819834 0.151447 3.55254 1.8795 0.00096619 7.53047e-05
241 2.405 0 0 0 6 6.37213 2.30697 0.989052 0.204081 3.58734 1.97514 0.00135974 0.000111414
242 2.415 0 0 0 6 6.37528 2.47835 1.14689 0.265623 3.56752 2.07104 0.00191772 0.000162766
243 2.425 0 0 0 6 6.33642 2.6501 1.28212 0.334992 3.50013 2.16592 0.00270721 0.000235859
244 2.435 0 0 0 6 6.2592 2.82116 1.3938 0.411027 3.38387 2.2584 0.00379364 0.000339133
245 2.445 0 0 0 6 6.14291 2.99043 1.47536 0.492174 3.22454 2.34725 0.0051856 0.000481461
246 2.455 0 0 0 6 6.00007 3.15711 1.53602 0.577349 3.02764 2.43136 0.00712961 0.00067875
247 2.465 0 0 0 6 5.83728 3.3206 1.58163 0.665769 2.80261 2.50985 0.00978128 0.000951625
248 2.475 0 0 0 6 5.65926 3.48038 1.61935 0.757035 2.55653 2.58203 0.0129789 0.00131665
249 2.485 0 0 0 6 5.47343 3.63618 1.65838 0.851257 2.30059 2.64751 0.017365 0.00180898
250 2.495 0 0 0 6 5.28605 3.78785 1.70317 0.948803 2.03877 2.70601 0.0230139 0.00246674
251 2.505 0 0 0 6 5.10589 3.93553 1.75694 1.05024 1.78217 2.75756 0.030407 0.00334278
252 2.515 0 0 0 6 4.93145 4.0793 1.81633 1.15594 1.5365 2.80236 0.0394385 0.00448811
253 2.525 2.9358e-06 8.59375e-08 0 6 4.76531 4.21934 1.88029 1.26624 1.30513 2.84071 0.0511808 0.00598629
254 2.535 1.85352e-05 6.32813e-07 0 6 4.60691 4.3558 1.94937 1.38149 1.09423 2.87312 0.0652242 0.0079107
255 2.545 5.0178e-05 2.125e-06 0 6 4.45227 4.48872 2.02451 1.50214 0.904276 2.90012 0.0830512 0.0103805
256 2.555 8.36718e-05 4.63281e-06 0 6 4.29768 4.61804 2.11334 1.62907 0.736987 2.92229 0.105089 0.0135302
257 2.565 0.000227854 1.15156e-05 0 6 4.13931 4.74356 2.23156 1.76415 0.592423 2.94026 0.131247 0.0174948
258 2.575 0.000624629 3.05313e-05 0 6 3.96854 4.86485 2.39066 1.91 0.469489 2.95461 0.162988 0.0224566
259 2.585 0.001247 6.87891e-05 0 6 3.78807 4.98152 2.61242 2.07061 0.367229 2.96592 0.199816 0.028587
260 2.595 0.00266129 0.00015107 0 6 3.58929 5.09293 2.90924 2.25085 0.283145 2.97471 0.243218 0.0361067
261 2.605 0.00550772 0.000322672 0 6 3.37941 5.19864 3.29712 2.45671 0.215877 2.98146 0.293869 0.0452627
262 2.615 0.010795 0.000661594 0 6 3.15335 5.29803 3.77083 2.69396 0.162258 2.98657 0.351366 0.0562942
263 2.625 0.0202879 0.00130344 0 6 2.9137 5.39057 4.31805 2.96771 0.119983 2.99038 0.417019 0.0694874
264 2.635 0.0362207 0.00245809 0 6 2.66456 5.47584 4.91772 3.28186 0.0881132 2.9932 0.490324 0.0851181
265 2.645 0.0618786 0.00444568 0 6 2.40829 5.5535 5.54218 3.6386 0.0639039 2.99526 0.572465 0.103506
266 2.655 0.102432 0.00776078 0 6 2.15127 5.6234 6.14804 4.03733 0.0459052 2.99676 0.66254 0.124949
267 2.665 0.161888 0.0130397 0 6 1.89967 5.68559 6.70317 4.47534 0.0326817 2.99783 0.758018 0.149666
268 2.675 0.248665 0.0212092 0 6 1.65647 5.74022 7.16613 4.94713 0.0233691 2.9986 0.861628 0.177974
269 2.685 0.365888 0.0333199 0 6 1.42791 5.78767 7.5075 5.4451 0.016866 2.99916 0.970721 0.210104
270 2.695 0.522658 0.0507488 0 6 1.21402 5.82831 7.70385 5.9599 0.0127229 2.99958 1.0826 0.246205
271 2.705 0.720844 0.0749652 0 6 1.01977 5.86271 7.75086 6.48169 0.0103787 2.99993 1.19843 0.286466
272 2.715 0.960223 0.107462 0 6 0.844579 5.8914 7.64931 7.00046 0.00952485 3.00026 1.31509 0.330973
273 2.725 1.2445 0.149891 0 6 0.690424 5.91503 7.41446 7.50702 0.0098786 3.0006 1.42815 0.379663
274 2.735 1.56732 0.203719 0 6 0.557313 5.93425 7.06801 7.99346 0.0113517 3.00099 1.53984 0.432547
275 2.745 1.91361 0.269921 0 6 0.444778 5.9497 6.63583 8.4535 0.0141385 3.00148 1.6459 0.489488
276 2.755 2.27012 0.34903 0 6 0.350362 5.96195 6.14893 8.88289 0.0183612 3.00212 1.74242 0.550207
277 2.765 2.62434 0.441148 0 6 0.272597 5.97156 5.63287 9.27911 0.024097 3.00297 1.83115 0.614483
278 2.775 2.94051 0.545112 0 6 0.208918 5.97897 5.10931 9.64111 0.0318095 3.0041 1.90319 0.681772
279 2.785 3.2117 0.659484 0 6 0.158501 5.98464 4.60343 9.96961 0.0415989 3.00559 1.96364 0.751699
280 2.795 3.41198 0.781862 0 6 0.118361 5.9889 4.11611 10.2655 0.0545457 3.00755 2.00852 0.823739
281 2.805 3.53546 0.909578 0 6 0.0872749 5.99207 3.66072 10.5305 0.0704276 3.0101 2.03392 0.897213
282 2.815 3.56319 1.03922 8.02104e-07 6 0.0637602 5.9944 3.23309 10.7662 0.090418 3.01341 2.04418 0.971585
283 2.825 3.49384 1.16723 7.4334e-07 6 0.0458389 5.99608 2.83709 10.9745 0.114544 3.01762 2.03669 1.04621
284 2.835 3.33735 1.29039 1.58165e-06 6 0.0325263 5.99729 2.46927 11.1571 0.143637 3.02294 2.01068 1.12041
285 2.845 3.11354 1.40609 3.29816e-06 6 0.022978 5.99814 2.13001 11.3157 0.178965 3.02962 1.96758 1.19353
286 2.855 2.82472 1.5118 1.47639e-05 6 0.015982 5.99875 1.81692 11.452 0.220303 3.03789 1.90737 1.26491
287 2.865 2.50298 1.60613 2.82897e-05 6 0.0109546 5.99916 1.52928 11.5675 0.26879 3.04806 1.83536 1.33408
288 2.875 2.15795 1.68802 5.44946e-05 6.00001 0.00741619 5.99944 1.26823 11.6639 0.324536 3.06043 1.74921 1.40046
289 2.885 1.81825 1.75751 0.00010014 6.00002 0.0049611 5.99963 1.03409 11.7431 0.388481 3.07533 1.65326 1.46364
290 2.895 1.49876 1.81518 0.000180142 6.00003 0.00331728 5.99976 0.827897 11.8069 0.460798 3.09313 1.55028 1.52329
291 2.905 1.2042 1.86184 0.000328534 6.00006 0.00220961 5.99985 0.651111 11.8575 0.541629 3.1142 1.44235 1.57918
292 2.915 0.947554 1.8988 0.000605643 6.0001 0.00143429 5.9999 0.502347 11.8968 0.629731 3.13887 1.32979 1.63106
293 2.925 0.729143 1.92745 0.00109718 6.00019 0.000905854 5.99994 0.378752 11.9266 0.725778 3.16749 1.21549 1.6788
294 2.935 0.546097 1.94904 0.00187666 6.00034 0.000592547 5.99996 0.280042 11.9488 0.828959 3.2004 1.10105 1.72235
295 2.945 0.399578 1.96496 0.00311858 6.00059 0.000383429 5.99998 0.202774 11.965 0.938731 3.23793 0.991083 1.76181
296 2.955 0.286006 1.97642 0.00507144 6.001 0.000220991 5.99999 0.143721 11.9765 1.0534 3.28033 0.885428 1.79731
297 2.965 0.199657 1.98448 0.00822827 6.00166 0.000137852 5.99999 0.099459 11.9845 1.17317 3.32786 0.786478 1.82906
298 2.975 0.135856 1.99 0.0130017 6.00272 7.99538e-05 6 0.0673743 11.99 1.29504 3.38069 0.69521 1.85731
299 2.985 0.0902938 1.9937 0.0199094 6.00436 4.64149e-05 6 0.0447687 11.9937 1.4178 3.43892 0.612971 1.88238
300 2.995 0.0586248 1.99611 0.0298518 6.00683 2.63595e-05 6 0.0289185 11.9961 1.53908 3.50256 0.541414 1.90468
301 3.005 0.0374235 1.99766 0.0437396 6.01047 1.72685e-05 6 0.0184004 11.9976 1.65604 3.57149 0.480186 1.92459
302 3.015 0.0230073 1.99862 0.0631739 6.01576 1.00687e-05 6 0.0115469 11.9986 1.76895 3.6456 0.429335 1.94251
303 3.025 0.0140228 1.99921 0.0887505 6.02325 5.92728e-06 6 0.00701238 11.9992 1.87405 3.72465 0.391393 1.95895
304 3.035 0.00832267 1.99956 0.122058 6.03361 3.22016e-06 6 0.00416983 11.9995 1.9683 3.80821 0.365794 1.97442
305 3.045 0.00465937 1.99976 0.164052 6.04764 2.01083e-06 6 0.00244963 11.9997 2.05089 3.89586 0.353029 1.98945
306 3.055 0.00268849 1.99988 0.215149 6.06615 1.45286e-06 6 0.00140321 11.9999 2.11804 3.98698 0.354424 2.00464
307 3.065 0.00138403 1.99994 0.276997 6.09013 6.31486e-07 6 0.000763559 11.9999 2.16929 4.08091 0.369199 2.02056
308 3.075 0.000808182 1.99997 0.349081 6.12056 8.96264e-07 6 0.00042153 12 2.20227 4.17689 0.398488 2.03786
309 3.085 0.000475763 1.99999 0.431329 6.15841 1.78093e-07 6 0.000229698 12 2.21712 4.27415 0.443706 2.05725
310 3.095 0.000472338 2.00001 0.521039 6.20442 4.42359e-07 6 0.000124768 12 2.21186 4.37181 0.503245 2.07938
311 3.105 0.000784168 2.00005 0.616663 6.25922 1.67015e-06 6 6.57479e-05 12 2.18742 4.46902 0.579265 2.10502
312 3.115 0.00136714 2.00011 0.714509 6.32314 1.83413e-06 6 3.54417e-05 12 2.14393 4.56491 0.669962 2.13487
313 3.125 0.00247286 2.00022 0.811206 6.39616 2.95057e-06 6 1.83902e-05 12 2.08464 4.65874 0.776062 2.16967
314 3.135 0.0047191 2.00043 0.904079 6.47808 4.13897e-06 6 8.33734e-06 12 2.00967 4.74978 0.898181 2.21019
315 3.145 0.00862941 2.00082 0.987562 6.56812 5.22655e-06 6 3.8632e-06 12 1.92103 4.83736 1.0352 2.25721
316 3.155 0.0154092 2.00153 1.05849 6.66525 7.91791e-06 6 6.39791e-07 12 1.82291 4.921 1.18384 2.31131
317 3.165 0.0266562 2.00275 1.11269 6.768 1.26056e-05 6 3.81453e-07 12 1.71939 5.00039 1.3446 2.37315
318 3.175 0.0447164 2.00482 1.14894 6.87477 2.26988e-05 6 0 12 1.61224 5.0753 1.51471 2.44326
319 3.185 0.0733567 2.00824 1.16609 6.98382 4.16042e-05 6 0 12 1.50574 5.1457 1.69151 2.52204
320 3.195 0.116503 2.0137 1.16618 7.09356 6.25974e-05 6.00001 0 12 1.40346 5.21174 1.87409 2.60987
321 3.205 0.179788 2.02218 1.14938 7.2024 8.76183e-05 6.00001 0 12 1.30761 5.27365 2.05386 2.70674
322 3.215 0.268519 2.03492 1.11814 7.30894 0.000146517 6.00002 0 12 1.22118 5.33183 2.232 2.81266
323 3.225 0.39222 2.05365 1.07995 7.41249 0.000230841 6.00003 0 12 1.14564 5.38675 2.40518 2.92751
324 3.235 0.556316 2.08038 1.0387 7.5127 0.000367568 6.00005 0 12 1.08424 5.43905 2.56709 3.05086
325 3.245 0.767132 2.11747 1.00382 7.61014 0.000567637 6.00008 0 12 1.0364 5.48935 2.71701 3.18221
326 3.255 1.03128 2.16764 0.98034 7.70589 0.000816917 6.00012 0 12 1.00346 5.53836 2.85157 3.32093
327 3.265 1.35103 2.23376 0.97766 7.80197 0.0012176 6.00017 0 12 0.985737 5.58679 2.96729 3.46616
328 3.275 1.72416 2.31867 1.00026 7.90087 0.00181353 6.00026 0 12 0.982158 5.63535 3.06583 3.61713
329 3.285 2.14919 2.42515 1.0554 8.00586 0.00267273 6.0004 0 12 0.991503 5.68467 3.14071 3.77274
330 3.295 2.61453 2.55548 1.14877 8.12084 0.0038043 6.00059 0 12 1.01056 5.73524 3.19499 3.93201
331 3.305 3.10691 2.71129 1.2807 8.24979 0.00542528 6.00086 3.10951e-07 12 1.03915 5.78756 3.22741 4.09386
332 3.315 3.61567 2.89372 1.45399 8.39709 0.00768001 6.00125 2.70443e-07 12 1.07397 5.84196 3.2412 4.2574
333 3.325 4.11393 3.10254 1.66795 8.56708 0.0107389 6.0018 1.92014e-07 12 1.11166 5.89861 3.23593 4.42165
334 3.335 4.58999 3.33693 1.9172 8.76366 0.0148917 6.00256 1.52691e-07 12 1.15038 5.95758 3.21758 4.58596
335 3.345 5.0236 3.595 2.19545 8.99011 0.0204836 6.00362 1.5178e-07 12 1.18774 6.01884 3.18456 4.74955
336 3.355 5.40995 3.87459 2.49252 9.24875 0.0277656 6.00506 4.14909e-07 12 1.2205 6.08216 3.14199 4.91193
337 3.365 5.73374 4.17267 2.79634 9.54064 0.0374788 6.00701 1.27484e-06 12 1.24796 6.14729 3.09273 5.07272
338 3.375 5.98151 4.48549 3.09474 9.8656 0.0502147 6.00965 2.16185e-06 12 1.26692 6.21381 3.04048 5.23173
339 3.385 6.1668 4.80991 3.37278 10.2219 0.0660344 6.01314 2.74195e-06 12 1.27689 6.28125 2.9882 5.38893
340 3.395 6.28307 5.14241 3.62181 10.6067 0.0864667 6.01773 7.62494e-06 12 1.27807 6.34915 2.93828 5.54442
341 3.405 6.3434 5.48008 3.82803 11.0158 0.111897 6.02371 1.64421e-05 12 1.2701 6.41702 2.8913 5.69833
342 3.415 6.34978 5.82007 3.98798 11.4446 0.143176 6.03141 3.50583e-05 12 1.25484 6.48447 2.85309 5.8511
343 3.425 6.30173 6.15947 4.08939 11.8868 0.18135 6.04121 5.76192e-05 12 1.23495 6.55125 2.82205 6.00309
344 3.435 6.21502 6.49616 4.1353 12.3366 0.228278 6.05363 0.000106005 12 1.21153 6.61714 2.79652 6.15458
345 3.445 6.077 6.8273 4.12111 12.7875 0.283782 6.06915 0.000179192 12 1.18696 6.68207 2.78208 6.30618
346 3.455 5.90716 7.15105 4.05375 13.2336 0.349305 6.08837 0.000319784 12.0001 1.16522 6.74618 2.77401 6.45821
347 3.465 5.69525 7.46499 3.93884 13.6695 0.425333 6.11191 0.000550236 12.0001 1.14756 6.80969 2.7717 6.611
348 3.475 5.43513 7.76633 3.78277 14.0906 0.513094 6.14047 0.000958292 12.0002 1.13754 6.873 2.77324 6.76475
349 3.485 5.13292 8.05255 3.59552 14.4932 0.612258 6.17474 0.00162101 12.0004 1.13698 6.93665 2.7803 6.91979
350 3.495 4.79185 8.32129 3.38286 14.8741 0.723182 6.21546 0.00265525 12.0007 1.14671 7.00121 2.78699 7.07609
351 3.505 4.42218 8.57072 3.15531 15.2314 0.845618 6.26334 0.00419368 12.0012 1.16762 7.06733 2.79057 7.23349
352 3.515 4.01873 8.79869 2.92012 15.564 0.977993 6.31904 0.00666339 12.002 1.19954 7.13564 2.79187 7.39186
353 3.525 3.59787 9.00394 2.67912 15.8709 1.12112 6.38325 0.0103073 12.0031 1.24087 7.20671 2.78443 7.55071
354 3.535 3.17166 9.18591 2.44109 16.1521 1.27171 6.4565 0.0155553 12.0049 1.28988 7.28101 2.76965 7.70962
355 3.545 2.7519 9.34469 2.20951 16.4081 1.42777 6.5392 0.0230414 12.0076 1.3438 7.35885 2.74043 7.86774
356 3.555 2.34548 9.48079 1.98282 16.6391 1.58612 6.6316 0.0334611 12.0115 1.39958 7.44038 2.70099 8.02446
357 3.565 1.95944 9.59513 1.76733 16.8462 1.74466 6.7338 0.0478308 12.0171 1.45296 7.52549 2.6484 8.179
358 3.575 1.60742 9.68945 1.56322 17.0304 1.89942 6.84569 0.0674723 12.025 1.5002 7.61387 2.57855 8.33031
359 3.585 1.29468 9.76585 1.37088 17.1928 2.0471 6.96696 0.0925236 12.0359 1.53803 7.70498 2.49486 8.47753
360 3.595 1.02338 9.82657 1.19118 17.3347 2.18443 7.09709 0.12542 12.0509 1.56401 7.79815 2.39771 8.6198
361 3.605 0.791689 9.87381 1.02501 17.4575 2.30756 7.23532 0.166477 12.0708 1.57607 7.89256 2.28759 8.7563
362 3.615 0.6008 9.90986 0.872086 17.5626 2.4119 7.3806 0.217503 12.0969 1.57104 7.98719 2.16651 8.88629
363 3.625 0.445892 9.93676 0.733897 17.6515 2.49624 7.53179 0.279578 12.1307 1.54925 8.08103 2.03714 9.00919
364 3.635 0.324506 9.95645 0.610301 17.7258 2.55806 7.68759 0.352765 12.1736 1.51148 8.17308 1.89977 9.12444
365 3.645 0.231117 9.97054 0.499958 17.787 2.59455 7.84648 0.439067 12.2273 1.45883 8.26242 1.75583 9.23155
366 3.655 0.162356 9.9805 0.4046 17.8369 2.60543 8.00691 0.538204 12.2934 1.39326 8.34821 1.61033 9.33032
367 3.665 0.11074 9.98733 0.322116 17.8767 2.58922 8.16721 0.649441 12.3737 1.31729 8.42977 1.46461 9.42064
368 3.675 0.0739364 9.99192 0.253103 17.9083 2.54865 8.32587 0.772876 12.4697 1.23454 8.50662 1.32208 9.50262
369 3.685 0.0482358 9.99492 0.195861 17.9328 2.48272 8.48127 0.906343 12.583 1.14761 8.57845 1.18332 9.5764
370 3.695 0.0312559 9.99688 0.14856 17.9515 2.39368 8.6319 1.04888 12.7147 1.05908 8.6451 1.05056 9.64225
371 3.705 0.0196441 9.99812 0.111165 17.9655 2.28496 8.77647 1.1977 12.866 0.973383 8.70668 0.925849 9.7006
372 3.715 0.012177 9.99889 0.0814699 17.9759 2.16017 8.91389 1.34751 13.0371 0.891463 8.76339 0.80964 9.75191
373 3.725 0.00730801 9.99936 0.0590115 17.9834 2.02027 9.0431 1.49503 13.2279 0.816531 8.81562 0.702969 9.79669
374 3.735 0.00429283 9.99963 0.0417651 17.9888 1.87182 9.16346 1.63461 13.4377 0.749774 8.86383 0.607641 9.83561
375 3.745 0.0025186 9.99979 0.0290589 17.9926 1.71501 9.27433 1.76291 13.6652 0.692282 8.90858 0.523564 9.86932
376 3.755 0.0014221 9.99989 0.0198293 17.9952 1.55695 9.37552 1.87473 13.9084 0.644693 8.95048 0.451078 9.89852
377 3.765 0.000811471 9.99994 0.0133223 17.9969 1.39974 9.46697 1.9645 14.1646 0.606697 8.99012 0.388937 9.92384
378 3.775 0.000441321 9.99997 0.00880044 17.9981 1.24551 9.54878 2.02863 14.4306 0.57884 9.02814 0.336628 9.94586
379 3.785 0.000239925 9.99998 0.00563556 17.9988 1.0958 9.62114 2.06481 14.7028 0.560205 9.06513 0.294622 9.96524
380 3.795 0.000119095 9.99999 0.00357081 17.9993 0.955335 9.68456 2.07151 14.9773 0.549866 9.10163 0.261452 9.98253
381 3.805 6.85197e-05 10 0.00220496 17.9996 0.824624 9.73959 2.04908 15.2502 0.547089 9.13814 0.235994 9.99822
382 3.815 7.40067e-05 10 0.0013293 17.9997 0.70447 9.78685 1.9982 15.5178 0.550907 9.1751 0.218145 10.0128
383 3.825 8.47854e-05 10 0.000803328 17.9999 0.595661 9.82702 1.92206 15.7765 0.559924 9.21286 0.206449 10.0267
384 3.835 0.00014011 10 0.000475044 17.9999 0.499155 9.86086 1.82568 16.0236 0.572703 9.25168 0.200406 10.0402
385 3.845 0.000263917 10 0.000281717 18 0.413728 9.88905 1.7135 16.2566 0.588303 9.29177 0.199004 10.0537
386 3.855 0.000420331 10.0001 0.000164493 18 0.339725 9.91232 1.58842 16.4738 0.605285 9.33323 0.201153 10.0674
387 3.865 0.000739952 10.0001 8.9296e-05 18 0.275632 9.9313 1.4574 16.6741 0.622931 9.37613 0.206454 10.0816
388 3.875 0.0012845 10.0002 4.38817e-05 18 0.221585 9.94663 1.32284 16.8569 0.639284 9.42037 0.213406 10.0963
389 3.885 0.00194993 10.0003 2.30212e-05 18 0.176623 9.95892 1.19005 17.0221 0.654346 9.46589 0.222441 10.1117
390 3.895 0.00321935 10.0006 1.29878e-05 18 0.13907 9.96865 1.06152 17.1703 0.667001 9.51253 0.232642 10.1279
391 3.905 0.00499196 10.0009 1.0865e-05 18 0.108772 9.97629 0.938326 17.302 0.676635 9.56009 0.244314 10.145
392 3.915 0.00785806 10.0015 1.5703e-05 18 0.0840169 9.98223 0.822617 17.418 0.683971 9.60841 0.256511 10.1631
393 3.925 0.0120568 10.0023 2.09041e-05 18 0.0644658 9.98681 0.715959 17.5194 0.688714 9.65732 0.269071 10.1821
394 3.935 0.0180834 10.0036 4.22253e-05 18 0.0488382 9.99029 0.617334 17.6074 0.690725 9.70662 0.282209 10.2022
395 3.945 0.0265059 10.0055 7.99934e-05 18 0.0366383 9.99292 0.52897 17.6831 0.691448 9.75622 0.295309 10.2233
396 3.955 0.0382361 10.0082 0.000146365 18 0.0271134 9.99487 0.44971 17.7479 0.691827 9.8061 0.309265 10.2455
397 3.965 0.0543683 10.0122 0.000269532 18.0001 0.0200295 9.99633 0.380396 17.8029 0.692537 9.85628 0.323978 10.2689
398 3.975 0.0756866 10.0177 0.00049881 18.0002 0.0146182 9.99739 0.320736 17.8495 0.693887 9.90682 0.339587 10.2935
399 3.985 0.10343 10.0252 0.000897654 18.0003 0.0105326 9.99816 0.272315 17.8893 0.698009 9.95791 0.355898 10.3194
400 3.995 0.139352 10.0354 0.00157914 18.0005 0.00751102 9.99871 0.235103 17.9238 0.704119 10.0097 0.372692 10.3468
401 4.005 0.183913 10.049 0.00266048 18.0009 0.00533263 9.99911 0.209639 17.9548 0.71359 10.0625 0.391272 10.3756
402 4.015 0.238671 10.0666 0.00444705 18.0016 0.00375097 9.99939 0.196292 17.9839 0.726802 10.1165 0.411196 10.406
403 4.025 0.303954 10.0892 0.00715612 18.0026 0.00263204 9.99958 0.195732 18.013 0.743055 10.172 0.43153 10.4381
404 4.035 0.380057 10.1176 0.0112903 18.0043 0.00182287 9.99972 0.208133 18.0442 0.762089 10.2291 0.453698 10.472
405 4.045 0.466705 10.1527 0.0174084 18.007 0.0012277 9.99981 0.234126 18.0795 0.783817 10.2883 0.475516 10.5077
406 4.055 0.562799 10.1952 0.0264658 18.011 0.000828455 9.99988 0.272308 18.1207 0.806805 10.3494 0.498386 10.5454
407 4.065 0.664322 10.2456 0.0395421 18.017 0.000549076 9.99992 0.322105 18.1696 0.830101 10.4126 0.521111 10.5849
408 4.075 0.772285 10.3045 0.0578013 18.0258 0.000371742 9.99995 0.381361 18.2279 0.85401 10.478 0.54333 10.6263
409 4.085 0.882763 10.3721 0.082653 18.0386 0.000243264 9.99996 0.447175 18.2966 0.876448 10.5454 0.56567 10.6697
410 4.095 0.989271 10.4483 0.115556 18.0564 0.000163946 9.99998 0.517205 18.3763 0.897566 10.6148 0.586126 10.7148
411 4.105 1.08806 10.5324 0.158641 18.0811 0.000102294 9.99999 0.585862 18.4672 0.916567 10.686 0.603855 10.7615
412 4.115 1.17569 10.6238 0.213582 18.1144 6.59132e-05 9.99999 0.649886 18.5684 0.933301 10.7588 0.618887 10.8096
413 4.125 1.24896 10.7214 0.282389 18.1587 4.16375e-05 9.99999 0.705298 18.6788 0.94691 10.8331 0.630752 10.8589
414 4.135 1.30433 10.8238 0.366461 18.2165 2.7459e-05 10 0.74744 18.7964 0.95757 10.9086 0.638822 10.9091
415 4.145 1.33521 10.9291 0.466252 18.2903 2.11609e-05 10 0.774653 18.9189 0.965346 10.985 0.643479 10.9598
416 4.155 1.34287 11.0356 0.583121 18.3831 1.10941e-05 10 0.782404 19.0432 0.970691 11.0622 0.643496 11.0108
417 4.165 1.32876 11.1414 0.716899 18.4978 8.59823e-06 10 0.772109 19.1664 0.972868 11.14 0.639545 11.0618
418 4.175 1.28995 11.2446 0.865718 18.6369 8.02227e-06 10 0.743209 19.2856 0.972024 11.2181 0.631802 11.1123
419 4.185 1.23063 11.3436 1.02884 18.803 7.25817e-06 10 0.69836 19.3981 0.968834 11.2963 0.619957 11.1622
420 4.195 1.1536 11.4368 1.20394 18.9983 8.57201e-06 10 0.639953 19.5017 0.963823 11.3745 0.604371 11.211
421 4.205 1.06349 11.5231 1.38839 19.2246 1.55768e-05 10 0.572891 19.5949 0.956441 11.4525 0.585425 11.2585
422 4.215 0.961121 11.6015 1.57614 19.4827 2.58065e-05 10 0.500822 19.6768 0.947557 11.5301 0.564401 11.3046
423 4.225 0.853833 11.6715 1.76379 19.773 4.40576e-05 10 0.427534 19.747 0.936825 11.6071 0.540397 11.3489
424 4.235 0.746907 11.733 1.95136 20.0956 7.05944e-05 10 0.356669 19.8059 0.925392 11.6836 0.516769 11.3914
425 4.245 0.641031 11.7861 2.13285 20.4499 0.000118562 10 0.290656 19.8541 0.913144 11.7595 0.490855 11.432
426 4.255 0.541018 11.831 2.30461 20.8346 0.000188359 10 0.231966 19.8927 0.899816 11.8346 0.464682 11.4706
427 4.265 0.448615 11.8685 2.46547 21.248 0.000303671 10.0001 0.181495 19.9231 0.885829 11.9089 0.438498 11.5073
428 4.275 0.365841 11.8992 2.61411 21.6884 0.000483936 10.0001 0.140003 19.9466 0.871335 11.9823 0.413639 11.542
429 4.285 0.292632 11.9239 2.74857 22.1537 0.000760691 10.0002 0.107951 19.9648 0.856697 12.0548 0.389092 11.5748
430 4.295 0.229821 11.9433 2.87164 22.642 0.00116961 10.0003 0.0854432 19.9793 0.841967 12.1263 0.366133 11.6058
431 4.305 0.177747 11.9585 2.98109 23.1513 0.00174497 10.0004 0.0722913 19.9917 0.827 12.197 0.345289 11.6352
432 4.315 0.135004 11.97 3.07479 23.6791 0.00256688 10.0006 0.0681929 20.0034 0.812245 12.2667 0.325764 11.663
433 4.325 0.100816 11.9787 3.153 24.2228 0.00387365 10.001 0.0736518 20.016 0.797467 12.3355 0.307979 11.6895
434 4.335 0.0743976 11.9851 3.21958 24.7805 0.00564787 10.0015 0.0891264 20.0314 0.783239 12.4033 0.292172 11.7147
435 4.345 0.0538626 11.9897 3.26817 25.3493 0.00807701 10.0022 0.116135 20.0516 0.770058 12.4703 0.277669 11.7387
436 4.355 0.0383 11.9931 3.2985 25.926 0.0114307 10.0032 0.155166 20.0787 0.757917 12.5366 0.265337 11.7618
437 4.365 0.0267365 11.9954 3.30837 26.5071 0.016089 10.0046 0.208018 20.1152 0.747837 12.6022 0.254151 11.7841
438 4.375 0.0184622 11.997 3.299 27.0892 0.0222691 10.0065 0.275821 20.1637 0.740536 12.6676 0.245425 11.8056
439 4.385 0.0129007 11.9982 3.26303 27.6676 0.0303802 10.0092 0.358194 20.2271 0.736737 12.7329 0.238509 11.8267
440 4.395 0.00931296 11.999 3.20467 28.2382 0.0408833 10.0129 0.454794 20.3079 0.737791 12.7986 0.2331 11.8474
441 4.405 0.00716434 11.9996 3.12547 28.7973 0.0544329 10.0177 0.564906 20.4088 0.744263 12.8651 0.22951 11.8678
442 4.415 0.0065823 12.0002 3.02452 29.3408 0.0715443 10.0242 0.684359 20.5315 0.756698 12.9331 0.228256 11.8883
443 4.425 0.00730907 12.0009 2.90661 29.8655 0.0929117 10.0326 0.809674 20.6774 0.776062 13.0032 0.22972 11.9089
444 4.435 0.00954661 12.0018 2.7766 30.3689 0.119143 10.0434 0.935473 20.8467 0.802342 13.0759 0.233105 11.93
445 4.445 0.0133949 12.003 2.63768 30.8493 0.151221 10.0571 1.05408 21.0383 0.83605 13.152 0.239064 11.9516
446 4.455 0.0191011 12.0047 2.49519 31.3059 0.189689 10.0745 1.1598 21.2501 0.877068 13.2323 0.248452 11.9743
447 4.465 0.0278662 12.0073 2.35194 31.7381 0.235377 10.0961 1.24673 21.4787 0.924721 13.3172 0.260552 11.9981
448 4.475 0.0399436 12.0109 2.21139 32.1464 0.288545 10.1227 1.30873 21.7199 0.977993 13.4075 0.276087 12.0235
449 4.485 0.0570951 12.0162 2.07627 32.5314 0.349534 10.1552 1.34325 21.9685 1.03618 13.5036 0.295368 12.0508
450 4.495 0.0793597 12.0236 1.94635 32.8939 0.419956 10.1943 1.34901 22.2192 1.09792 13.6058 0.317633 12.0803
451 4.505 0.10852 12.0337 1.82268 33.2349 0.498924 10.2409 1.32773 22.4672 1.16136 13.7145 0.343223 12.1122
452 4.515 0.145481 12.0473 1.70158 33.5547 0.586154 10.296 1.28137 22.7075 1.22481 13.8296 0.371565 12.147
453 4.525 0.191461 12.0653 1.5841 33.8537 0.683832 10.3606 1.21595 22.9366 1.28728 13.9511 0.403826 12.185
454 4.535 0.246111 12.0885 1.467 34.1318 0.789218 10.4354 1.13858 23.152 1.34621 14.0787 0.437703 12.2263
455 4.545 0.310657 12.118 1.34971 34.3888 0.902 10.5212 1.05502 23.3525 1.39987 14.212 0.473768 12.2712
456 4.555 0.385116 12.1547 1.23188 34.6244 1.02126 10.6189 0.973928 23.5384 1.44687 14.3503 0.511417 12.32
457 4.565 0.469031 12.1996 1.11329 34.8383 1.14599 10.729 0.900021 23.711 1.48536 14.493 0.549386 12.3725
458 4.575 0.558767 12.2533 0.995795 35.0305 1.27491 10.852 0.841408 23.873 1.51547 14.6392 0.587063 12.4289
459 4.585 0.651704 12.3162 0.878297 35.2007 1.40555 10.9882 0.798864 24.0276 1.53463 14.7879 0.62341 12.4891
460 4.595 0.746693 12.3885 0.764965 35.3496 1.53706 11.1378 0.775073 24.1781 1.54301 14.9381 0.6581 12.5529
461 4.605 0.838587 12.4702 0.6566 35.4779 1.66571 11.3006 0.771974 24.3287 1.54017 15.0886 0.689416 12.62
462 4.615 0.922846 12.5604 0.554678 35.5868 1.79166 11.4765 0.787811 24.4831 1.52514 15.2383 0.717463 12.6902
463 4.625 0.996904 12.6583 0.461717 35.6779 1.91007 11.6648 0.822059 24.6449 1.49887 15.3861 0.741057 12.763
464 4.635 1.0553 12.7624 0.377435 35.7526 2.02048 11.8649 0.874346 24.8177 1.46108 15.5308 0.759735 12.8379
465 4.645 1.09696 12.8711 0.303394 35.813 2.12033 12.0757 0.943036 25.0049 1.41326 15.6713 0.773822 12.9146
466 4.655 1.115 12.982 0.23935 35.8608 2.20776 12.2962 1.02712 25.2097 1.35573 15.8068 0.782285 12.9924
467 4.665 1.11398 13.0933 0.185681 35.898 2.28178 12.5251 1.13044 25.436 1.29021 15.9362 0.785677 13.0709
468 4.675 1.09144 13.2029 0.141395 35.9265 2.33994 12.7608 1.25078 25.6875 1.21736 16.0588 0.784549 13.1496
469 4.685 1.04771 13.3084 0.105904 35.9479 2.38239 13.0019 1.39077 25.9684 1.13994 16.1741 0.778899 13.2281
470 4.695 0.987691 13.4084 0.0778546 35.9638 2.40832 13.2466 1.5503 26.2828 1.05894 16.2817 0.768821 13.3059
471 4.705 0.911597 13.501 0.0560004 35.9752 2.41715 13.4932 1.73061 26.6353 0.976313 16.3814 0.75552 13.3827
472 4.715 0.826176 13.5854 0.03957 35.9833 2.40874 13.74 1.92737 27.0295 0.89388 16.4729 0.739864 13.4582
473 4.725 0.734394 13.6607 0.0274515 35.989 2.38496 13.9854 2.14045 27.4692 0.814849 16.5568 0.722326 13.5323
474 4.735 0.640505 13.7266 0.0187051 35.9928 2.34696 14.228 2.36265 27.9566 0.739778 16.6332 0.704322 13.6048
475 4.745 0.546617 13.7831 0.0125113 35.9954 2.2956 14.4662 2.58613 28.4923 0.670999 16.7029 0.687359 13.6758
476 4.755 0.458528 13.8307 0.00819217 35.9971 2.23145 14.6988 2.80318 29.0754 0.61002 16.7665 0.670461 13.7454
477 4.765 0.379299 13.8702 0.00525614 35.9982 2.15846 14.9247 3.00303 29.7027 0.558775 16.8249 0.655512 13.8138
478 4.775 0.308739 13.9025 0.00335085 35.9989 2.0768 15.1429 3.17845 30.3695 0.517225 16.8793 0.643358 13.8811
479 4.785 0.249017 13.9287 0.00203383 35.9994 1.98813 15.3527 3.31829 31.0685 0.487236 16.9307 0.634032 13.9478
480 4.795 0.200467 13.9499 0.00123225 35.9996 1.89566 15.5536 3.41846 31.7917 0.468583 16.9804 0.62887 14.0141
481 4.805 0.16317 13.9672 0.00076806 35.9998 1.79954 15.7451 3.47633 32.5301 0.461917 17.0295 0.627756 14.0807
482 4.815 0.138868 13.982 0.000450692 35.9999 1.70323 15.9272 3.48975 33.2745 0.467027 17.0794 0.630779 14.1478
483 4.825 0.126272 13.9955 0.000256729 35.9999 1.60655 16.0996 3.46536 34.0168 0.482805 17.1312 0.638285 14.2161
484 4.835 0.12661 14.0091 0.000152368 36 1.51082 16.2623 3.40537 34.7492 0.508704 17.1861 0.649938 14.2858
485 4.845 0.139741 14.0241 8.61229e-05 36 1.41808 16.4158 3.31873 35.466 0.543917 17.2449 0.666257 14.3576
486 4.855 0.166346 14.0421 6.06186e-05 36 1.32797 16.5601 3.21259 36.1627 0.586496 17.3086 0.687133 14.432
487 4.865 0.20874 14.0648 6.56511e-05 36 1.24054 16.6954 3.09747 36.8372 0.635213 17.3779 0.712195 14.5094
488 4.875 0.268327 14.0941 8.81329e-05 36 1.15571 16.822 2.98077 37.489 0.688141 17.4533 0.741334 14.5903
489 4.885 0.344901 14.1319 0.000148714 36.0001 1.07584 16.9403 2.87192 38.1195 0.743058 17.535 0.774732 14.6751
490 4.895 0.438856 14.1801 0.000268397 36.0001 0.99885 17.0506 2.77776 38.7319 0.798149 17.6232 0.811572 14.7644
491 4.905 0.549385 14.2408 0.000480907 36.0002 0.9263 17.1534 2.70077 39.3297 0.85151 17.7176 0.852717 14.8586
492 4.915 0.678023 14.316 0.000848694 36.0004 0.856817 17.2488 2.64322 39.9172 0.901382 17.818 0.895778 14.958
493 4.925 0.821825 14.4076 0.00144965 36.0007 0.791763 17.3373 2.60843 40.4993 0.94557 17.9237 0.94179 15.0629
494 4.935 0.978048 14.5169 0.00247209 36.0013 0.730442 17.4193 2.59182 41.0801 0.983761 18.0341 0.990141 15.1736
495 4.945 1.13996 14.6449 0.00409066 36.0022 0.673024 17.4951 2.59272 41.6634 1.0134 18.1484 1.04054 15.2904
496 4.955 1.30362 14.7919 0.00666421 36.0037 0.620049 17.5653 2.60351 42.2515 1.03515 18.2655 1.09287 15.4136
497 4.965 1.46264 14.9574 0.0106414 36.0061 0.571697 17.6303 2.61681 42.845 1.04796 18.3846 1.14562 15.5433
498 4.975 1.6109 15.1405 0.0165072 36.0099 0.528449 17.6906 2.62696 43.4432 1.05148 18.5045 1.19919 15.6795
499 4.985 1.73854 15.3388 0.0249859 36.0156 0.490484 17.7467 2.62653 44.0437 1.04581 18.6243 1.25318 15.8225
500 4.995 1.841 15.5497 0.0372502 36.0242 0.459403 17.7996 2.60554 44.6418 1.03234 18.743 1.30781 15.9723
