# Time-averaged data for fix rdf_p
# TimeStep Number-of-rows
# Row c_rdf_p[1] c_rdf_p[2] c_rdf_p[3] c_rdf_p[4] c_rdf_p[5] c_rdf_p[6] c_rdf_p[7] c_rdf_p[8] c_rdf_p[9] c_rdf_p[10] c_rdf_p[11] c_rdf_p[12] c_rdf_p[13]
1000000 500
1 0.005 0 0 0 0 0 0 0 0 0 0 0 0
2 0.015 0 0 0 0 0 0 0 0 0 0 0 0
3 0.025 0 0 0 0 0 0 0 0 0 0 0 0
4 0.035 0 0 0 0 0 0 0 0 0 0 0 0
5 0.045 0 0 0 0 0 0 0 0 0 0 0 0
6 0.055 0 0 0 0 0 0 0 0 0 0 0 0
7 0.065 0 0 0 0 0 0 0 0 0 0 0 0
8 0.075 0 0 0 0 0 0 0 0 0 0 0 0
9 0.085 0 0 0 0 0 0 0 0 0 0 0 0
10 0.095 0 0 0 0 0 0 0 0 0 0 0 0
11 0.105 0 0 0 0 0 0 0 0 0 0 0 0
12 0.115 0 0 0 0 0 0 0 0 0 0 0 0
13 0.125 0 0 0 0 0 0 0 0 0 0 0 0
14 0.135 0 0 0 0 0 0 0 0 0 0 0 0
15 0.145 0 0 0 0 0 0 0 0 0 0 0 0
16 0.155 0 0 0 0 0 0 0 0 0 0 0 0
17 0.165 0 0 0 0 0 0 0 0 0 0 0 0
18 0.175 0 0 0 0 0 0 0 0 0 0 0 0
19 0.185 0 0 0 0 0 0 0 0 0 0 0 0
20 0.195 0 0 0 0 0 0 0 0 0 0 0 0
21 0.205 0 0 0 0 0 0 0 0 0 0 0 0
22 0.215 0 0 0 0 0 0 0 0 0 0 0 0
23 0.225 0 0 0 0 0 0 0 0 0 0 0 0
24 0.235 0 0 0 0 0 0 0 0 0 0 0 0
25 0.245 0 0 0 0 0 0 0 0 0 0 0 0
26 0.255 0 0 0 0 0 0 0 0 0 0 0 0
27 0.265 0 0 0 0 0 0 0 0 0 0 0 0
28 0.275 0 0 0 0 0 0 0 0 0 0 0 0
29 0.285 0 0 0 0 0 0 0 0 0 0 0 0
30 0.295 0 0 0 0 0 0 0 0 0 0 0 0
31 0.305 0 0 0 0 0 0 0 0 0 0 0 0
32 0.315 0 0 0 0 0 0 0 0 0 0 0 0
33 0.325 0 0 0 0 0 0 0 0 0 0 0 0
34 0.335 0 0 0 0 0 0 0 0 0 0 0 0
35 0.345 0 0 0 0 0 0 0 0 0 0 0 0
36 0.355 0 0 0 0 0 0 0 0 0 0 0 0
37 0.365 0 0 0 0 0 0 0 0 0 0 0 0
38 0.375 0 0 0 0 0 0 0 0 0 0 0 0
39 0.385 0 0 0 0 0 0 0 0 0 0 0 0
40 0.395 0 0 0 0 0 0 0 0 0 0 0 0
41 0.405 0 0 0 0 0 0 0 0 0 0 0 0
42 0.415 0 0 0 0 0 0 0 0 0 0 0 0
43 0.425 0 0 0 0 0 0 0 0 0 0 0 0
44 0.435 0 0 0 0 0 0 0 0 0 0 0 0
45 0.445 0 0 0 0 0 0 0 0 0 0 0 0
46 0.455 0 0 0 0 0 0 0 0 0 0 0 0
47 0.465 0 0 0 0 0 0 0 0 0 0 0 0
48 0.475 0 0 0 0 0 0 0 0 0 0 0 0
49 0.485 0 0 0 0 0 0 0 0 0 0 0 0
50 0.495 0 0 0 0 0 0 0 0 0 0 0 0
51 0.505 0 0 0 0 0 0 0 0 0 0 0 0
52 0.515 0 0 0 0 0 0 0 0 0 0 0 0
53 0.525 0 0 0 0 0 0 0 0 0 0 0 0
54 0.535 0 0 0 0 0 0 0 0 0 0 0 0
55 0.545 0 0 0 0 0 0 0 0 0 0 0 0
56 0.555 0 0 0 0 0 0 0 0 0 0 0 0
57 0.565 0 0 0 0 0 0 0 0 0 0 0 0
58 0.575 0 0 0 0 0 0 0 0 0 0 0 0
59 0.585 0 0 0 0 0 0 0 0 0 0 0 0
60 0.595 0 0 0 0 0 0 0 0 0 0 0 0
61 0.605 0 0 0 0 0 0 0 0 0 0 0 0
62 0.615 0 0 0 0 0 0 0 0 0 0 0 0
63 0.625 0 0 0 0 0 0 0 0 0 0 0 0
64 0.635 0 0 0 0 0 0 0 0 0 0 0 0
65 0.645 0 0 0 0 0 0 0 0 0 0 0 0
66 0.655 0 0 0 0 0 0 0 0 0 0 0 0
67 0.665 0 0 0 0 0 0 0 0 0 0 0 0
68 0.675 0 0 0 0 0 0 0 0 0 0 0 0
69 0.685 0 0 0 0 0 0 0 0 0 0 0 0
70 0.695 0 0 0 0 0 0 0 0 0 0 0 0
71 0.705 0 0 0 0 0 0 0 0 0 0 0 0
72 0.715 0 0 0 0 0 0 0 0 0 0 0 0
73 0.725 0 0 0 0 0 0 0 0 0 0 0 0
74 0.735 0 0 0 0 0 0 0 0 0 0 0 0
75 0.745 0 0 0 0 0 0 0 0 0 0 0 0
76 0.755 0 0 0 0 0 0 0 0 0 0 0 0
77 0.765 0 0 0 0 0 0 0 0 0 0 0 0
78 0.775 0 0 0 0 0 0 0 0 0 0 0 0
79 0.785 0 0 0 0 0 0 0 0 0 0 0 0
80 0.795 0 0 0 0 0 0 0 0 0 0 0 0
81 0.805 0 0 0 0 0 0 0 0 0 0 0 0
82 0.815 0 0 0 0 0 0 0 0 0 0 0 0
83 0.825 0 0 0 0 0 0 0 0 0 0 0 0
84 0.835 0 0 0 0 0 0 0 0 0 0 0 0
85 0.845 0 0 0 0 0 0 0 0 0 0 0 0
86 0.855 0 0 0 0 0 0 0 0 0 0 0 0
87 0.865 0 0 0 0 0 0 0 0 0 0 0 0
88 0.875 0 0 0 0 0 0 0 0 0 0 0 0
89 0.885 0 0 0 0 0 0 0 0 0 0 0 0
90 0.895 0 0 0 0 0 0 0 0 5.06005e-07 1.95312e-09 0 0
91 0.905 0 0 0 0 0 0 0 0 1.08874e-05 4.49219e-08 0 0
92 0.915 0 0 0 0 0 0 0 0 9.5857e-05 4.31641e-07 0 0
93 0.925 0 0 0 0 0 0 0 0 0.000579354 2.82031e-06 0 0
94 0.935 0 0 0 0 0 0 0 0 0.00272804 1.43125e-05 0 0
95 0.945 0 0 0 0 0 0 0 0 0.0101178 5.78516e-05 0 0
96 0.955 0 0 0 0 0 0 0 0 0.03272 0.000201648 0 0
97 0.965 0 0 0 0 0 0 0 0 0.090222 0.0006065 0 0
98 0.975 0 0 0 0 0 0 0 0 0.213453 0.00158428 0 0
99 0.985 0 0 0 0 0 0 0 0 0.445295 0.00366613 0 0
100 0.995 0 0 0 0 0 0 0 0 0.823191 0.00759326 0 0
101 1.005 0 0 0 0 0 0 0 0 1.36916 0.014257 0 0
102 1.015 0 0 0 0 0 0 0 0 2.06101 0.0244885 0 0
103 1.025 0 0 0 0 0 0 0 0 2.84924 0.0389131 0 0
104 1.035 0 0 0 0 0 0 0 0 3.65276 0.0577683 0 0
105 1.045 0 0 0 0 0 0 0 0 4.39163 0.0808776 0 0
106 1.055 0 0 0 0 0 0 0 0 4.98101 0.107592 0 0
107 1.065 0 0 0 0 0 0 0 0 5.39072 0.137055 0 0
108 1.075 0 0 0 0 0 0 0 0 5.61391 0.168317 0 0
109 1.085 0 0 0 0 0 0 0 0 5.66418 0.200448 0 0
110 1.095 0 0 0 0 0 0 0 0 5.58509 0.232717 0 0
111 1.105 0 0 0 0 0 0 0 0 5.40474 0.264517 0 0
112 1.115 0 0 0 0 0 0 0 0 5.16683 0.29547 0 0
113 1.125 0 0 0 0 0 0 0 0 4.89657 0.325332 0 0
114 1.135 0 0 0 0 0 0 0 0 4.62496 0.354042 0 0
115 1.145 0 0 0 0 0 0 0 0 4.36824 0.381638 0 0
116 1.155 0 0 0 0 0 0 0 0 4.13499 0.408218 0 0
117 1.165 0 0 0 0 0 0 0 0 3.92611 0.433895 0 0
118 1.175 0 0 0 0 0 0 0 0 3.74338 0.458799 0 0
119 1.185 0 0 0 0 0 0 0 0 3.58608 0.483064 0 0
120 1.195 0 0 0 0 0 0 0 0 3.45245 0.506821 0 0
121 1.205 0 0 0 0 0 0 0 0 3.34318 0.530213 0 0
122 1.215 0 0 0 0 0 0 0 0 3.24655 0.553307 0 0
123 1.225 0 0 0 0 0 0 0 0 3.17042 0.576233 0 0
124 1.235 0 0 0 0 0 0 0 0 3.10243 0.599034 0 0
125 1.245 0 0 0 0 0 0 0 0 3.04545 0.621781 0 0
126 1.255 0 0 0 0 0 0 0 0 2.99941 0.644545 0 0
127 1.265 0 0 0 0 0 0 0 0 2.95644 0.667342 0 0
128 1.275 0 0 0 0 0 0 0 0 2.91193 0.690152 0 0
129 1.285 0 0 0 0 0 0 0 0 2.86729 0.712966 0 0
130 1.295 0 0 0 0 0 0 0 0 2.8165 0.735726 0 0
131 1.305 0 0 0 0 0 0 0 0 2.75488 0.758334 0 0
132 1.315 0 0 0 0 0 0 0 0 2.68053 0.78067 0 0
133 1.325 0 0 0 0 0 0 0 0 2.58642 0.80255 0 0
134 1.335 0 0 0 0 0 0 0 0 2.47403 0.823797 0 0
135 1.345 0 0 0 0 0 0 0 0 2.3456 0.844244 0 0
136 1.355 0 0 0 0 0 0 0 0 2.20258 0.86373 0 0
137 1.365 0 0 0 0 0 0 0 0 2.04263 0.88207 0 0
138 1.375 0 0 0 0 0 0 0 0 1.87196 0.899124 0 0
139 1.385 0 0 0 0 0 0 0 0 1.69105 0.914755 0 0
140 1.395 0 0 0 0 0 0 0 0 1.50605 0.928877 0 0
141 1.405 0 0 0 0 0 0 0 0 1.32152 0.941448 0 0
142 1.415 0 0 0 0 0 0 0 0 1.13864 0.952433 0 0
143 1.425 0 0 0 0 0 0 0 0 0.967284 0.961898 0 0
144 1.435 0 0 0 0 0 0 0 0 0.807169 0.969907 0 0
145 1.445 0 0 0 0 0 0 0 0 0.662245 0.976571 0 0
146 1.455 0 0 0 0 0 0 0 0 0.5346 0.982024 0 0
147 1.465 0 0 0 0 0 0 0 0 0.424087 0.98641 0 0
148 1.475 0 0 0 0 0 0 0 0 0.330679 0.989877 0 0
149 1.485 0 0 0 0 0 0 0 0 0.253095 0.992566 0 0
150 1.495 0 0 0 0 0 0 0 0 0.190997 0.994623 0 0
151 1.505 0 0 0 0 0 0 0 0 0.141167 0.996164 0 0
152 1.515 0 0 0 0 0 0 0 0 0.103018 0.997303 0 0
153 1.525 0 0 0 0 0 0 0 0 0.0740458 0.998133 0 0
154 1.535 0 0 0 0 0 0 0 0 0.0520428 0.998724 0 0
155 1.545 0 0 0 0 0 0 0 0 0.0364741 0.999144 0 0
156 1.555 0 0 0 0 0 0 0 0 0.0250288 0.999435 0 0
157 1.565 0 0 0 0 0 0 0 0 0.0167111 0.999632 0 0
158 1.575 0 0 0 0 0 0 0 0 0.0110902 0.999765 0 0
159 1.585 0 0 0 0 0 0 0 0 0.00717919 0.999852 0 0
160 1.595 0 0 0 0 0 0 0 0 0.00459141 0.999908 0 0
161 1.605 0 0 0 0 0 0 0 0 0.00288902 0.999944 0 0
162 1.615 0 0 0 0 0 0 0 0 0.001782 0.999966 0 0
163 1.625 0 0 0 0 0 0 0 0 0.00108153 0.99998 0 0
164 1.635 0 0 0 0 0 0 0 0 0.000646222 0.999989 0 0
165 1.645 0 0 2.09701e-06 5.46875e-08 0 0 0 0 0.000381206 0.999993 0 0
166 1.655 0 0 1.08027e-05 3.39844e-07 0 0 0 0 0.000213685 0.999996 0 0
167 1.665 0 0 6.11155e-05 1.97266e-06 0 0 0 0 0.000122231 0.999998 0 0
168 1.675 0 0 0.000239674 8.45313e-06 0 0 0 0 6.55888e-05 0.999999 0 0
169 1.685 0 0 0.000810301 3.0625e-05 0 0 0 0 3.84022e-05 0.999999 0 0
170 1.695 0 0 0.0027148 0.000105793 0 0 0 0 1.97511e-05 1 0 0
171 1.705 0 0 0.00841053 0.000341422 0 0 0 0 1.01784e-05 1 0 0
172 1.715 0 0 0.0232073 0.000999246 0 0 0 0 7.02823e-06 1 0 0
173 1.725 0 0 0.057452 0.0026468 0 0 0 0 3.81403e-06 1 0 0
174 1.735 0 0 0.131741 0.00646869 0 0 0 0 1.88509e-06 1 0 0
175 1.745 0 0 0.275691 0.0145591 0 0 0 0 1.99666e-06 1 0 0
176 1.755 0 0 0.533682 0.0304005 0 0 0 0 1.31598e-06 1 0 0
177 1.765 0 0 0.961768 0.0592751 0 0 0 0 0 1 0 0
178 1.775 0 0 1.61527 0.108321 0 0 0 0 0 1 0 0
179 1.785 0 0 2.54153 0.186362 0 0 0 0 0 1 0 0
180 1.795 0 0 3.75803 0.303056 0 0 0 0 0 1 0 0
181 1.805 0 0 5.24492 0.467739 0 0 0 0 0 1 0 0
182 1.815 0 0 6.92995 0.687747 0 0 0 0 0 1 0 0
183 1.825 0 0 8.69389 0.966806 0 0 0 0 0 1 0 0
184 1.835 0 0 10.3795 1.30363 0 0 0 0 0 1 0 0
185 1.845 0 0 11.8357 1.69191 0 0 0 0 0 1 0 0
186 1.855 0 0 12.9193 2.12034 0 0 0 0 0 1 0 0
187 1.865 0 0 13.5337 2.574 0 0 0 0 0 1 0 0
188 1.875 0 0 13.6292 3.03577 0 0 0 0 0 1 0 0
189 1.885 0 0 13.228 3.48875 0 0 0 0 0 1 0 0
190 1.895 0 0 12.3976 3.9178 0 0 0 0 0 1 0 0
191 1.905 0 0 11.2264 4.31044 0 0 0 0 4.4676e-07 1 0 0
192 1.915 0 0 9.84213 4.65828 2.21053e-07 3.90625e-09 0 0 3.3158e-07 1 0 0
193 1.925 0 0 8.37072 4.95722 1.09381e-06 2.34375e-08 0 0 1.09381e-06 1 0 0
194 1.935 0 0 6.91637 5.20679 4.54665e-06 1.05469e-07 0 0 1.29904e-06 1 0 0
195 1.945 0 0 5.55336 5.40925 1.47858e-05 3.75e-07 0 0 1.82144e-06 1 0 0
196 1.955 0 0 4.34035 5.56913 2.73609e-05 8.78906e-07 0 0 4.6662e-06 1 0 0
197 1.965 0 0 3.30332 5.69205 5.20668e-05 1.84766e-06 0 0 8.71279e-06 1 0 0
198 1.975 0 0 2.45318 5.78427 0.000104121 3.80469e-06 0 0 1.50674e-05 1 0 0
199 1.985 0 0 1.77983 5.85185 0.000207383 7.74219e-06 0 0 3.31237e-05 1 0 0
200 1.995 0 0 1.25981 5.90018 0.000411433 1.56328e-05 0 0 6.27334e-05 1 0 0
201 2.005 0 0 0.872399 5.93398 0.000772937 3.06055e-05 0 0 0.000109599 1 0 0
202 2.015 0 0 0.59276 5.95717 0.00143453 5.86719e-05 0 0 0.000180689 1.00001 0 0
203 2.025 0 0 0.392436 5.97268 0.00266545 0.00011134 0 0 0.000295941 1.00001 0 0
204 2.035 0 0 0.255431 5.98287 0.0045939 0.000203012 0 0 0.000503082 1.00002 0 0
205 2.045 0 0 0.163021 5.98944 0.00793588 0.000362934 0 0 0.000842921 1.00004 0 0
206 2.055 0 0 0.102444 5.99361 0.0134702 0.000637043 0 0 0.0013441 1.00007 0 0
207 2.065 0 0 0.0628746 5.9962 0.022144 0.00109205 0 0 0.00220921 1.00011 0 0
208 2.075 0 0 0.0379457 5.99777 0.0355034 0.00182866 0 0 0.00353707 1.00019 0 0
209 2.085 0 0 0.0224877 5.99871 0.0560747 0.0030033 0 0 0.00562065 1.0003 0 0
210 2.095 0 0 0.0130871 5.99927 0.0859749 0.0048216 0 0 0.00862381 1.00049 0 0
211 2.105 0 0 0.00763236 5.99959 0.128352 0.00756211 0 0 0.0132695 1.00077 0 0
212 2.115 0 0 0.00422223 5.99977 0.188428 0.0116237 0 0 0.0200702 1.0012 0 0
213 2.125 0 0 0.00238647 5.99988 0.268852 0.0174737 0 0 0.0300323 1.00186 0 0
214 2.135 0 0 0.00130591 5.99994 0.375756 0.025727 0 0 0.0440343 1.00282 0 0
215 2.145 0 0 0.000702114 5.99997 0.513254 0.0371062 0 0 0.0637212 1.00424 0 0
216 2.155 0 0 0.000353742 5.99998 0.684758 0.0524297 0 0 0.0904809 1.00626 0 0
217 2.165 0 0 0.000188082 5.99999 0.894623 0.0726358 0 0 0.126908 1.00913 0 0
218 2.175 0 0 9.08221e-05 6 1.14333 0.0986982 6.86791e-07 3.125e-08 0.174794 1.01311 0 0
219 2.185 0 0 4.9496e-05 6 1.42964 0.131587 8.50649e-07 7.03125e-08 0.236824 1.01856 3.40927e-07 7.8125e-09
220 2.195 0 0 2.16206e-05 6 1.7512 0.172244 1.43296e-06 1.36719e-07 0.316309 1.0259 1.68914e-06 4.6875e-08
221 2.205 0 0 1.07542e-05 6 2.10222 0.221496 5.93054e-06 4.14063e-07 0.415598 1.03564 6.6954e-07 6.25e-08
222 2.215 0 0 4.46119e-06 6 2.47652 0.280044 2.49157e-05 1.58984e-06 0.536907 1.04833 1.32702e-06 9.375e-08
223 2.225 0 0 4.6668e-06 6 2.86279 0.348337 9.08935e-05 5.91797e-06 0.683059 1.06463 3.61657e-06 1.79688e-07
224 2.235 0 0 2.27199e-06 6 3.25114 0.426593 0.000288864 1.97969e-05 0.855736 1.08523 2.2809e-06 2.34375e-07
225 2.245 0 0 1.04548e-06 6 3.6302 0.514756 0.000808527 5.89922e-05 1.05505 1.11085 5.4901e-06 3.67187e-07
226 2.255 0 0 2.15216e-06 6 3.9874 0.61246 0.00218369 0.000165797 1.27924 1.14219 5.7616e-06 5.07812e-07
227 2.265 0 0 1.34313e-06 6 4.31959 0.719243 0.0056114 0.000442691 1.52685 1.17994 1.1739e-05 7.96875e-07
228 2.275 0 0 7.83144e-07 6 4.61603 0.834365 0.0127848 0.00107914 1.7924 1.22464 1.91836e-05 1.27344e-06
229 2.285 0 0 0 6 4.87579 0.957036 0.0274717 0.00245878 2.07162 1.27676 3.14857e-05 2.0625e-06
230 2.295 0 0 0 6 5.09666 1.08639 0.0546933 0.00522958 2.35446 1.33652 4.2955e-05 3.14844e-06
231 2.305 0 0 0 6 5.28323 1.22165 0.101809 0.0104324 2.63461 1.40397 6.6785e-05 4.85156e-06
232 2.315 0 0 0 6 5.43901 1.36211 0.175818 0.0194954 2.90265 1.47893 9.02025e-05 7.17187e-06
233 2.325 0 0 0 6 5.57494 1.50732 0.283275 0.034224 3.14441 1.56083 0.000150251 1.10703e-05
234 2.335 0 0 0 6 5.69393 1.65692 0.428096 0.0566742 3.35477 1.64897 0.00023793 1.72969e-05
235 2.345 0 0 0 6 5.79931 1.81058 0.608848 0.0888776 3.52169 1.74229 0.000360221 2.68047e-05
236 2.355 0 0 0 6 5.89551 1.96814 0.814965 0.132351 3.6365 1.83947 0.000519758 4.06406e-05
237 2.365 0 0 0 6 5.99281 2.12966 1.02919 0.18772 3.69841 1.93915 0.00080143 6.21562e-05
238 2.375 0 0 0 6 6.08342 2.295 1.23114 0.254515 3.70133 2.03975 0.00113693 9.29375e-05
239 2.385 0 0 0 6 6.16622 2.46402 1.39859 0.331035 3.64667 2.13971 0.00161215 0.000136953
240 2.395 0 0 0 6 6.23663 2.6364 1.51604 0.414678 3.53679 2.23746 0.00227435 0.00019957
241 2.405 0 0 0 6 6.30109 2.81202 1.5733 0.502206 3.37332 2.33148 0.0033099 0.000291461
242 2.415 0 0 0 6 6.34321 2.99028 1.57703 0.590672 3.16879 2.42053 0.0047173 0.000423516
243 2.425 0 0 0 6 6.36636 3.17068 1.5393 0.677739 2.92983 2.50356 0.00660545 0.000609961
244 2.435 0 0 0 6 6.36205 3.35245 1.48127 0.762217 2.66482 2.57969 0.00913751 0.000870008
245 2.445 0 0 0 6 6.32719 3.53472 1.4238 0.844085 2.3876 2.64847 0.0126273 0.00123233
246 2.455 0 0 0 6 6.25433 3.71635 1.38844 0.924573 2.10488 2.7096 0.0171437 0.00172827
247 2.465 0 0 0 6 6.15249 3.89649 1.38831 1.00571 1.82734 2.7631 0.0231481 0.00240338
248 2.475 0 0 0 6 6.01159 4.07394 1.43122 1.09004 1.56217 2.80921 0.0307803 0.00330838
249 2.485 0 0 0 6 5.8349 4.24757 1.5144 1.17999 1.31416 2.84832 0.0407538 0.00451633
250 2.495 0 0 0 6 5.62529 4.4163 1.63188 1.2777 1.08849 2.88097 0.0534394 0.00611305
251 2.505 5.18775e-06 1.5625e-07 0 6 5.38173 4.57903 1.77688 1.38494 0.887444 2.9078 0.0692084 0.00819754
252 2.515 2.0329e-05 7.73437e-07 0 6 5.10812 4.73472 1.94307 1.50316 0.713083 2.92954 0.0887748 0.0108927
253 2.525 3.31883e-05 1.78906e-06 0 6 4.80697 4.8824 2.13163 1.63388 0.563539 2.94685 0.11247 0.0143345
254 2.535 0.000110179 5.1875e-06 0 6 4.48123 5.02117 2.35321 1.77933 0.43901 2.96044 0.141855 0.01871
255 2.545 0.000242754 1.27344e-05 0 6 4.13695 5.15028 2.61764 1.94241 0.336695 2.97095 0.17752 0.0242289
256 2.555 0.000538064 2.95938e-05 0 6 3.78199 5.26925 2.94457 2.1273 0.254513 2.97896 0.219901 0.0311191
257 2.565 0.00132579 7.14609e-05 0 6 3.42007 5.37768 3.34698 2.3391 0.189413 2.98496 0.269196 0.0396201
258 2.575 0.0029575 0.000165586 0 6 3.05852 5.4754 3.83075 2.58341 0.138827 2.9894 0.326566 0.0500133
259 2.585 0.00645976 0.000372773 0 6 2.70049 5.56235 4.39141 2.86566 0.100295 2.99263 0.391237 0.0625617
260 2.595 0.0128175 0.000787063 0 6 2.35706 5.63884 5.01326 3.19037 0.0714846 2.99495 0.465551 0.0776093
261 2.605 0.025203 0.00160797 0 6 2.0307 5.70524 5.66782 3.56032 0.0501466 2.99659 0.547194 0.0954324
262 2.615 0.046433 0.00313201 0 6 1.7269 5.76214 6.30687 3.97514 0.0346644 2.99773 0.63882 0.1164
263 2.625 0.0818401 0.00583877 0 6 1.44995 5.81029 6.89104 4.43186 0.0236784 2.99852 0.739068 0.140844
264 2.635 0.138794 0.0104643 0 6 1.20128 5.85048 7.37531 4.92441 0.0161214 2.99906 0.845647 0.169026
265 2.645 0.225126 0.0180239 0 6 0.981469 5.88356 7.7283 5.44446 0.0110194 2.99943 0.9605 0.201279
266 2.655 0.352295 0.0299435 0 6 0.790497 5.91041 7.92046 5.98147 0.00773239 2.99969 1.08098 0.237854
267 2.665 0.527832 0.047937 0 6 0.627626 5.93189 7.94136 6.52397 0.00570241 2.99989 1.20207 0.278831
268 2.675 0.760883 0.0740701 0 6 0.492646 5.94888 7.80062 7.06085 0.00473145 3.00005 1.32425 0.324314
269 2.685 1.05241 0.110487 0 6 0.380228 5.96209 7.51397 7.58189 0.0046098 3.00021 1.44628 0.37436
270 2.695 1.40309 0.1594 0 6 0.289719 5.97223 7.11095 8.07865 0.00529037 3.00039 1.56431 0.428893
271 2.705 1.80419 0.222764 0 6 0.21795 5.97991 6.61973 8.54454 0.00671043 3.00063 1.67735 0.487803
272 2.715 2.23446 0.301821 0 6 0.161515 5.98565 6.07975 8.97559 0.00899735 3.00095 1.78039 0.550794
273 2.725 2.66769 0.396902 0 6 0.117854 5.98987 5.5263 9.3703 0.0123565 3.00139 1.87147 0.617497
274 2.735 3.07616 0.507348 0 6 0.0852426 5.99294 4.97668 9.72837 0.0169874 3.002 1.94982 0.687503
275 2.745 3.42672 0.631281 0 6 0.0607246 5.99514 4.45487 10.0512 0.0232178 3.00285 2.01259 0.760292
276 2.755 3.69525 0.765902 0 6 0.0426186 5.9967 3.96608 10.3408 0.0314761 3.004 2.05701 0.83523
277 2.765 3.85458 0.907349 0 6 0.029358 5.99778 3.51514 10.5993 0.0426249 3.00557 2.08325 0.911677
278 2.775 3.88793 1.05105 0 6 0.0200329 5.99853 3.09994 10.8289 0.0568078 3.00768 2.08801 0.988853
279 2.785 3.80168 1.19258 0 6 0.0135513 5.99903 2.71947 11.0318 0.0750323 3.01048 2.07598 1.06614
280 2.795 3.60255 1.32767 0 6 0.00909459 5.99938 2.36574 11.2095 0.0981391 3.01418 2.04406 1.14278
281 2.805 3.30345 1.45242 8.75765e-07 6 0.00596242 5.9996 2.03899 11.3638 0.12672 3.01898 1.99251 1.21803
282 2.815 2.93569 1.56408 9.71855e-07 6 0.00382839 5.99975 1.73188 11.4958 0.161699 3.02515 1.92806 1.29136
283 2.825 2.53231 1.66108 2.74259e-06 6 0.00247189 5.99984 1.45013 11.6071 0.203923 3.033 1.84599 1.36208
284 2.835 2.1148 1.74267 5.59785e-06 6 0.0015444 5.9999 1.19246 11.6993 0.254523 3.04285 1.75049 1.42961
285 2.845 1.71911 1.80945 1.60247e-05 6 0.000971898 5.99994 0.96215 11.7742 0.314412 3.05512 1.64444 1.49349
286 2.855 1.35124 1.86232 3.10297e-05 6 0.000588569 5.99996 0.760488 11.8338 0.384147 3.0702 1.53186 1.55342
287 2.865 1.03464 1.90308 8.16753e-05 6.00001 0.000355539 5.99998 0.586777 11.8802 0.463576 3.08854 1.41177 1.60904
288 2.875 0.767495 1.93353 0.000165698 6.00002 0.000221257 5.99999 0.442899 11.9154 0.553916 3.1106 1.29076 1.66025
289 2.885 0.553579 1.95565 0.000318486 6.00005 0.000133336 5.99999 0.327022 11.9416 0.654804 3.13686 1.16797 1.70691
290 2.895 0.385184 1.97114 0.000585233 6.0001 7.30272e-05 6 0.235316 11.9605 0.765306 3.16777 1.04872 1.7491
291 2.905 0.260469 1.98169 0.00108091 6.00018 4.14979e-05 6 0.164804 11.9739 0.884342 3.20373 0.931723 1.78684
292 2.915 0.172851 1.98874 0.00197177 6.00035 2.37551e-05 6 0.113003 11.9831 1.01145 3.24515 0.82095 1.82032
293 2.925 0.109735 1.99325 0.00346542 6.00063 1.26019e-05 6 0.0754202 11.9894 1.1448 3.29234 0.717238 1.84978
294 2.935 0.0680475 1.99606 0.00593387 6.00112 7.5285e-06 6 0.049198 11.9934 1.28106 3.34552 0.621522 1.87548
295 2.945 0.0413051 1.99778 0.0100475 6.00196 4.95382e-06 6 0.0312087 11.996 1.41928 3.40483 0.534317 1.89772
296 2.955 0.0236072 1.99877 0.0162104 6.00333 2.69226e-06 6 0.0193484 11.9977 1.55656 3.47033 0.45717 1.91688
297 2.965 0.0134714 1.99934 0.0257562 6.00551 8.29904e-07 6 0.0116728 11.9986 1.69054 3.54194 0.388598 1.93328
298 2.975 0.00739826 1.99965 0.0400488 6.00893 2.74778e-07 6 0.00690294 11.9992 1.81577 3.61938 0.330754 1.94733
299 2.985 0.00396255 1.99982 0.0602991 6.0141 2.7294e-07 6 0.00399254 11.9996 1.93229 3.70234 0.282402 1.95941
300 2.995 0.00207876 1.99991 0.0887895 6.02178 0 6 0.00226829 11.9998 2.03613 3.79035 0.243221 1.96988
301 3.005 0.00105104 1.99996 0.126774 6.03281 0 6 0.00124579 11.9999 2.12481 3.88281 0.21398 1.97915
302 3.015 0.000499925 1.99998 0.176871 6.04831 0 6 0.000669969 11.9999 2.19571 3.97899 0.195171 1.98767
303 3.025 0.00024351 1.99999 0.240633 6.06953 0 6 0.000338365 12 2.24802 4.07811 0.186039 1.99584
304 3.035 0.0001244 2 0.318471 6.0978 0 6 0.000180371 12 2.27934 4.17928 0.18769 2.00414
305 3.045 7.09204e-05 2 0.410347 6.13447 1.7486e-07 6 8.24763e-05 12 2.29039 4.28161 0.200102 2.01304
306 3.055 3.95884e-05 2 0.516351 6.18091 3.47434e-07 6 4.15996e-05 12 2.28199 4.38424 0.223516 2.02306
307 3.065 6.86118e-05 2 0.632613 6.23818 3.4517e-07 6 1.75949e-05 12 2.25381 4.48626 0.258605 2.03472
308 3.075 0.000150792 2.00001 0.755803 6.30706 2.57197e-07 6 8.37525e-06 12 2.20626 4.58679 0.307063 2.04865
309 3.085 0.00031109 2.00003 0.879095 6.38769 4.25887e-07 6 3.02971e-06 12 2.14262 4.68505 0.369101 2.06551
310 3.095 0.000658098 2.00006 0.998873 6.4799 8.46278e-07 6 1.73827e-06 12 2.06488 4.78036 0.445893 2.08601
311 3.105 0.0014303 2.00012 1.10658 6.58272 1.84984e-06 6 2.1062e-06 12 1.97558 4.87214 0.537907 2.11091
312 3.115 0.00268676 2.00025 1.19531 6.69449 2.2557e-06 6 1.0045e-06 12 1.87631 4.95987 0.64544 2.14097
313 3.125 0.00527636 2.00049 1.26054 6.81313 3.40344e-06 6 2.07933e-07 12 1.77132 5.04322 0.770179 2.17707
314 3.135 0.00989725 2.00096 1.29773 6.93605 6.10367e-06 6 0 12 1.66491 5.12207 0.911422 2.22006
315 3.145 0.0185737 2.00184 1.30473 7.06042 1.3851e-05 6 0 12 1.55812 5.19633 1.0679 2.27076
316 3.155 0.0333869 2.00344 1.28374 7.18357 2.07671e-05 6 0 12 1.45482 5.26611 1.23862 2.32994
317 3.165 0.0579436 2.00622 1.23816 7.3031 3.12374e-05 6 0 12 1.35602 5.33157 1.42383 2.3984
318 3.175 0.0960366 2.01087 1.17488 7.41724 5.42814e-05 6.00001 0 12 1.26407 5.39297 1.62229 2.47689
319 3.185 0.154706 2.0184 1.10026 7.5248 8.58262e-05 6.00001 0 12 1.1814 5.45072 1.82977 2.56599
320 3.195 0.242541 2.03029 1.02379 7.62552 0.00013405 6.00002 0 12 1.10721 5.50518 2.04456 2.66616
321 3.205 0.370092 2.04853 0.955315 7.72009 0.000226417 6.00003 0 12 1.04336 5.55682 2.26504 2.77784
322 3.215 0.550734 2.07586 0.906786 7.81042 0.000353633 6.00005 0 12 0.989681 5.60612 2.4847 2.90111
323 3.225 0.789217 2.11526 0.887891 7.89942 0.000567111 6.00007 0 12 0.947588 5.65361 2.70061 3.03593
324 3.235 1.10233 2.17063 0.906644 7.99086 0.000881435 6.00012 0 12 0.915085 5.69975 2.91128 3.18216
325 3.245 1.49718 2.2463 0.97325 8.08962 0.00132068 6.00019 0 12 0.893368 5.74508 3.11197 3.33945
326 3.255 1.97975 2.34698 1.09136 8.20106 0.00197777 6.00029 0 12 0.881279 5.79007 3.29989 3.50726
327 3.265 2.55117 2.47751 1.26384 8.3309 0.00297965 6.00044 0 12 0.877173 5.83513 3.47461 3.68505
328 3.275 3.19725 2.64211 1.49014 8.48493 0.00434447 6.00066 0 12 0.882414 5.88074 3.6317 3.87201
329 3.285 3.91057 2.84466 1.76715 8.66871 0.00636421 6.001 0 12 0.895231 5.92729 3.77144 4.06736
330 3.295 4.65832 3.08742 2.08693 8.88707 0.00927182 6.00148 5.23686e-07 12 0.915651 5.97519 3.89005 4.27008
331 3.305 5.41903 3.37153 2.43929 9.14385 0.0133072 6.00218 4.83342e-07 12 0.942156 6.02478 3.99294 4.47942
332 3.315 6.16249 3.69658 2.80835 9.44127 0.0189452 6.00318 1.14564e-06 12 0.97395 6.07636 4.0764 4.69444
333 3.325 6.84559 4.05984 3.17747 9.77982 0.0264116 6.00459 1.32243e-06 12 1.00958 6.13014 4.13766 4.914
334 3.335 7.4379 4.45691 3.52677 10.1579 0.0368137 6.00656 2.22737e-06 12 1.04748 6.18628 4.18039 5.13717
335 3.345 7.90363 4.88138 3.84207 10.5721 0.0504729 6.00929 5.69851e-06 12 1.0864 6.24485 4.20884 5.36321
336 3.355 8.22986 5.32601 4.10376 11.0173 0.0687368 6.01301 9.05612e-06 12 1.12569 6.30591 4.21835 5.59111
337 3.365 8.39591 5.78233 4.30064 11.4866 0.092213 6.01805 1.58169e-05 12 1.16318 6.36938 4.21045 5.81995
338 3.375 8.39838 6.24149 4.4215 11.972 0.122416 6.02476 3.09832e-05 12 1.19815 6.43514 4.19203 6.04914
339 3.385 8.2386 6.69459 4.46369 12.4649 0.160374 6.03362 5.76665e-05 12 1.22948 6.50302 4.15912 6.27788
340 3.395 7.91253 7.13234 4.42958 12.9569 0.207543 6.04515 0.000112717 12 1.25764 6.57287 4.11321 6.50544
341 3.405 7.45808 7.54737 4.32425 13.4401 0.265263 6.05997 0.000224777 12.0001 1.28333 6.64457 4.05169 6.73091
342 3.415 6.89691 7.93344 4.15721 13.9073 0.335571 6.07882 0.000396779 12.0001 1.30497 6.7179 3.97635 6.95349
343 3.425 6.25495 8.28563 3.93999 14.3528 0.419502 6.10254 0.000707538 12.0002 1.32487 6.79279 3.8906 7.17255
344 3.435 5.56014 8.60052 3.68987 14.7724 0.518891 6.13204 0.00121438 12.0003 1.3426 6.86913 3.79192 7.3873
345 3.445 4.84393 8.87645 3.41665 15.1631 0.632765 6.16822 0.00212613 12.0006 1.35955 6.94688 3.67772 7.5968
346 3.455 4.13356 9.11329 3.13347 15.5236 0.762177 6.21207 0.00355681 12.001 1.37629 7.02604 3.55226 7.80033
347 3.465 3.45332 9.31229 2.84956 15.8533 0.907529 6.26457 0.00577825 12.0016 1.39354 7.10666 3.41172 7.99694
348 3.475 2.83092 9.47638 2.57264 16.1527 1.06695 6.32665 0.00918462 12.0027 1.41117 7.18878 3.2591 8.18584
349 3.485 2.27188 9.60882 2.30585 16.4226 1.23923 6.39918 0.0143608 12.0044 1.42904 7.27241 3.09605 8.36633
350 3.495 1.78244 9.71332 2.05349 16.6644 1.42248 6.4829 0.0219315 12.007 1.44632 7.35754 2.9207 8.53757
351 3.505 1.3697 9.79409 1.81675 16.8794 1.61285 6.57838 0.0327645 12.0108 1.46252 7.44412 2.73851 8.69905
352 3.515 1.02787 9.85504 1.59513 17.0694 1.80462 6.68582 0.0478754 12.0165 1.47675 7.53204 2.54898 8.85021
353 3.525 0.753734 9.9 1.38847 17.2357 1.99588 6.80532 0.0688324 12.0247 1.48631 7.62103 2.35348 8.99057
354 3.535 0.540757 9.93243 1.19633 17.3797 2.1804 6.93662 0.09646 12.0363 1.49235 7.71089 2.15715 9.11996
355 3.545 0.378583 9.95527 1.01864 17.5031 2.35211 7.07905 0.131771 12.0523 1.49192 7.80124 1.96113 9.23825
356 3.555 0.258854 9.97097 0.856805 17.6074 2.50395 7.23154 0.176861 12.0738 1.48437 7.89163 1.76929 9.34558
357 3.565 0.173967 9.98158 0.709503 17.6944 2.63272 7.39277 0.232306 12.1022 1.4692 7.98161 1.58156 9.44206
358 3.575 0.113712 9.98856 0.579548 17.7657 2.7366 7.5613 0.298461 12.1388 1.44539 8.07062 1.40215 9.52807
359 3.585 0.0725046 9.99303 0.465905 17.8234 2.80713 7.73515 0.376249 12.1854 1.414 8.15819 1.23026 9.60396
360 3.595 0.0452344 9.99583 0.36706 17.8692 2.84475 7.91231 0.465963 12.2433 1.3763 8.2439 1.07052 9.67037
361 3.605 0.027688 9.99756 0.28401 17.9047 2.84725 8.09061 0.567164 12.3142 1.33305 8.32738 0.922078 9.72789
362 3.615 0.0167728 9.99861 0.215873 17.9319 2.81346 8.26778 0.677892 12.3994 1.28505 8.4083 0.787923 9.77731
363 3.625 0.00979859 9.99923 0.160222 17.9522 2.74499 8.44159 0.79946 12.5004 1.23476 8.48649 0.66579 9.8193
364 3.635 0.00544315 9.99958 0.117019 17.9671 2.64409 8.60994 0.929228 12.6185 1.1832 8.56182 0.558794 9.85474
365 3.645 0.00306543 9.99977 0.0836816 17.9778 2.5158 8.77101 1.06583 12.7547 1.13233 8.63432 0.464323 9.88435
366 3.655 0.00165629 9.99988 0.0583252 17.9853 2.36475 8.92323 1.20911 12.9101 1.08353 8.70407 0.382387 9.90887
367 3.665 0.000940326 9.99994 0.0397649 17.9905 2.19538 9.06533 1.35581 13.0853 1.03837 8.77127 0.312472 9.92902
368 3.675 0.0004705 9.99997 0.0266542 17.994 2.01119 9.19621 1.50384 13.2806 0.996715 8.83614 0.253353 9.94544
369 3.685 0.00022966 9.99998 0.0174611 17.9962 1.82201 9.31543 1.64946 13.4961 0.96006 8.89896 0.204918 9.9588
370 3.695 0.00011564 9.99999 0.0111982 17.9977 1.62832 9.42256 1.78891 13.731 0.928245 8.96003 0.16542 9.96964
371 3.705 5.65596e-05 10 0.0069782 17.9986 1.43805 9.51768 1.91375 13.9837 0.900464 9.01959 0.134261 9.97848
372 3.715 3.20786e-05 10 0.00428307 17.9992 1.25488 9.60113 2.01926 14.2517 0.876497 9.07788 0.110379 9.9858
373 3.725 1.34899e-05 10 0.00257361 17.9995 1.0815 9.67344 2.09875 14.5318 0.857159 9.13519 0.092695 9.99197
374 3.735 1.02675e-05 10 0.00149954 17.9997 0.9211 9.73536 2.14565 14.8197 0.84079 9.19171 0.0809195 9.99739
375 3.745 3.36557e-06 10 0.000860388 17.9999 0.774592 9.78771 2.15657 15.1106 0.826059 9.24754 0.0738134 10.0024
376 3.755 5.54097e-06 10 0.000466383 17.9999 0.643507 9.83143 2.13092 15.3996 0.811968 9.3027 0.0710527 10.0072
377 3.765 1.06787e-05 10 0.000252371 18 0.528467 9.86753 2.06784 15.6816 0.797997 9.35721 0.0721696 10.0121
378 3.775 3.00391e-05 10 0.00014008 18 0.428657 9.89696 1.97354 15.9521 0.782106 9.41092 0.0765837 10.0173
379 3.785 6.45329e-05 10 6.64593e-05 18 0.343478 9.92068 1.85141 16.2072 0.765308 9.46375 0.0839343 10.0231
380 3.795 8.88308e-05 10 3.32659e-05 18 0.271907 9.93955 1.70893 16.4439 0.745055 9.51545 0.0940516 10.0296
381 3.805 0.000145138 10 1.69096e-05 18 0.213152 9.95442 1.55489 16.6605 0.722049 9.56583 0.107017 10.037
382 3.815 0.00027556 10 8.77256e-06 18 0.164997 9.96599 1.39553 16.8558 0.696335 9.61466 0.122388 10.0456
383 3.825 0.000562927 10.0001 4.26641e-06 18 0.126243 9.97489 1.23853 17.0301 0.667888 9.66175 0.139392 10.0554
384 3.835 0.00103333 10.0002 1.9843e-06 18 0.0953045 9.98164 1.08921 17.1842 0.637211 9.70691 0.158517 10.0666
385 3.845 0.00177167 10.0003 5.4833e-07 18 0.0710525 9.9867 0.94999 17.3193 0.605322 9.75003 0.179061 10.0793
386 3.855 0.00308621 10.0005 1.391e-06 18 0.0526241 9.99047 0.821875 17.4368 0.574078 9.79114 0.201266 10.0936
387 3.865 0.00499754 10.0009 2.03501e-06 18 0.0385004 9.99324 0.706629 17.5383 0.544686 9.83035 0.224657 10.1097
388 3.875 0.0082402 10.0015 6.45148e-06 18 0.0278171 9.99526 0.603194 17.6254 0.518798 9.86788 0.249669 10.1277
389 3.885 0.0129927 10.0024 1.17087e-05 18 0.0199486 9.99671 0.511992 17.6997 0.498172 9.90412 0.274797 10.1476
390 3.895 0.0203058 10.0039 2.72248e-05 18 0.0140789 9.99774 0.430968 17.7626 0.483594 9.93947 0.301334 10.1696
391 3.905 0.0311401 10.0062 5.50482e-05 18 0.00988863 9.99846 0.360876 17.8156 0.476151 9.97446 0.327954 10.1936
392 3.915 0.0467173 10.0096 0.000116807 18 0.00678808 9.99896 0.300902 17.8599 0.477222 10.0097 0.355473 10.2197
393 3.925 0.0678963 10.0146 0.000239108 18.0001 0.00467255 9.99931 0.250994 17.8971 0.486823 10.0458 0.383646 10.2481
394 3.935 0.0976365 10.0219 0.000462072 18.0001 0.00313796 9.99954 0.211729 17.9286 0.504668 10.0835 0.41191 10.2787
395 3.945 0.135781 10.032 0.000841071 18.0003 0.00209677 9.9997 0.184271 17.9562 0.529583 10.1232 0.439159 10.3115
396 3.955 0.186498 10.046 0.00153465 18.0005 0.00139109 9.99981 0.169454 17.9817 0.560721 10.1655 0.46622 10.3465
397 3.965 0.250202 10.0649 0.00272715 18.0009 0.000910572 9.99988 0.167965 18.0071 0.595457 10.2106 0.493243 10.3837
398 3.975 0.327107 10.0897 0.00463647 18.0016 0.000588675 9.99992 0.180216 18.0345 0.632761 10.2588 0.519233 10.4231
399 3.985 0.418204 10.1216 0.00788627 18.0028 0.000379694 9.99995 0.207765 18.0662 0.67009 10.31 0.544918 10.4646
400 3.995 0.522888 10.1616 0.0129797 18.0048 0.000242535 9.99997 0.249427 18.1045 0.706037 10.3643 0.569793 10.5083
401 4.005 0.640763 10.211 0.0207852 18.008 0.000147727 9.99998 0.305013 18.1516 0.738911 10.4214 0.59245 10.5539
402 4.015 0.768848 10.2705 0.0325675 18.0131 9.15743e-05 9.99999 0.37241 18.2093 0.767708 10.4811 0.614095 10.6014
403 4.025 0.901401 10.3405 0.049864 18.0209 6.06465e-05 9.99999 0.44867 18.2792 0.791115 10.5428 0.633117 10.6507
404 4.035 1.03417 10.4214 0.0743417 18.0325 3.93346e-05 9.99999 0.530308 18.3623 0.809769 10.6064 0.650253 10.7015
405 4.045 1.15945 10.5124 0.108014 18.0496 2.68533e-05 10 0.611224 18.4585 0.823298 10.6713 0.664562 10.7537
406 4.055 1.26962 10.6126 0.153557 18.0739 1.59241e-05 10 0.687569 18.5672 0.832939 10.7373 0.675815 10.807
407 4.065 1.36505 10.7209 0.21335 18.1079 8.78146e-06 10 0.752212 18.6868 0.84074 10.8042 0.684336 10.8613
408 4.075 1.43053 10.8349 0.290175 18.1543 6.15106e-06 10 0.800321 18.8146 0.846787 10.872 0.688461 10.9162
409 4.085 1.46915 10.9526 0.385143 18.2163 3.15765e-06 10 0.828131 18.9475 0.853419 10.9406 0.690757 10.9715
410 4.095 1.47575 11.0714 0.500031 18.2971 2.12706e-06 10 0.832934 19.0819 0.861279 11.0102 0.688953 11.0269
411 4.105 1.44618 11.1883 0.634136 18.4 1.49132e-06 10 0.814576 19.2139 0.871809 11.081 0.684169 11.0823
412 4.115 1.38991 11.3013 0.788056 18.5287 1.72345e-06 10 0.774169 19.34 0.884824 11.1532 0.675669 11.1372
413 4.125 1.30735 11.4081 0.959774 18.686 1.66746e-06 10 0.715018 19.457 0.901137 11.2271 0.663656 11.1914
414 4.135 1.20058 11.5066 1.14556 18.8748 1.94387e-06 10 0.642058 19.5626 0.920095 11.3029 0.648674 11.2446
415 4.145 1.07878 11.5956 1.34274 19.0971 1.98169e-06 10 0.560728 19.6553 0.940881 11.3808 0.630555 11.2966
416 4.155 0.947806 11.6741 1.54538 19.3543 2.34781e-06 10 0.475919 19.7343 0.962684 11.4609 0.610624 11.3472
417 4.165 0.814439 11.7419 1.7488 19.6466 4.71983e-06 10 0.393006 19.7999 0.983307 11.543 0.587758 11.3962
418 4.175 0.68562 11.7993 1.95244 19.9746 5.95294e-06 10 0.315324 19.8527 1.00175 11.6272 0.563745 11.4433
419 4.185 0.565307 11.8468 2.14789 20.3371 1.23119e-05 10 0.24623 19.8942 1.01675 11.713 0.53894 11.4886
420 4.195 0.454401 11.8852 2.33357 20.7329 2.08214e-05 10 0.187256 19.9259 1.02737 11.8001 0.512087 11.5319
421 4.205 0.357492 11.9155 2.50985 21.1606 4.06655e-05 10 0.138784 19.9495 1.03161 11.888 0.484721 11.573
422 4.215 0.275755 11.939 2.67405 21.6184 6.00476e-05 10 0.101217 19.9668 1.02897 11.9761 0.45726 11.612
423 4.225 0.206987 11.9568 2.82542 22.1045 9.74566e-05 10 0.0734648 19.9794 1.01853 12.0637 0.429862 11.6488
424 4.235 0.152785 11.9699 2.96238 22.6166 0.000167688 10 0.0544256 19.9888 1.00126 12.1502 0.403057 11.6835
425 4.245 0.111029 11.9795 3.08806 23.1528 0.000266183 10.0001 0.0440246 19.9965 0.977499 12.2351 0.375851 11.7161
426 4.255 0.0783766 11.9863 3.19812 23.7109 0.000423169 10.0001 0.0414715 20.0037 0.947648 12.3178 0.349627 11.7464
427 4.265 0.0541483 11.9911 3.29189 24.2879 0.000664112 10.0002 0.0470043 20.0119 0.912564 12.3978 0.323758 11.7747
428 4.275 0.0365576 11.9943 3.36667 24.8809 0.00101817 10.0002 0.0613674 20.0227 0.874671 12.4748 0.299588 11.801
429 4.285 0.0242079 11.9964 3.41888 25.4859 0.00159299 10.0004 0.0860282 20.0379 0.835896 12.5488 0.276802 11.8254
430 4.295 0.0156678 11.9978 3.44279 26.0979 0.00244883 10.0006 0.122867 20.0597 0.797534 12.6197 0.254988 11.848
431 4.305 0.00982569 11.9987 3.43959 26.7123 0.00370215 10.0009 0.173506 20.0906 0.762277 12.6877 0.235179 11.8689
432 4.315 0.00620662 11.9992 3.40578 27.3234 0.00555311 10.0014 0.240056 20.1336 0.732253 12.7534 0.217461 11.8883
433 4.325 0.00395821 11.9996 3.33861 27.9253 0.00813299 10.0022 0.323866 20.1919 0.709938 12.8174 0.201754 11.9064
434 4.335 0.0026729 11.9998 3.24125 28.5123 0.0117924 10.0032 0.425157 20.2687 0.696796 12.8805 0.188869 11.9235
435 4.345 0.00210004 12 3.11881 29.0797 0.0168886 10.0048 0.543016 20.3673 0.693879 12.9436 0.179049 11.9397
436 4.355 0.00219854 12.0002 2.9761 29.6237 0.0239673 10.007 0.674815 20.4904 0.702166 13.0078 0.172292 11.9554
437 4.365 0.00305667 12.0005 2.82173 30.1418 0.0335059 10.01 0.815099 20.6398 0.723755 13.0743 0.169296 11.9709
438 4.375 0.00483053 12.0009 2.66155 30.6328 0.0461489 10.0143 0.95811 20.8162 0.757262 13.1441 0.170188 11.9865
439 4.385 0.00767925 12.0016 2.50392 31.0968 0.0630273 10.0201 1.09462 21.0186 0.802539 13.2185 0.175647 12.0027
440 4.395 0.0123591 12.0028 2.35426 31.535 0.0849045 10.028 1.21617 21.2446 0.858148 13.2983 0.185838 12.0199
441 4.405 0.0194853 12.0046 2.21614 31.9495 0.11277 10.0386 1.3156 21.4901 0.922912 13.3846 0.2006 12.0386
442 4.415 0.0302307 12.0074 2.091 32.3423 0.148063 10.0525 1.38523 21.7498 0.994648 13.4781 0.220249 12.0592
443 4.425 0.0454594 12.0117 1.97753 32.7154 0.191966 10.0706 1.4205 22.0174 1.07118 13.5791 0.244686 12.0822
444 4.435 0.0667667 12.018 1.87337 33.0705 0.245683 10.0939 1.41986 22.286 1.14903 13.688 0.273892 12.1081
445 4.445 0.0961039 12.0271 1.77493 33.4085 0.309884 10.1234 1.38542 22.5493 1.22702 13.8048 0.307333 12.1372
446 4.455 0.135136 12.04 1.67669 33.7292 0.386095 10.1603 1.32286 22.8018 1.3011 13.9293 0.345365 12.1701
447 4.465 0.18517 12.0577 1.5739 34.0316 0.475761 10.206 1.23884 23.0394 1.36981 14.0609 0.385556 12.207
448 4.475 0.247439 12.0815 1.4641 34.3142 0.579467 10.2619 1.14253 23.2594 1.43047 14.1989 0.429427 12.2483
449 4.485 0.322075 12.1126 1.34677 34.5753 0.695718 10.3294 1.04424 23.4615 1.48165 14.3425 0.474245 12.2941
450 4.495 0.408705 12.1522 1.22193 34.8132 0.826465 10.4098 0.951896 23.6465 1.52167 14.4907 0.520193 12.3445
451 4.505 0.50814 12.2017 1.09025 35.0264 0.970442 10.5047 0.873945 23.8171 1.5503 14.6423 0.565243 12.3996
452 4.515 0.61618 12.262 0.955792 35.2142 1.12627 10.6154 0.815421 23.977 1.56661 14.7962 0.609786 12.4592
453 4.525 0.728029 12.3336 0.822144 35.3764 1.29235 10.7429 0.780328 24.1306 1.56972 14.951 0.651762 12.5233
454 4.535 0.841881 12.4167 0.693406 35.5139 1.46488 10.888 0.768691 24.2827 1.55983 15.1056 0.688944 12.5913
455 4.545 0.949732 12.5108 0.572638 35.6279 1.64268 11.0516 0.780712 24.4378 1.53815 15.2587 0.721924 12.6629
456 4.555 1.04632 12.615 0.462658 35.7204 1.82225 11.2337 0.813606 24.6002 1.50502 15.4092 0.749919 12.7376
457 4.565 1.12621 12.7277 0.365561 35.7938 1.99961 11.4345 0.865286 24.7736 1.46074 15.5559 0.771463 12.8147
458 4.575 1.18125 12.8464 0.282622 35.8508 2.16888 11.6533 0.934636 24.9618 1.40682 15.6978 0.787238 12.8938
459 4.585 1.21175 12.9686 0.21383 35.8941 2.32849 11.8892 1.0185 25.1677 1.3437 15.8339 0.794773 12.974
460 4.595 1.21451 13.0917 0.158257 35.9263 2.47467 12.1409 1.11973 25.3951 1.27321 15.9634 0.797518 13.0548
461 4.605 1.18737 13.2126 0.114618 35.9498 2.60236 12.4069 1.23806 25.6476 1.19624 16.0857 0.792473 13.1355
462 4.615 1.13429 13.3285 0.081077 35.9664 2.70998 12.685 1.37467 25.9293 1.11506 16.2001 0.781396 13.2154
463 4.625 1.05666 13.437 0.0560866 35.978 2.79249 12.9728 1.53193 26.2444 1.03049 16.3063 0.765993 13.294
464 4.635 0.962701 13.5363 0.0380537 35.9858 2.85026 13.2679 1.71154 26.5981 0.94436 16.4041 0.746101 13.371
465 4.645 0.855162 13.6248 0.0252225 35.9911 2.87994 13.5673 1.91069 26.9946 0.858917 16.4934 0.722941 13.4458
466 4.655 0.743272 13.7022 0.016345 35.9945 2.88334 13.8684 2.12643 27.4378 0.775593 16.5744 0.698103 13.5184
467 4.665 0.630501 13.768 0.0103928 35.9967 2.8605 14.1683 2.35545 27.9309 0.696596 16.6474 0.672174 13.5887
468 4.675 0.521973 13.8228 0.00643567 35.998 2.81187 14.4644 2.59019 28.4754 0.623673 16.7131 0.647119 13.6565
469 4.685 0.421657 13.8672 0.00390713 35.9989 2.7404 14.7543 2.82131 29.071 0.558129 16.7721 0.623424 13.7222
470 4.695 0.335152 13.9027 0.00233522 35.9994 2.64855 15.0356 3.03834 29.7152 0.502032 16.8254 0.602746 13.786
471 4.705 0.260152 13.9303 0.00135856 35.9996 2.53792 15.3063 3.22986 30.4029 0.456269 16.8741 0.585413 13.8482
472 4.715 0.198172 13.9514 0.000758245 35.9998 2.41366 15.5649 3.38812 31.1274 0.421905 16.9193 0.573177 13.9094
473 4.725 0.149337 13.9674 0.000413303 35.9999 2.27716 15.8099 3.50569 31.8802 0.400322 16.9624 0.566012 13.97
474 4.735 0.113233 13.9796 0.000224337 35.9999 2.13339 16.0404 3.57856 32.6519 0.391381 17.0047 0.564107 14.0307
475 4.745 0.0895277 13.9893 0.000120059 36 1.98534 16.2557 3.60364 33.4323 0.395521 17.0476 0.568887 14.0922
476 4.755 0.0775853 13.9977 6.3963e-05 36 1.83351 16.4555 3.5842 34.2118 0.41261 17.0925 0.579926 14.1551
477 4.765 0.0772096 14.0061 3.27221e-05 36 1.68361 16.6397 3.52346 34.9813 0.441527 17.1408 0.596836 14.2202
478 4.775 0.0883921 14.0158 1.50393e-05 36 1.53627 16.8085 3.42999 35.7335 0.481543 17.1937 0.619544 14.288
479 4.785 0.113487 14.0283 8.67435e-06 36 1.39358 16.9622 3.31212 36.4629 0.531447 17.2524 0.648354 14.3592
480 4.795 0.153335 14.0452 5.94097e-06 36 1.25569 17.1014 3.17653 37.1654 0.589399 17.3177 0.681654 14.4345
481 4.805 0.210119 14.0685 7.21539e-06 36 1.12536 17.2266 3.0345 37.8393 0.652769 17.3903 0.719273 14.5142
482 4.815 0.286241 14.1003 1.43359e-05 36 1.00236 17.3385 2.89154 38.4841 0.719737 17.4707 0.760111 14.5987
483 4.825 0.383312 14.1432 2.77523e-05 36 0.887467 17.4381 2.7569 39.1014 0.787914 17.5591 0.804198 14.6886
484 4.835 0.503735 14.1997 5.42695e-05 36 0.780804 17.5261 2.63747 39.6945 0.854171 17.6553 0.850834 14.7841
485 4.845 0.645419 14.2724 0.00011044 36 0.682356 17.6032 2.53921 40.2678 0.916041 17.7589 0.899547 14.8854
486 4.855 0.809307 14.364 0.000237923 36.0001 0.59284 17.6706 2.46571 40.8268 0.971692 17.8693 0.948617 14.9928
487 4.865 0.991237 14.4766 0.000471854 36.0002 0.511802 17.7289 2.41908 41.3775 1.01875 17.9855 0.998716 15.1062
488 4.875 1.18528 14.6118 0.000892274 36.0004 0.438866 17.7792 2.40006 41.9261 1.05522 18.1063 1.04765 15.2257
489 4.885 1.38151 14.77 0.00165895 36.0008 0.374429 17.8223 2.40461 42.478 1.08042 18.2306 1.09646 15.3513
490 4.895 1.57536 14.9512 0.00295013 36.0015 0.318672 17.8591 2.4261 43.0372 1.09432 18.3569 1.1456 15.4831
491 4.905 1.75205 15.1535 0.00520894 36.0027 0.271166 17.8905 2.45707 43.6058 1.096 18.484 1.19283 15.6208
492 4.915 1.90114 15.374 0.00882547 36.0047 0.231694 17.9175 2.48513 44.1832 1.08744 18.6106 1.24028 15.7646
493 4.925 2.01412 15.6085 0.0146363 36.0082 0.200831 17.9409 2.49887 44.7662 1.06858 18.7354 1.2855 15.9143
494 4.935 2.08521 15.8522 0.0238129 36.0137 0.178389 17.9619 2.48854 45.3491 1.04124 18.8576 1.33154 16.0699
495 4.945 2.11068 16.0999 0.0376648 36.0226 0.16471 17.9813 2.44524 45.9243 1.00723 18.9763 1.37776 16.2316
496 4.955 2.08781 16.346 0.0578684 36.0363 0.159872 18.0002 2.36098 46.4818 0.969058 19.091 1.42415 16.3995
497 4.965 2.02152 16.5852 0.0867776 36.0569 0.164014 18.0197 2.23772 47.0124 0.927984 19.2012 1.47162 16.5736
498 4.975 1.91814 16.813 0.127233 36.0873 0.177977 18.0409 2.07624 47.5067 0.885981 19.3069 1.52031 16.7542
499 4.985 1.78338 17.0258 0.181551 36.1308 0.201423 18.065 1.88437 47.9571 0.845126 19.4081 1.57126 16.9416
500 4.995 1.63626 17.2217 0.252956 36.1916 0.235461 18.0933 1.67061 48.358 0.807103 19.5051 1.62523 17.1363
