# Time-averaged data for fix rdf_all
# TimeStep Number-of-rows
# Row c_rdf_all[1] c_rdf_all[2] c_rdf_all[3]
1000000 500
1 0.005 0 0
2 0.015 0 0
3 0.025 0 0
4 0.035 0 0
5 0.045 0 0
6 0.055 0 0
7 0.065 0 0
8 0.075 0 0
9 0.085 0 0
10 0.095 0 0
11 0.105 0 0
12 0.115 0 0
13 0.125 0 0
14 0.135 0 0
15 0.145 0 0
16 0.155 0 0
17 0.165 0 0
18 0.175 0 0
19 0.185 0 0
20 0.195 0 0
21 0.205 0 0
22 0.215 0 0
23 0.225 0 0
24 0.235 0 0
25 0.245 0 0
26 0.255 0 0
27 0.265 0 0
28 0.275 0 0
29 0.285 0 0
30 0.295 0 0
31 0.305 0 0
32 0.315 0 0
33 0.325 0 0
34 0.335 0 0
35 0.345 0 0
36 0.355 0 0
37 0.365 0 0
38 0.375 0 0
39 0.385 0 0
40 0.395 0 0
41 0.405 0 0
42 0.415 0 0
43 0.425 0 0
44 0.435 0 0
45 0.445 0 0
46 0.455 0 0
47 0.465 0 0
48 0.475 0 0
49 0.485 0 0
50 0.495 0 0
51 0.505 0 0
52 0.515 0 0
53 0.525 0 0
54 0.535 0 0
55 0.545 0 0
56 0.555 0 0
57 0.565 0 0
58 0.575 0 0
59 0.585 0 0
60 0.595 0 0
61 0.605 0 0
62 0.615 0 0
63 0.625 0 0
64 0.635 0 0
65 0.645 0 0
66 0.655 0 0
67 0.665 0 0
68 0.675 0 0
69 0.685 0 0
70 0.695 0 0
71 0.705 0 0
72 0.715 0 0
73 0.725 0 0
74 0.735 0 0
75 0.745 0 0
76 0.755 0 0
77 0.765 0 0
78 0.775 0 0
79 0.785 0 0
80 0.795 0 0
81 0.805 0 0
82 0.815 0 0
83 0.825 0 0
84 0.835 0 0
85 0.845 0 0
86 0.855 0 0
87 0.865 0 0
88 0.875 0 0
89 0.885 0 0
90 0.895 6.16306e-07 9.76563e-09
91 0.905 2.65215e-06 5.27344e-08
92 0.915 1.93408e-05 3.73047e-07
93 0.925 7.8469e-05 1.70117e-06
94 0.935 0.00038524 8.36328e-06
95 0.945 0.0014853 3.46016e-05
96 0.955 0.0049454 0.000123822
97 0.965 0.0141335 0.000384174
98 0.975 0.0346879 0.00103647
99 0.985 0.0746154 0.00246852
100 0.995 0.142981 0.00526867
101 1.005 0.245466 0.010173
102 1.015 0.382699 0.0179721
103 1.025 0.547521 0.0293512
104 1.035 0.727986 0.0447774
105 1.045 0.907104 0.0643725
106 1.055 1.06712 0.0878675
107 1.065 1.19858 0.114759
108 1.075 1.29496 0.144362
109 1.085 1.35665 0.175954
110 1.095 1.38603 0.208829
111 1.105 1.38838 0.242363
112 1.115 1.37051 0.276068
113 1.125 1.34048 0.309628
114 1.135 1.30244 0.342817
115 1.145 1.26023 0.3755
116 1.155 1.21721 0.407621
117 1.165 1.17606 0.439195
118 1.175 1.13534 0.470202
119 1.185 1.09676 0.500667
120 1.195 1.05987 0.530607
121 1.205 1.02454 0.560035
122 1.215 0.991901 0.589
123 1.225 0.959851 0.617493
124 1.235 0.928839 0.645517
125 1.245 0.89732 0.67303
126 1.255 0.866154 0.700016
127 1.265 0.833782 0.726409
128 1.275 0.799916 0.752132
129 1.285 0.764241 0.777095
130 1.295 0.725838 0.801173
131 1.305 0.684484 0.824232
132 1.315 0.639489 0.846107
133 1.325 0.590748 0.866623
134 1.335 0.540156 0.885666
135 1.345 0.488622 0.903151
136 1.355 0.434969 0.918949
137 1.365 0.382847 0.933059
138 1.375 0.331566 0.94546
139 1.385 0.28302 0.956199
140 1.395 0.237233 0.965331
141 1.405 0.195722 0.972974
142 1.415 0.158673 0.979258
143 1.425 0.126341 0.984333
144 1.435 0.0987173 0.988354
145 1.445 0.0756322 0.991478
146 1.455 0.057027 0.993866
147 1.465 0.0419947 0.995649
148 1.475 0.0304566 0.99696
149 1.485 0.021764 0.99791
150 1.495 0.0152481 0.998584
151 1.505 0.0105625 0.999057
152 1.515 0.00718284 0.999383
153 1.525 0.00479957 0.999604
154 1.535 0.00311252 0.999749
155 1.545 0.00200618 0.999844
156 1.555 0.00125011 0.999903
157 1.565 0.000785703 0.999941
158 1.575 0.000482848 0.999965
159 1.585 0.000290993 0.99998
160 1.595 0.00017364 0.999988
161 1.605 0.000100536 0.999993
162 1.615 5.56099e-05 0.999996
163 1.625 3.15207e-05 0.999998
164 1.635 1.5956e-05 0.999999
165 1.645 1.11287e-05 0.999999
166 1.655 1.25447e-05 1
167 1.665 3.42983e-05 1
168 1.675 0.000136827 1.00001
169 1.685 0.000484529 1.00004
170 1.695 0.00156333 1.00013
171 1.705 0.00454202 1.00039
172 1.715 0.0119998 1.00109
173 1.725 0.0289267 1.00279
174 1.735 0.0637026 1.00658
175 1.745 0.128779 1.01434
176 1.755 0.240332 1.02898
177 1.765 0.417074 1.05468
178 1.775 0.674025 1.09669
179 1.785 1.01714 1.1608
180 1.795 1.44151 1.25267
181 1.805 1.92276 1.37659
182 1.815 2.42136 1.53438
183 1.825 2.88981 1.72477
184 1.835 3.27703 1.94304
185 1.845 3.53719 2.18122
186 1.855 3.64688 2.42946
187 1.865 3.59286 2.67666
188 1.875 3.39626 2.91285
189 1.885 3.08222 3.12949
190 1.895 2.69222 3.32073
191 1.905 2.26768 3.48352
192 1.915 1.84343 3.61725
193 1.925 1.4487 3.72344
194 1.935 1.10316 3.80515
195 1.945 0.813938 3.86606
196 1.955 0.583087 3.91014
197 1.965 0.406006 3.94115
198 1.975 0.274384 3.96233
199 1.985 0.181287 3.97646
200 1.995 0.116248 3.98561
201 2.005 0.0730254 3.99141
202 2.015 0.0448719 3.99502
203 2.025 0.0273104 3.99723
204 2.035 0.0168425 3.99861
205 2.045 0.0112246 3.99954
206 2.055 0.0088312 4.00028
207 2.065 0.00891572 4.00103
208 2.075 0.0112924 4.00199
209 2.085 0.0160004 4.00337
210 2.095 0.023413 4.0054
211 2.105 0.0341895 4.0084
212 2.115 0.0492081 4.01275
213 2.125 0.0693861 4.01895
214 2.135 0.0960553 4.02761
215 2.145 0.129989 4.03944
216 2.155 0.172371 4.05528
217 2.165 0.223655 4.07602
218 2.175 0.284986 4.10268
219 2.185 0.356015 4.13631
220 2.195 0.436506 4.17791
221 2.205 0.525441 4.22844
222 2.215 0.62204 4.28881
223 2.225 0.72418 4.35973
224 2.235 0.82978 4.44172
225 2.245 0.937941 4.53523
226 2.255 1.04575 4.64042
227 2.265 1.15163 4.75729
228 2.275 1.25532 4.88582
229 2.285 1.35696 5.02597
230 2.295 1.45562 5.17762
231 2.305 1.55322 5.34087
232 2.315 1.65028 5.51582
233 2.325 1.74568 5.70248
234 2.335 1.83635 5.90053
235 2.345 1.91886 6.10926
236 2.355 1.98552 6.32709
237 2.365 2.0298 6.55167
238 2.375 2.04739 6.78011
239 2.385 2.03459 7.00905
240 2.395 1.9921 7.23508
241 2.405 1.92574 7.45542
242 2.415 1.84231 7.66796
243 2.425 1.75071 7.87161
244 2.435 1.65872 8.06616
245 2.445 1.57271 8.25214
246 2.455 1.4982 8.43076
247 2.465 1.43568 8.60332
248 2.475 1.3855 8.7712
249 2.485 1.34603 8.93563
250 2.495 1.31646 9.09773
251 2.505 1.29613 9.25862
252 2.515 1.28756 9.41972
253 2.525 1.29368 9.58288
254 2.535 1.31886 9.75053
255 2.545 1.36599 9.92554
256 2.555 1.43882 10.1113
257 2.565 1.53473 10.3111
258 2.575 1.64893 10.5274
259 2.585 1.77364 10.7618
260 2.595 1.89714 11.0145
261 2.605 2.00895 11.2842
262 2.615 2.09786 11.568
263 2.625 2.1558 11.8618
264 2.635 2.17895 12.1611
265 2.645 2.16641 12.4609
266 2.655 2.11933 12.7564
267 2.665 2.04596 13.0438
268 2.675 1.95193 13.3201
269 2.685 1.84709 13.5835
270 2.695 1.73668 13.8331
271 2.705 1.62709 14.0686
272 2.715 1.52036 14.2902
273 2.725 1.41711 14.4984
274 2.735 1.3163 14.6932
275 2.745 1.2165 14.8745
276 2.755 1.11589 15.042
277 2.765 1.01491 15.1955
278 2.775 0.911968 15.3344
279 2.785 0.810003 15.4587
280 2.795 0.711743 15.5687
281 2.805 0.620078 15.6652
282 2.815 0.538086 15.7496
283 2.825 0.467746 15.8234
284 2.835 0.410864 15.8887
285 2.845 0.368535 15.9477
286 2.855 0.340158 16.0026
287 2.865 0.324883 16.0553
288 2.875 0.321103 16.1078
289 2.885 0.327292 16.1617
290 2.895 0.341754 16.2184
291 2.905 0.362303 16.2789
292 2.915 0.387583 16.344
293 2.925 0.415551 16.4143
294 2.935 0.445287 16.4902
295 2.945 0.475079 16.5717
296 2.955 0.504855 16.6589
297 2.965 0.533876 16.7518
298 2.975 0.561381 16.85
299 2.985 0.588022 16.9537
300 2.995 0.613329 17.0625
301 3.005 0.637994 17.1765
302 3.015 0.662036 17.2955
303 3.025 0.686062 17.4197
304 3.035 0.709444 17.549
305 3.045 0.732357 17.6833
306 3.055 0.754042 17.8225
307 3.065 0.773324 17.9662
308 3.075 0.789299 18.1138
309 3.085 0.799756 18.2644
310 3.095 0.804638 18.4169
311 3.105 0.802878 18.57
312 3.115 0.793672 18.7223
313 3.125 0.776985 18.8724
314 3.135 0.75517 19.0192
315 3.145 0.729582 19.162
316 3.155 0.702252 19.3003
317 3.165 0.677428 19.4345
318 3.175 0.65828 19.5658
319 3.185 0.648528 19.6959
320 3.195 0.651798 19.8275
321 3.205 0.671708 19.964
322 3.215 0.711022 20.1094
323 3.225 0.773257 20.2685
324 3.235 0.858891 20.4463
325 3.245 0.967443 20.6478
326 3.255 1.09793 20.8779
327 3.265 1.24689 21.1408
328 3.275 1.40888 21.4398
329 3.285 1.577 21.7764
330 3.295 1.74464 22.1511
331 3.305 1.90283 22.5622
332 3.315 2.04367 23.0065
333 3.325 2.15863 23.4786
334 3.335 2.24164 23.9717
335 3.345 2.2911 24.4788
336 3.355 2.30396 24.9918
337 3.365 2.28255 25.5031
338 3.375 2.23034 26.0056
339 3.385 2.15233 26.4935
340 3.395 2.05415 26.9618
341 3.405 1.94401 27.4077
342 3.415 1.82893 27.8296
343 3.425 1.71354 28.2272
344 3.435 1.60357 28.6015
345 3.445 1.50154 28.954
346 3.455 1.41026 29.287
347 3.465 1.32899 29.6026
348 3.475 1.25847 29.9032
349 3.485 1.19768 30.191
350 3.495 1.14654 30.468
351 3.505 1.10333 30.7361
352 3.515 1.06674 30.9969
353 3.525 1.03571 31.2514
354 3.535 1.01018 31.5011
355 3.545 0.988697 31.7469
356 3.555 0.971149 31.9897
357 3.565 0.957074 32.2303
358 3.575 0.945153 32.4693
359 3.585 0.935992 32.7072
360 3.595 0.928454 32.9446
361 3.605 0.922644 33.1818
362 3.615 0.918221 33.4191
363 3.625 0.915709 33.6572
364 3.635 0.91479 33.8963
365 3.645 0.915694 34.1369
366 3.655 0.917908 34.3795
367 3.665 0.920126 34.624
368 3.675 0.921132 34.8701
369 3.685 0.919202 35.117
370 3.695 0.912124 35.3633
371 3.705 0.898 35.6072
372 3.715 0.875383 35.8461
373 3.725 0.843456 36.0777
374 3.735 0.802437 36.2991
375 3.745 0.753864 36.5082
376 3.755 0.698556 36.7031
377 3.765 0.639537 36.8824
378 3.775 0.579285 37.0457
379 3.785 0.519834 37.193
380 3.795 0.463135 37.325
381 3.805 0.410625 37.4426
382 3.815 0.363362 37.5472
383 3.825 0.321484 37.6402
384 3.835 0.285489 37.7233
385 3.845 0.255387 37.798
386 3.855 0.230876 37.8658
387 3.865 0.212193 37.9285
388 3.875 0.199307 37.9877
389 3.885 0.191631 38.0449
390 3.895 0.189728 38.1019
391 3.905 0.193296 38.1602
392 3.915 0.20231 38.2215
393 3.925 0.216325 38.2874
394 3.935 0.235438 38.3596
395 3.945 0.259044 38.4393
396 3.955 0.287136 38.5282
397 3.965 0.318965 38.6274
398 3.975 0.354361 38.7381
399 3.985 0.392679 38.8615
400 3.995 0.432766 38.9981
401 4.005 0.473906 39.1485
402 4.015 0.51492 39.3127
403 4.025 0.555273 39.4906
404 4.035 0.593776 39.6818
405 4.045 0.630113 39.8858
406 4.055 0.663503 40.1016
407 4.065 0.694772 40.3287
408 4.075 0.724113 40.5665
409 4.085 0.751835 40.8147
410 4.095 0.779434 41.0733
411 4.105 0.807588 41.3425
412 4.115 0.836267 41.6226
413 4.125 0.865394 41.9139
414 4.135 0.895704 42.2168
415 4.145 0.925796 42.5315
416 4.155 0.955466 42.8578
417 4.165 0.9841 43.1954
418 4.175 1.01071 43.5439
419 4.185 1.03545 43.9027
420 4.195 1.05767 44.2709
421 4.205 1.07666 44.6474
422 4.215 1.093 45.0316
423 4.225 1.10574 45.422
424 4.235 1.11476 45.8175
425 4.245 1.11997 46.2167
426 4.255 1.12038 46.618
427 4.265 1.11682 47.0198
428 4.275 1.11018 47.4212
429 4.285 1.10147 47.8212
430 4.295 1.09128 48.2195
431 4.305 1.08143 48.6159
432 4.315 1.07464 49.0117
433 4.325 1.07139 49.4082
434 4.335 1.07431 49.8075
435 4.345 1.08282 50.2119
436 4.355 1.09567 50.623
437 4.365 1.11237 51.0422
438 4.375 1.13041 51.4702
439 4.385 1.14677 51.9064
440 4.395 1.1589 52.3492
441 4.405 1.16492 52.7963
442 4.415 1.16394 53.2451
443 4.425 1.15529 53.6926
444 4.435 1.14034 54.1363
445 4.445 1.12093 54.5744
446 4.455 1.09988 55.0062
447 4.465 1.07907 55.4318
448 4.475 1.06077 55.852
449 4.485 1.04754 56.2688
450 4.495 1.03989 56.6844
451 4.505 1.03822 57.1012
452 4.515 1.04201 57.5214
453 4.525 1.05077 57.947
454 4.535 1.06282 58.3794
455 4.545 1.07734 58.8196
456 4.555 1.09375 59.2685
457 4.565 1.11097 59.7265
458 4.575 1.12952 60.1941
459 4.585 1.14919 60.672
460 4.595 1.17047 61.1609
461 4.605 1.19348 61.6615
462 4.615 1.21781 62.1746
463 4.625 1.2425 62.7003
464 4.635 1.26653 63.2386
465 4.645 1.28815 63.7884
466 4.655 1.30566 64.348
467 4.665 1.31725 64.9151
468 4.675 1.32152 65.4864
469 4.685 1.31749 66.0584
470 4.695 1.30464 66.6273
471 4.705 1.28352 67.1894
472 4.715 1.2558 67.7416
473 4.725 1.22324 68.2818
474 4.735 1.18728 68.8084
475 4.745 1.15064 69.3209
476 4.755 1.11472 69.8194
477 4.765 1.0818 70.3053
478 4.775 1.05334 70.7804
479 4.785 1.03083 71.2473
480 4.795 1.01561 71.7092
481 4.805 1.00731 72.1692
482 4.815 1.0073 72.6312
483 4.825 1.01488 73.0985
484 4.835 1.02948 73.5746
485 4.845 1.0496 74.062
486 4.855 1.0721 74.5619
487 4.865 1.0938 75.074
488 4.875 1.11085 75.5962
489 4.885 1.12006 76.1249
490 4.895 1.11833 76.655
491 4.905 1.10393 77.1804
492 4.915 1.07643 77.6947
493 4.925 1.03744 78.1925
494 4.935 0.989862 78.6694
495 4.945 0.938173 79.1232
496 4.955 0.887543 79.5542
497 4.965 0.842949 79.9653
498 4.975 0.810328 80.362
499 4.985 0.793532 80.7521
500 4.995 0.795692 81.1448
