# Time-averaged data for fix rdf_p
# TimeStep Number-of-rows
# Row c_rdf_p[1] c_rdf_p[2] c_rdf_p[3] c_rdf_p[4] c_rdf_p[5] c_rdf_p[6] c_rdf_p[7] c_rdf_p[8] c_rdf_p[9] c_rdf_p[10] c_rdf_p[11] c_rdf_p[12] c_rdf_p[13]
1000000 500
1 0.005 0 0 0 0 0 0 0 0 0 0 0 0
2 0.015 0 0 0 0 0 0 0 0 0 0 0 0
3 0.025 0 0 0 0 0 0 0 0 0 0 0 0
4 0.035 0 0 0 0 0 0 0 0 0 0 0 0
5 0.045 0 0 0 0 0 0 0 0 0 0 0 0
6 0.055 0 0 0 0 0 0 0 0 0 0 0 0
7 0.065 0 0 0 0 0 0 0 0 0 0 0 0
8 0.075 0 0 0 0 0 0 0 0 0 0 0 0
9 0.085 0 0 0 0 0 0 0 0 0 0 0 0
10 0.095 0 0 0 0 0 0 0 0 0 0 0 0
11 0.105 0 0 0 0 0 0 0 0 0 0 0 0
12 0.115 0 0 0 0 0 0 0 0 0 0 0 0
13 0.125 0 0 0 0 0 0 0 0 0 0 0 0
14 0.135 0 0 0 0 0 0 0 0 0 0 0 0
15 0.145 0 0 0 0 0 0 0 0 0 0 0 0
16 0.155 0 0 0 0 0 0 0 0 0 0 0 0
17 0.165 0 0 0 0 0 0 0 0 0 0 0 0
18 0.175 0 0 0 0 0 0 0 0 0 0 0 0
19 0.185 0 0 0 0 0 0 0 0 0 0 0 0
20 0.195 0 0 0 0 0 0 0 0 0 0 0 0
21 0.205 0 0 0 0 0 0 0 0 0 0 0 0
22 0.215 0 0 0 0 0 0 0 0 0 0 0 0
23 0.225 0 0 0 0 0 0 0 0 0 0 0 0
24 0.235 0 0 0 0 0 0 0 0 0 0 0 0
25 0.245 0 0 0 0 0 0 0 0 0 0 0 0
26 0.255 0 0 0 0 0 0 0 0 0 0 0 0
27 0.265 0 0 0 0 0 0 0 0 0 0 0 0
28 0.275 0 0 0 0 0 0 0 0 0 0 0 0
29 0.285 0 0 0 0 0 0 0 0 0 0 0 0
30 0.295 0 0 0 0 0 0 0 0 0 0 0 0
31 0.305 0 0 0 0 0 0 0 0 0 0 0 0
32 0.315 0 0 0 0 0 0 0 0 0 0 0 0
33 0.325 0 0 0 0 0 0 0 0 0 0 0 0
34 0.335 0 0 0 0 0 0 0 0 0 0 0 0
35 0.345 0 0 0 0 0 0 0 0 0 0 0 0
36 0.355 0 0 0 0 0 0 0 0 0 0 0 0
37 0.365 0 0 0 0 0 0 0 0 0 0 0 0
38 0.375 0 0 0 0 0 0 0 0 0 0 0 0
39 0.385 0 0 0 0 0 0 0 0 0 0 0 0
40 0.395 0 0 0 0 0 0 0 0 0 0 0 0
41 0.405 0 0 0 0 0 0 0 0 0 0 0 0
42 0.415 0 0 0 0 0 0 0 0 0 0 0 0
43 0.425 0 0 0 0 0 0 0 0 0 0 0 0
44 0.435 0 0 0 0 0 0 0 0 0 0 0 0
45 0.445 0 0 0 0 0 0 0 0 0 0 0 0
46 0.455 0 0 0 0 0 0 0 0 0 0 0 0
47 0.465 0 0 0 0 0 0 0 0 0 0 0 0
48 0.475 0 0 0 0 0 0 0 0 0 0 0 0
49 0.485 0 0 0 0 0 0 0 0 0 0 0 0
50 0.495 0 0 0 0 0 0 0 0 0 0 0 0
51 0.505 0 0 0 0 0 0 0 0 0 0 0 0
52 0.515 0 0 0 0 0 0 0 0 0 0 0 0
53 0.525 0 0 0 0 0 0 0 0 0 0 0 0
54 0.535 0 0 0 0 0 0 0 0 0 0 0 0
55 0.545 0 0 0 0 0 0 0 0 0 0 0 0
56 0.555 0 0 0 0 0 0 0 0 0 0 0 0
57 0.565 0 0 0 0 0 0 0 0 0 0 0 0
58 0.575 0 0 0 0 0 0 0 0 0 0 0 0
59 0.585 0 0 0 0 0 0 0 0 0 0 0 0
60 0.595 0 0 0 0 0 0 0 0 0 0 0 0
61 0.605 0 0 0 0 0 0 0 0 0 0 0 0
62 0.615 0 0 0 0 0 0 0 0 0 0 0 0
63 0.625 0 0 0 0 0 0 0 0 0 0 0 0
64 0.635 0 0 0 0 0 0 0 0 0 0 0 0
65 0.645 0 0 0 0 0 0 0 0 0 0 0 0
66 0.655 0 0 0 0 0 0 0 0 0 0 0 0
67 0.665 0 0 0 0 0 0 0 0 0 0 0 0
68 0.675 0 0 0 0 0 0 0 0 0 0 0 0
69 0.685 0 0 0 0 0 0 0 0 0 0 0 0
70 0.695 0 0 0 0 0 0 0 0 0 0 0 0
71 0.705 0 0 0 0 0 0 0 0 0 0 0 0
72 0.715 0 0 0 0 0 0 0 0 0 0 0 0
73 0.725 0 0 0 0 0 0 0 0 0 0 0 0
74 0.735 0 0 0 0 0 0 0 0 0 0 0 0
75 0.745 0 0 0 0 0 0 0 0 0 0 0 0
76 0.755 0 0 0 0 0 0 0 0 0 0 0 0
77 0.765 0 0 0 0 0 0 0 0 0 0 0 0
78 0.775 0 0 0 0 0 0 0 0 0 0 0 0
79 0.785 0 0 0 0 0 0 0 0 0 0 0 0
80 0.795 0 0 0 0 0 0 0 0 0 0 0 0
81 0.805 0 0 0 0 0 0 0 0 0 0 0 0
82 0.815 0 0 0 0 0 0 0 0 0 0 0 0
83 0.825 0 0 0 0 0 0 0 0 0 0 0 0
84 0.835 0 0 0 0 0 0 0 0 0 0 0 0
85 0.845 0 0 0 0 0 0 0 0 0 0 0 0
86 0.855 0 0 0 0 0 0 0 0 0 0 0 0
87 0.865 0 0 0 0 0 0 0 0 0 0 0 0
88 0.875 0 0 0 0 0 0 0 0 0 0 0 0
89 0.885 0 0 0 0 0 0 0 0 0 0 0 0
90 0.895 0 0 0 0 0 0 0 0 2.46281e-06 9.76563e-09 0 0
91 0.905 0 0 0 0 0 0 0 0 1.05982e-05 5.27344e-08 0 0
92 0.915 0 0 0 0 0 0 0 0 7.72876e-05 3.73047e-07 0 0
93 0.925 0 0 0 0 0 0 0 0 0.000313569 1.70117e-06 0 0
94 0.935 0 0 0 0 0 0 0 0 0.00153945 8.36328e-06 0 0
95 0.945 0 0 0 0 0 0 0 0 0.0059354 3.46016e-05 0 0
96 0.955 0 0 0 0 0 0 0 0 0.0197623 0.000123822 0 0
97 0.965 0 0 0 0 0 0 0 0 0.0564786 0.000384174 0 0
98 0.975 0 0 0 0 0 0 0 0 0.138616 0.00103647 0 0
99 0.985 0 0 0 0 0 0 0 0 0.29817 0.00246852 0 0
100 0.995 0 0 0 0 0 0 0 0 0.571365 0.00526867 0 0
101 1.005 0 0 0 0 0 0 0 0 0.980907 0.010173 0 0
102 1.015 0 0 0 0 0 0 0 0 1.5293 0.0179721 0 0
103 1.025 0 0 0 0 0 0 0 0 2.18794 0.0293512 0 0
104 1.035 0 0 0 0 0 0 0 0 2.9091 0.0447774 0 0
105 1.045 0 0 0 0 0 0 0 0 3.62487 0.0643725 0 0
106 1.055 0 0 0 0 0 0 0 0 4.26433 0.0878675 0 0
107 1.065 0 0 0 0 0 0 0 0 4.78962 0.114759 0 0
108 1.075 0 0 0 0 0 0 0 0 5.17477 0.144362 0 0
109 1.085 0 0 0 0 0 0 0 0 5.42131 0.175954 0 0
110 1.095 0 0 0 0 0 0 0 0 5.53872 0.208829 0 0
111 1.105 0 0 0 0 0 0 0 0 5.54808 0.242363 0 0
112 1.115 0 0 0 0 0 0 0 0 5.47668 0.276068 0 0
113 1.125 0 0 0 0 0 0 0 0 5.35668 0.309628 0 0
114 1.135 0 0 0 0 0 0 0 0 5.20466 0.342817 0 0
115 1.145 0 0 0 0 0 0 0 0 5.03601 0.3755 0 0
116 1.155 0 0 0 0 0 0 0 0 4.86407 0.407621 0 0
117 1.165 0 0 0 0 0 0 0 0 4.69965 0.439195 0 0
118 1.175 0 0 0 0 0 0 0 0 4.53693 0.470202 0 0
119 1.185 0 0 0 0 0 0 0 0 4.38277 0.500667 0 0
120 1.195 0 0 0 0 0 0 0 0 4.23534 0.530607 0 0
121 1.205 0 0 0 0 0 0 0 0 4.09416 0.560035 0 0
122 1.215 0 0 0 0 0 0 0 0 3.96373 0.589 0 0
123 1.225 0 0 0 0 0 0 0 0 3.83565 0.617493 0 0
124 1.235 0 0 0 0 0 0 0 0 3.71173 0.645517 0 0
125 1.245 0 0 0 0 0 0 0 0 3.58578 0.67303 0 0
126 1.255 0 0 0 0 0 0 0 0 3.46123 0.700016 0 0
127 1.265 0 0 0 0 0 0 0 0 3.33187 0.726409 0 0
128 1.275 0 0 0 0 0 0 0 0 3.19654 0.752132 0 0
129 1.285 0 0 0 0 0 0 0 0 3.05398 0.777095 0 0
130 1.295 0 0 0 0 0 0 0 0 2.90052 0.801173 0 0
131 1.305 0 0 0 0 0 0 0 0 2.73526 0.824232 0 0
132 1.315 0 0 0 0 0 0 0 0 2.55546 0.846107 0 0
133 1.325 0 0 0 0 0 0 0 0 2.36068 0.866623 0 0
134 1.335 0 0 0 0 0 0 0 0 2.15851 0.885666 0 0
135 1.345 0 0 0 0 0 0 0 0 1.95258 0.903151 0 0
136 1.355 0 0 0 0 0 0 0 0 1.73818 0.918949 0 0
137 1.365 0 0 0 0 0 0 0 0 1.52989 0.933059 0 0
138 1.375 0 0 0 0 0 0 0 0 1.32497 0.94546 0 0
139 1.385 0 0 0 0 0 0 0 0 1.13097 0.956199 0 0
140 1.395 0 0 0 0 0 0 0 0 0.948007 0.965331 0 0
141 1.405 0 0 0 0 0 0 0 0 0.782123 0.972974 0 0
142 1.415 0 0 0 0 0 0 0 0 0.634074 0.979258 0 0
143 1.425 0 0 0 0 0 0 0 0 0.50487 0.984333 0 0
144 1.435 0 0 0 0 0 0 0 0 0.394484 0.988354 0 0
145 1.445 0 0 0 0 0 0 0 0 0.302233 0.991478 0 0
146 1.455 0 0 0 0 0 0 0 0 0.227885 0.993866 0 0
147 1.465 0 0 0 0 0 0 0 0 0.167815 0.995649 0 0
148 1.475 0 0 0 0 0 0 0 0 0.121707 0.99696 0 0
149 1.485 0 0 0 0 0 0 0 0 0.086971 0.99791 0 0
150 1.495 0 0 0 0 0 0 0 0 0.0609328 0.998584 0 0
151 1.505 0 0 0 0 0 0 0 0 0.0422087 0.999057 0 0
152 1.515 0 0 0 0 0 0 0 0 0.0287033 0.999383 0 0
153 1.525 0 0 0 0 0 0 0 0 0.0191795 0.999604 0 0
154 1.535 0 0 0 0 0 0 0 0 0.0124379 0.999749 0 0
155 1.545 0 0 0 0 0 0 0 0 0.00801686 0.999844 0 0
156 1.555 0 0 0 0 0 0 0 0 0.00499556 0.999903 0 0
157 1.565 0 0 0 0 0 0 0 0 0.00313974 0.999941 0 0
158 1.575 0 0 0 0 0 0 0 0 0.00192951 0.999965 0 0
159 1.585 0 0 0 0 0 0 0 0 0.00116284 0.99998 0 0
160 1.595 0 0 0 0 0 0 0 0 0.000693882 0.999988 0 0
161 1.605 0 0 0 0 0 0 0 0 0.000401753 0.999993 0 0
162 1.615 0 0 0 0 0 0 0 0 0.000222222 0.999996 0 0
163 1.625 0 0 0 0 0 0 0 0 0.00012596 0.999998 0 0
164 1.635 0 0 1.62356e-06 4.29687e-08 0 0 0 0 6.2138e-05 0.999999 0 0
165 1.645 0 0 5.83229e-06 1.99219e-07 0 0 0 0 3.86389e-05 0.999999 0 0
166 1.655 0 0 2.92423e-05 9.92187e-07 0 0 0 0 2.08873e-05 1 0 0
167 1.665 0 0 0.000125246 4.42969e-06 0 0 0 0 1.1813e-05 1 0 0
168 1.675 0 0 0.00054143 1.94687e-05 0 0 0 0 5.34398e-06 1 0 0
169 1.685 0 0 0.00193303 7.38047e-05 0 0 0 0 3.19624e-06 1 0 0
170 1.695 0 0 0.0062449 0.000251434 0 0 0 0 2.33464e-06 1 0 0
171 1.705 0 0 0.0181478 0.000773734 0 0 0 0 2.57879e-06 1 0 0
172 1.715 0 0 0.0479516 0.00217004 0 0 0 0 8.04886e-07 1 0 0
173 1.725 0 0 0.115594 0.00557539 0 0 0 0 0 1 0 0
174 1.735 0 0 0.254562 0.0131619 0 0 0 0 0 1 0 0
175 1.745 0 0 0.514612 0.0286757 0 0 0 0 0 1 0 0
176 1.755 0 0 0.960388 0.057961 0 0 0 0 0 1 0 0
177 1.765 0 0 1.66667 0.109364 0 0 0 0 0 1 0 0
178 1.775 0 0 2.69347 0.193379 0 0 0 0 0 1 0 0
179 1.785 0 0 4.06459 0.321595 0 0 0 0 0 1 0 0
180 1.795 0 0 5.76041 0.505346 0 0 0 0 0 1 0 0
181 1.805 0 0 7.68352 0.753182 0 0 0 0 0 1 0 0
182 1.815 0 0 9.67598 1.06875 0 0 0 0 0 1 0 0
183 1.825 0 0 11.5479 1.44954 0 0 0 0 0 1 0 0
184 1.835 0 0 13.0953 1.88609 0 0 0 0 0 1 0 0
185 1.845 0 0 14.1349 2.36245 0 0 0 0 0 1 0 0
186 1.855 0 0 14.5733 2.85892 0 0 0 0 0 1 0 0
187 1.865 0 0 14.3574 3.35333 0 0 0 0 0 1 0 0
188 1.875 0 0 13.5718 3.8257 0 0 0 0 0 1 0 0
189 1.885 0 0 12.3169 4.25898 0 0 0 0 0 1 0 0
190 1.895 0 0 10.7584 4.64147 8.78988e-07 1.5625e-08 0 0 4.39494e-07 1 0 0
191 1.905 0 0 9.06186 4.96705 1.30468e-06 3.90625e-08 0 0 7.61061e-07 1 0 0
192 1.915 0 0 7.36651 5.2345 4.08844e-06 1.13281e-07 0 0 2.15181e-07 1 0 0
193 1.925 0 0 5.78914 5.44689 4.04607e-06 1.875e-07 0 0 1.27771e-06 1 0 0
194 1.935 0 0 4.40834 5.6103 1.20131e-05 4.10156e-07 0 0 2.52907e-06 1 0 0
195 1.945 0 0 3.25255 5.73212 2.46141e-05 8.71094e-07 0 0 5.00626e-06 1 0 0
196 1.955 0 0 2.33004 5.82028 3.67509e-05 1.56641e-06 0 0 1.43494e-05 1 0 0
197 1.965 0 0 1.62237 5.8823 9.11488e-05 3.30859e-06 0 0 2.59549e-05 1 0 0
198 1.975 0 0 1.09633 5.92464 0.000197045 7.11328e-06 0 0 4.1068e-05 1 0 0
199 1.985 0 0 0.72416 5.95289 0.000420171 1.53086e-05 0 0 6.87935e-05 1 0 0
200 1.995 0 0 0.46403 5.97117 0.000758777 3.02578e-05 0 0 0.000128974 1.00001 0 0
201 2.005 0 0 0.290822 5.98275 0.00153052 6.07148e-05 0 0 0.00022898 1.00001 0 0
202 2.015 0 0 0.177522 5.98988 0.00277789 0.000116547 0 0 0.000400853 1.00002 0 0
203 2.025 0 0 0.105976 5.99419 0.00495759 0.00021718 0 0 0.000679981 1.00003 0 0
204 2.035 0 0 0.0618923 5.99672 0.00860321 0.000393543 0 0 0.00111015 1.00005 0 0
205 2.045 0 0 0.0355787 5.9982 0.0148746 0.000701473 0 0 0.00183843 1.00009 0 0
206 2.055 0 0 0.0198262 5.99903 0.024862 0.0012212 0 0 0.00303312 1.00016 0 0
207 2.065 0 0 0.0107513 5.99948 0.0400223 0.00206602 0 0 0.00486556 1.00026 0 0
208 2.075 0 0 0.00579179 5.99973 0.0631658 0.0034123 0 0 0.00775092 1.00042 0 0
209 2.085 0 0 0.00306981 5.99986 0.0974468 0.0055093 0 0 0.012146 1.00069 0 0
210 2.095 0 0 0.00158209 5.99993 0.146954 0.00870208 0 0 0.0185014 1.00109 0 0
211 2.105 0 0 0.000826066 5.99996 0.215908 0.0134379 0 0 0.0278445 1.0017 0 0
212 2.115 0 0 0.000405917 5.99998 0.310005 0.0203023 0 0 0.0412316 1.00261 0 0
213 2.125 0 0 0.00022578 5.99999 0.433638 0.0299955 0 0 0.0602285 1.00396 0 0
214 2.135 0 0 9.56485e-05 6 0.594299 0.0434052 0 0 0.086601 1.00591 0 0
215 2.145 0 0 4.39063e-05 6 0.793446 0.0614765 0 0 0.122683 1.00871 0 0
216 2.155 0 0 1.9286e-05 6 1.03634 0.0853005 0 0 0.170623 1.01263 0 0
217 2.165 0 0 9.76458e-06 6 1.32031 0.115935 0 0 0.233582 1.01805 0 0
218 2.175 0 0 5.25453e-06 6 1.64873 0.154544 0 0 0.314457 1.02541 0 0
219 2.185 0 0 2.23137e-06 6 2.01377 0.202136 2.73257e-06 1.28906e-07 0.415783 1.03524 6.63741e-07 1.5625e-08
220 2.195 0 0 1.14649e-06 6 2.40697 0.259542 8.77961e-06 5.46875e-07 0.540828 1.04814 6.57707e-07 3.125e-08
221 2.205 0 0 7.3036e-07 6 2.81545 0.327303 3.74839e-05 2.34766e-06 0.691949 1.06479 6.51755e-07 4.6875e-08
222 2.215 0 0 0 6 3.22912 0.405727 0.000133194 8.80469e-06 0.871038 1.08594 2.58353e-06 1.09375e-07
223 2.225 0 0 0 6 3.63236 0.494743 0.000421393 2.9418e-05 1.07729 1.11235 2.24032e-06 1.64062e-07
224 2.235 0 0 0 6 4.00917 0.593878 0.0011728 8.73047e-05 1.31012 1.14474 7.29532e-06 3.4375e-07
225 2.245 0 0 0 6 4.3544 0.702516 0.00317738 0.000245539 1.56773 1.18385 9.11668e-06 5.70312e-07
226 2.255 0 0 0 6 4.65189 0.819611 0.00803618 0.000649316 1.84496 1.23029 1.55793e-05 9.60938e-07
227 2.265 0 0 0 6 4.9014 0.944084 0.0185578 0.00159004 2.13279 1.28446 3.02664e-05 1.72656e-06
228 2.275 0 0 0 6 5.10298 1.07482 0.0394316 0.00360658 2.42554 1.3466 4.77566e-05 2.94531e-06
229 2.285 0 0 0 6 5.26074 1.21079 0.0779881 0.00763004 2.71432 1.41675 7.64715e-05 4.91406e-06
230 2.295 0 0 0 6 5.37859 1.35102 0.141936 0.0150168 2.98581 1.4946 0.000105287 7.64844e-06
231 2.305 0 0 0 6 5.47118 1.49492 0.240878 0.0276624 3.23078 1.57957 0.00016044 1.18516e-05
232 2.315 0 0 0 6 5.54992 1.64215 0.381023 0.0478392 3.43939 1.67082 0.000244202 1.83047e-05
233 2.325 0 0 0 6 5.62779 1.79274 0.564052 0.0779668 3.59895 1.76712 0.000384556 2.85547e-05
234 2.335 0 0 0 6 5.71057 1.94687 0.779963 0.119986 3.70434 1.8671 0.000569579 4.38672e-05
235 2.345 0 0 0 6 5.80674 2.10493 1.01407 0.175086 3.75226 1.96924 0.00082664 6.62813e-05
236 2.355 0 0 0 6 5.91897 2.26743 1.23903 0.242985 3.73794 2.07186 0.00121702 9.95625e-05
237 2.365 0 0 0 6 6.04524 2.43481 1.42965 0.321997 3.66136 2.17323 0.00170447 0.00014657
238 2.375 0 0 0 6 6.18116 2.6074 1.56525 0.409236 3.52814 2.27174 0.00255278 0.00021757
239 2.385 0 0 0 6 6.3178 2.78529 1.62922 0.500806 3.34456 2.36592 0.00365478 0.000320078
240 2.395 0 0 0 6 6.44553 2.96831 1.6216 0.592715 3.11813 2.45445 0.00513278 0.00046525
241 2.405 0 0 0 6 6.5536 3.15595 1.56133 0.681948 2.85857 2.5363 0.00718905 0.000670281
242 2.415 0 0 0 6 6.63226 3.34742 1.46711 0.766494 2.57916 2.61076 0.0100979 0.000960672
243 2.425 0 0 0 6 6.66606 3.54147 1.37175 0.846202 2.29044 2.67744 0.0138288 0.00136166
244 2.435 0 0 0 6 6.64989 3.73665 1.30115 0.922432 2.00011 2.73614 0.0189699 0.00191626
245 2.445 0 0 0 6 6.57361 3.93118 1.27531 0.997763 1.71873 2.787 0.0254498 0.00266643
246 2.455 0 0 0 6 6.44132 4.12335 1.30756 1.07563 1.4528 2.83034 0.0340882 0.00367947
247 2.465 0 0 0 6 6.24748 4.31127 1.39671 1.15949 1.20819 2.86668 0.044945 0.00502605
248 2.475 0 0 0 6 5.99672 4.4931 1.53783 1.25257 0.988678 2.89666 0.0591374 0.00681226
249 2.485 0 0 0 6 5.69518 4.6672 1.7194 1.35748 0.79615 2.921 0.0766615 0.00914652
250 2.495 3.0543e-06 9.375e-08 0 6 5.34953 4.83204 1.93429 1.47646 0.631052 2.94045 0.097885 0.012151
251 2.505 1.38873e-05 5.23438e-07 0 6 4.96438 4.98624 2.17823 1.61152 0.49236 2.95574 0.124173 0.0159931
252 2.515 3.23136e-05 1.53125e-06 0 6 4.55656 5.12891 2.45513 1.76496 0.377592 2.96756 0.156569 0.0208762
253 2.525 0.000131215 5.65625e-06 0 6 4.12953 5.25924 2.77687 1.9399 0.284743 2.97655 0.195399 0.027019
254 2.535 0.000333837 1.62344e-05 0 6 3.69413 5.37676 3.1571 2.14036 0.212065 2.9833 0.241583 0.0346739
255 2.545 0.000891404 4.47031e-05 0 6 3.26276 5.48137 3.60566 2.37112 0.155051 2.98827 0.294641 0.0440839
256 2.555 0.00220212 0.000115586 0 6 2.84566 5.57332 4.13368 2.63776 0.111808 2.99188 0.356902 0.055572
257 2.565 0.00487497 0.000273734 0 6 2.44613 5.65299 4.73213 2.94539 0.0792137 2.99446 0.427799 0.0694502
258 2.575 0.010396 0.000613625 0 6 2.07635 5.72114 5.37732 3.29769 0.0553622 2.99628 0.507259 0.0860347
259 2.585 0.0207685 0.00129792 0 6 1.73728 5.77861 6.0391 3.69644 0.0380328 2.99754 0.596207 0.105679
260 2.595 0.040593 0.00264578 0 6 1.43273 5.82637 6.66892 4.14018 0.0257777 2.99839 0.694785 0.128749
261 2.605 0.0750112 0.0051557 0 6 1.16593 5.86553 7.22379 4.62455 0.0172537 2.99897 0.800646 0.155539
262 2.615 0.131035 0.00957395 0 6 0.934402 5.89716 7.65947 5.14209 0.0115309 2.99936 0.913141 0.186328
263 2.625 0.221794 0.0171097 0 6 0.737927 5.92233 7.94144 5.68279 0.0077437 2.99963 1.03165 0.22138
264 2.635 0.357058 0.0293339 0 6 0.574818 5.94209 8.05348 6.2353 0.00535305 2.99981 1.15595 0.260955
265 2.645 0.548413 0.048252 0 6 0.441387 5.95738 7.99232 6.78779 0.00407061 2.99995 1.28147 0.30516
266 2.655 0.807555 0.0763205 0 6 0.33422 5.96904 7.76257 7.32846 0.00350114 3.00008 1.40513 0.353999
267 2.665 1.13635 0.116115 0 6 0.249175 5.9778 7.39897 7.8477 0.00364564 3.0002 1.52647 0.407456
268 2.675 1.53522 0.170282 0 6 0.18346 5.9843 6.92598 8.3374 0.00437649 3.00036 1.6434 0.46544
269 2.685 1.98787 0.240946 0 6 0.132619 5.98903 6.39016 8.79259 0.00582795 3.00057 1.75213 0.527723
270 2.695 2.47256 0.329494 0 6 0.094637 5.99243 5.81954 9.21024 0.00803489 3.00086 1.84999 0.593976
271 2.705 2.95872 0.436242 0 6 0.0664825 5.99484 5.24912 9.58975 0.0113841 3.00127 1.93448 0.66377
272 2.715 3.40047 0.559835 0 6 0.0463439 5.99653 4.6999 9.93206 0.0160007 3.00185 2.003 0.736572
273 2.725 3.75945 0.697485 0 6 0.0316938 5.9977 4.18522 10.2391 0.0222613 3.00267 2.05426 0.811787
274 2.735 4.00786 0.84531 0 6 0.0214813 5.99849 3.70803 10.5132 0.0305325 3.0038 2.08786 0.888795
275 2.745 4.10828 0.997948 0 6 0.0143551 5.99903 3.27248 10.7569 0.0415972 3.00535 2.10149 0.966873
276 2.755 4.0656 1.1501 0 6 0.00938912 5.99938 2.86987 10.9721 0.0561565 3.00746 2.09474 1.04527
277 2.765 3.88314 1.29649 0 6 0.00598659 5.99961 2.50101 11.161 0.0748192 3.01029 2.06698 1.12319
278 2.775 3.57024 1.43205 0 6 0.00386134 5.99975 2.15582 11.3251 0.0986806 3.01406 2.01995 1.19989
279 2.785 3.16643 1.55315 0 6 0.00244685 5.99985 1.83482 11.4657 0.128772 3.019 1.95606 1.27469
280 2.795 2.71596 1.65777 0 6 0.00156752 5.99991 1.53763 11.5844 0.165674 3.02541 1.8744 1.3469
281 2.805 2.24807 1.74498 1.10324e-06 6 0.000936949 5.99994 1.26517 11.6827 0.210977 3.03362 1.78266 1.41606
282 2.815 1.79867 1.81526 4.82977e-06 6 0.000573598 5.99997 1.02131 11.7627 0.265195 3.04403 1.67669 1.48157
283 2.825 1.39014 1.86996 8.70137e-06 6 0.00035557 5.99998 0.805306 11.8262 0.330082 3.05707 1.56202 1.54303
284 2.835 1.03667 1.91105 2.06184e-05 6 0.000198428 5.99999 0.620662 11.8755 0.405243 3.07319 1.44116 1.60015
285 2.845 0.748918 1.94094 4.56759e-05 6.00001 0.00011631 5.99999 0.466624 11.9128 0.492045 3.0929 1.31851 1.65277
286 2.855 0.523384 1.96197 9.59408e-05 6.00001 7.81274e-05 6 0.341914 11.9403 0.590481 3.11673 1.19308 1.70072
287 2.865 0.352027 1.97622 0.000186074 6.00003 4.36464e-05 6 0.24414 11.9601 0.700175 3.14518 1.07039 1.74404
288 2.875 0.229248 1.98556 0.000390042 6.00006 2.74953e-05 6 0.169531 11.974 0.819468 3.17871 0.951717 1.78283
289 2.885 0.144378 1.99149 0.000736051 6.00012 1.20408e-05 6 0.114763 11.9834 0.948371 3.21778 0.836405 1.81716
290 2.895 0.0884243 1.99514 0.00141836 6.00024 9.22722e-06 6 0.0756851 11.9897 1.08513 3.2628 0.729122 1.84729
291 2.905 0.0521514 1.99731 0.00263188 6.00046 5.42347e-06 6 0.048437 11.9937 1.22691 3.31405 0.630159 1.87351
292 2.915 0.029523 1.99855 0.00475469 6.00086 1.85735e-06 6 0.0304231 11.9963 1.37179 3.37175 0.540344 1.89615
293 2.925 0.0164146 1.99924 0.00816836 6.00155 4.61169e-07 6 0.0185604 11.9979 1.5154 3.43593 0.45939 1.91553
294 2.935 0.00875697 1.99961 0.0138245 6.00273 0 6 0.0109932 11.9988 1.65591 3.50655 0.387611 1.93199
295 2.945 0.00466302 1.99981 0.02278 6.00469 1.81971e-07 6 0.00639493 11.9993 1.78717 3.58327 0.325141 1.9459
296 2.955 0.0022449 1.99991 0.0362666 6.00782 1.80741e-07 6 0.00358482 11.9996 1.90921 3.6658 0.272409 1.95763
297 2.965 0.00112949 1.99996 0.0561688 6.01271 2.69286e-07 6 0.00192354 11.9998 2.01821 3.75363 0.228247 1.96752
298 2.975 0.00051987 1.99998 0.0844815 6.02011 0 6 0.00102627 11.9999 2.10953 3.84605 0.193418 1.97596
299 2.985 0.000256774 1.99999 0.123907 6.03104 0 6 0.000552074 12 2.1836 3.94236 0.167339 1.98331
300 2.995 0.000107394 2 0.176593 6.04673 0 6 0.000285281 12 2.23668 4.04168 0.149924 1.98995
301 3.005 3.89525e-05 2 0.243846 6.06853 0 6 0.000131777 12 2.27027 4.14316 0.141465 1.99624
302 3.015 9.23789e-06 2 0.328155 6.09806 0 6 6.42343e-05 12 2.28218 4.24585 0.141191 2.00257
303 3.025 8.83062e-06 2 0.428806 6.13691 0 6 3.45621e-05 12 2.27526 4.34891 0.150438 2.00936
304 3.035 6.19237e-06 2 0.544309 6.18654 0 6 1.61373e-05 12 2.24849 4.45144 0.169421 2.01706
305 3.045 2.30691e-05 2 0.672756 6.2483 0 6 7.0351e-06 12 2.20408 4.5526 0.199664 2.02618
306 3.055 4.83832e-05 2 0.808824 6.32303 5.91858e-07 6 1.56726e-06 12 2.14436 4.65167 0.241055 2.03728
307 3.065 0.000141505 2.00001 0.945608 6.41098 7.56003e-07 6 6.31235e-07 12 2.07116 4.74798 0.295054 2.05094
308 3.075 0.000361436 2.00003 1.07481 6.5116 5.84184e-07 6 0 12 1.98874 4.84107 0.363298 2.06788
309 3.085 0.000863863 2.00007 1.18677 6.62342 6.63318e-07 6 0 12 1.89765 4.93047 0.446805 2.08885
310 3.095 0.00175859 2.00015 1.27634 6.74446 9.88557e-07 6 0 12 1.8024 5.01594 0.54708 2.11469
311 3.105 0.00369934 2.00033 1.33765 6.87214 3.19215e-06 6 0 12 1.70453 5.09728 0.663669 2.14624
312 3.115 0.00717033 2.00067 1.36525 7.00329 4.71687e-06 6 0 12 1.60567 5.17441 0.798654 2.18445
313 3.125 0.013871 2.00134 1.35698 7.13449 9.77749e-06 6 0 12 1.50745 5.24728 0.951764 2.23028
314 3.135 0.0259989 2.0026 1.31838 7.26277 1.47735e-05 6 0 12 1.4132 5.31603 1.12303 2.2847
315 3.145 0.0466506 2.00487 1.25358 7.38552 3.11147e-05 6 0 12 1.3236 5.38084 1.31176 2.34868
316 3.155 0.0808577 2.00884 1.16932 7.50076 4.47118e-05 6.00001 0 12 1.23909 5.4419 1.51671 2.42312
317 3.165 0.13615 2.01557 1.07919 7.60779 7.18438e-05 6.00001 0 12 1.16141 5.49949 1.7369 2.50891
318 3.175 0.222249 2.02661 0.994588 7.70705 0.000116169 6.00001 0 12 1.08996 5.55388 1.97007 2.60684
319 3.185 0.349652 2.0441 0.928455 7.80029 0.00018125 6.00002 0 12 1.02491 5.60534 2.21286 2.71752
320 3.195 0.53255 2.07091 0.891705 7.89041 0.000305582 6.00004 0 12 0.967301 5.65422 2.4611 2.8414
321 3.205 0.786823 2.11076 0.894793 7.98141 0.000498037 6.00006 0 12 0.917253 5.70086 2.71451 2.97889
322 3.215 1.12394 2.16804 0.947528 8.07837 0.000800782 6.00011 0 12 0.875226 5.74564 2.96466 3.12998
323 3.225 1.56506 2.2483 1.05828 8.18734 0.00123831 6.00017 0 12 0.841887 5.78899 3.21048 3.29463
324 3.235 2.11288 2.35733 1.22851 8.31462 0.00193908 6.00027 0 12 0.817702 5.83135 3.44896 3.4726
325 3.245 2.76854 2.50108 1.45695 8.46651 0.00294191 6.00042 0 12 0.803061 5.87321 3.67465 3.6634
326 3.255 3.52181 2.68507 1.74256 8.6493 0.00442665 6.00066 2.23877e-07 12 0.798273 5.91507 3.88468 3.86634
327 3.265 4.35781 2.91413 2.0749 8.86828 0.00654665 6.001 2.59593e-07 12 0.804434 5.95752 4.07549 4.08056
328 3.275 5.24291 3.19141 2.44171 9.12756 0.00968517 6.00152 1.47434e-07 12 0.820538 6.00109 4.24591 4.30511
329 3.285 6.13721 3.51796 2.82674 9.42956 0.0139909 6.00226 9.15863e-07 12 0.84645 6.04631 4.39051 4.53873
330 3.295 6.99135 3.89224 3.21449 9.77507 0.0202228 6.00335 8.37487e-07 12 0.88234 6.09373 4.51285 4.78032
331 3.305 7.76117 4.31025 3.58289 10.1625 0.0287185 6.0049 1.99059e-06 12 0.926361 6.14381 4.60822 5.02851
332 3.315 8.40063 4.76544 3.91245 10.5882 0.0405257 6.00711 2.87795e-06 12 0.977462 6.19699 4.67657 5.28192
333 3.325 8.86405 5.24865 4.18269 11.046 0.0560414 6.01017 5.18496e-06 12 1.03343 6.25354 4.71683 5.53905
334 3.335 9.10688 5.74809 4.38171 11.5285 0.0770017 6.01441 1.41466e-05 12 1.09227 6.31368 4.72837 5.79836
335 3.345 9.13412 6.25202 4.50097 12.0271 0.10408 6.02018 2.68877e-05 12 1.15297 6.37754 4.71775 6.05864
336 3.355 8.94154 6.74829 4.53291 12.5322 0.139325 6.02794 4.65012e-05 12 1.21211 6.44508 4.68003 6.31839
337 3.365 8.54638 7.22546 4.48404 13.0349 0.183618 6.03823 9.27297e-05 12 1.26808 6.51615 4.6141 6.57601
338 3.375 7.9727 7.67325 4.35923 13.5265 0.239175 6.05172 0.000174471 12 1.32039 6.59061 4.52922 6.83039
339 3.385 7.26327 8.08361 4.17147 13.9997 0.308441 6.06921 0.000322248 12.0001 1.36609 6.66809 4.41756 7.07998
340 3.395 6.45536 8.45048 3.93339 14.4485 0.391766 6.09157 0.00058274 12.0001 1.40492 6.74825 4.28184 7.32332
341 3.405 5.60065 8.77066 3.66214 14.8689 0.491162 6.11975 0.0010422 12.0003 1.43763 6.83076 4.12556 7.55917
342 3.415 4.7489 9.04374 3.37308 15.2584 0.608073 6.15486 0.0018157 12.0005 1.4631 6.91522 3.95127 7.78639
343 3.425 3.92712 9.27089 3.07677 15.6157 0.742533 6.19798 0.00310098 12.0008 1.4821 7.00128 3.75987 8.00386
344 3.435 3.1731 9.4555 2.78467 15.941 0.894805 6.25024 0.00522471 12.0014 1.49541 7.08863 3.55442 8.21066
345 3.445 2.50131 9.60188 2.50366 16.2351 1.06393 6.31274 0.00843328 12.0024 1.50243 7.17689 3.33669 8.40592
346 3.455 1.92433 9.71514 2.23836 16.4997 1.24909 6.38655 0.0134501 12.004 1.50504 7.26583 3.11197 8.58909
347 3.465 1.4444 9.80065 1.98718 16.7359 1.44486 6.47242 0.0208815 12.0065 1.50352 7.35518 2.87967 8.75956
348 3.475 1.05753 9.86362 1.75243 16.9454 1.65124 6.57113 0.0315784 12.0103 1.49762 7.44471 2.6441 8.917
349 3.485 0.752308 9.90867 1.53324 17.1297 1.86038 6.68298 0.0468328 12.0159 1.48921 7.53424 2.40665 9.06113
350 3.495 0.524065 9.94024 1.32997 17.2906 2.06923 6.80809 0.067533 12.024 1.47792 7.6236 2.17351 9.19204
351 3.505 0.355093 9.96175 1.1418 17.4295 2.26837 6.94604 0.0958091 12.0357 1.46426 7.71265 1.94643 9.30994
352 3.515 0.235589 9.9761 0.967685 17.5478 2.45355 7.0961 0.132096 12.0518 1.44718 7.80116 1.7294 9.4153
353 3.525 0.151922 9.98541 0.807811 17.6472 2.61702 7.25707 0.178393 12.0737 1.42768 7.88897 1.52159 9.50852
354 3.535 0.0953472 9.99128 0.663907 17.7293 2.75481 7.42748 0.235323 12.1027 1.40661 7.97598 1.32612 9.59023
355 3.545 0.0589397 9.99493 0.535481 17.796 2.86021 7.60541 0.30409 12.1405 1.38186 8.06195 1.1457 9.66123
356 3.555 0.0353402 9.99714 0.423527 17.8489 2.92861 7.78862 0.384332 12.1885 1.35655 8.14681 0.979978 9.7223
357 3.565 0.0205146 9.99842 0.328788 17.8903 2.95848 7.97475 0.476035 12.2483 1.32953 8.23046 0.830387 9.77433
358 3.575 0.0115563 9.99915 0.249358 17.9219 2.94564 8.1611 0.578651 12.3214 1.30081 8.31275 0.696852 9.81825
359 3.585 0.00626301 9.99955 0.185858 17.9455 2.89451 8.34525 0.69108 12.4091 1.27179 8.39367 0.578731 9.85492
360 3.595 0.00346871 9.99977 0.135005 17.9628 2.80579 8.52476 0.812342 12.5129 1.24217 8.47313 0.475841 9.88525
361 3.605 0.0018057 9.99988 0.0956217 17.9751 2.68261 8.69734 0.941864 12.6338 1.21306 8.55117 0.387572 9.91008
362 3.615 0.000937327 9.99994 0.066374 17.9837 2.52932 8.86096 1.07816 12.773 1.18419 8.62778 0.312383 9.93021
363 3.625 0.000471206 9.99997 0.0451997 17.9896 2.3523 9.01397 1.22155 12.9316 1.15642 8.703 0.249831 9.9464
364 3.635 0.00021776 9.99999 0.0298524 17.9935 2.15724 9.15507 1.37041 13.1106 1.13005 8.77691 0.197873 9.95929
365 3.645 9.15879e-05 9.99999 0.0192863 17.996 1.95243 9.28347 1.52349 13.3106 1.10431 8.84954 0.156025 9.96951
366 3.655 5.33715e-05 10 0.0121788 17.9976 1.74367 9.39878 1.67732 13.532 1.0796 8.92094 0.121935 9.97754
367 3.665 2.18221e-05 10 0.00744903 17.9986 1.53629 9.50093 1.82498 13.7742 1.05618 8.99116 0.0951982 9.98385
368 3.675 3.75411e-06 10 0.00447019 17.9992 1.33451 9.59015 1.96113 14.0359 1.03322 9.06024 0.0750592 9.98885
369 3.685 4.6672e-06 10 0.00263507 17.9996 1.14497 9.66711 2.07778 14.3147 1.00947 9.12809 0.0598236 9.99285
370 3.695 4.99012e-06 10 0.00150229 17.9998 0.968477 9.73257 2.16497 14.6067 0.986183 9.19474 0.0492556 9.99617
371 3.705 1.38509e-06 10 0.000829099 17.9999 0.808911 9.78753 2.21619 14.9073 0.960731 9.26003 0.0426211 9.99905
372 3.715 1.49244e-06 10 0.000458877 17.9999 0.667162 9.83311 2.22514 15.2108 0.933553 9.32381 0.0390613 10.0017
373 3.725 2.85469e-06 10 0.00023317 18 0.542841 9.8704 2.18963 15.511 0.903851 9.38589 0.0388428 10.0044
374 3.735 6.47389e-06 10 0.000126059 18 0.435436 9.90047 2.11189 15.8021 0.870803 9.44602 0.0409439 10.0072
375 3.745 1.05063e-05 10 6.29043e-05 18 0.344895 9.92441 1.99753 16.0789 0.835004 9.50399 0.045631 10.0103
376 3.755 1.86535e-05 10 2.9354e-05 18 0.269543 9.94323 1.85153 16.3369 0.795628 9.55953 0.0527852 10.014
377 3.765 4.20271e-05 10 1.48357e-05 18 0.208167 9.95783 1.68622 16.573 0.753118 9.61237 0.0622278 10.0184
378 3.775 0.000100509 10 5.09443e-06 18 0.158693 9.96903 1.51207 16.786 0.70802 9.66232 0.0737462 10.0235
379 3.785 0.000183921 10 1.90033e-06 18 0.119711 9.97752 1.33671 16.9752 0.661459 9.70923 0.0876968 10.0297
380 3.795 0.000338843 10 9.86259e-07 18 0.0889972 9.98386 1.16835 17.1414 0.614317 9.75302 0.103451 10.0371
381 3.805 0.000669752 10.0001 8.72073e-07 18 0.0652924 9.98854 1.0121 17.2862 0.567655 9.7937 0.121697 10.0458
382 3.815 0.00124072 10.0002 1.00305e-06 18 0.047277 9.99195 0.870157 17.4114 0.524116 9.83146 0.142583 10.056
383 3.825 0.00216504 10.0003 5.93297e-07 18 0.033897 9.9944 0.743291 17.5188 0.484199 9.86653 0.165268 10.0679
384 3.835 0.00379354 10.0006 1.42186e-06 18 0.024046 9.99615 0.631286 17.6106 0.450488 9.89933 0.190061 10.0817
385 3.845 0.00644101 10.0011 4.10998e-06 18 0.0168488 9.99739 0.533085 17.6884 0.424494 9.93039 0.216762 10.0975
386 3.855 0.0105846 10.0019 8.12428e-06 18 0.0116592 9.99824 0.446622 17.754 0.407356 9.96036 0.245058 10.1155
387 3.865 0.0171064 10.0031 2.15e-05 18 0.00791843 9.99883 0.371428 17.8088 0.400284 9.98996 0.275937 10.1358
388 3.875 0.0269428 10.0051 3.86003e-05 18 0.00536431 9.99923 0.307137 17.8544 0.403857 10.02 0.307711 10.1586
389 3.885 0.0412702 10.0082 8.82536e-05 18 0.00358368 9.9995 0.252054 17.892 0.417246 10.0512 0.340575 10.1839
390 3.895 0.0623565 10.0129 0.000180231 18.0001 0.00237718 9.99968 0.207553 17.9231 0.440714 10.0843 0.375117 10.212
391 3.905 0.091643 10.0197 0.000357894 18.0001 0.00157554 9.99979 0.174308 17.9494 0.472488 10.1199 0.409627 10.2428
392 3.915 0.131343 10.0297 0.000686575 18.0002 0.000994994 9.99987 0.15294 17.9725 0.51115 10.1587 0.444805 10.2764
393 3.925 0.18269 10.0435 0.00129414 18.0004 0.000632498 9.99992 0.144295 17.9945 0.553864 10.2009 0.47977 10.3128
394 3.935 0.249266 10.0626 0.00234727 18.0008 0.000411167 9.99995 0.149707 18.0174 0.598632 10.2468 0.51465 10.3521
395 3.945 0.332334 10.0881 0.00411129 18.0014 0.000252104 9.99997 0.169274 18.0434 0.64269 10.2963 0.548282 10.3942
396 3.955 0.431402 10.1214 0.00713414 18.0025 0.000158812 9.99998 0.204094 18.075 0.684096 10.3493 0.582223 10.4391
397 3.965 0.545805 10.1637 0.0121037 18.0044 0.00010074 9.99999 0.253875 18.1144 0.720497 10.4054 0.613058 10.4866
398 3.975 0.676138 10.2163 0.0199503 18.0075 6.34766e-05 9.99999 0.318147 18.1641 0.75037 10.4641 0.641743 10.5366
399 3.985 0.817106 10.2803 0.0318864 18.0125 3.39396e-05 10 0.394592 18.226 0.773516 10.5249 0.668464 10.589
400 3.995 0.963052 10.3561 0.0497278 18.0204 1.84918e-05 10 0.479194 18.3016 0.789376 10.5872 0.691416 10.6434
401 4.005 1.10682 10.4437 0.0754641 18.0324 1.12169e-05 10 0.567723 18.3916 0.798645 10.6506 0.712455 10.6997
402 4.015 1.23891 10.5421 0.111623 18.0502 5.58054e-06 10 0.654394 18.4958 0.802796 10.7147 0.72931 10.7577
403 4.025 1.35692 10.6505 0.160803 18.076 3.31222e-06 10 0.732648 18.6131 0.804159 10.7792 0.742246 10.817
404 4.035 1.44894 10.7668 0.226468 18.1125 2.37493e-06 10 0.795484 18.741 0.804472 10.844 0.751308 10.8773
405 4.045 1.51183 10.8888 0.310637 18.1628 1.39863e-06 10 0.838709 18.8766 0.80556 10.9093 0.755906 10.9383
406 4.055 1.53703 11.0134 0.415388 18.2304 2.87946e-07 10 0.857464 19.016 0.809331 10.9752 0.75558 10.9996
407 4.065 1.52726 11.1379 0.542506 18.3192 1.91021e-07 10 0.850072 19.1548 0.817924 11.0421 0.751762 11.0608
408 4.075 1.47992 11.259 0.692731 18.4331 1.42563e-07 10 0.816569 19.2887 0.832361 11.1105 0.74299 11.1216
409 4.085 1.39701 11.374 0.862185 18.5755 3.31021e-07 10 0.761557 19.4143 0.852376 11.1809 0.730389 11.1817
410 4.095 1.28775 11.4805 1.05052 18.7499 5.64697e-07 10 0.688726 19.5284 0.878302 11.2538 0.714029 11.2408
411 4.105 1.15873 11.5767 1.2535 18.959 8.42924e-07 10 0.604513 19.6291 0.908964 11.3296 0.694105 11.2985
412 4.115 1.01642 11.6616 1.46496 19.2046 1.35145e-06 10 0.514749 19.7152 0.942777 11.4086 0.671476 11.3545
413 4.125 0.870464 11.7346 1.67963 19.4876 2.22605e-06 10 0.424945 19.7866 0.977065 11.4909 0.644985 11.4086
414 4.135 0.728794 11.7961 1.89496 19.8083 3.13834e-06 10 0.340165 19.8441 1.00987 11.5764 0.616426 11.4606
415 4.145 0.594645 11.8465 2.1035 20.1661 6.33829e-06 10 0.264313 19.889 1.03833 11.6647 0.585724 11.5102
416 4.155 0.473093 11.8867 2.30154 20.5595 9.59885e-06 10 0.199544 19.923 1.06178 11.7555 0.553508 11.5573
417 4.165 0.367835 11.9182 2.48807 20.9868 1.60578e-05 10 0.146268 19.9481 1.07729 11.848 0.520458 11.6019
418 4.175 0.278311 11.9421 2.66123 21.4461 2.64388e-05 10 0.10437 19.9661 1.08321 11.9414 0.485703 11.6436
419 4.185 0.205814 11.9599 2.82227 21.9354 4.61372e-05 10 0.0731934 19.9787 1.07875 12.035 0.451412 11.6826
420 4.195 0.149083 11.9728 2.96977 22.4528 6.7262e-05 10 0.0514824 19.9877 1.06429 12.1277 0.417431 11.7188
421 4.205 0.104877 11.982 3.10381 22.9962 0.00011831 10 0.0378366 19.9943 1.03908 12.2186 0.383917 11.7523
422 4.215 0.072232 11.9883 3.22585 23.5636 0.00019157 10 0.031707 19.9999 1.00467 12.307 0.351297 11.7831
423 4.225 0.0484152 11.9926 3.33085 24.1522 0.000323903 10.0001 0.032497 20.0056 0.963672 12.3921 0.319115 11.8111
424 4.235 0.0317384 11.9954 3.41732 24.759 0.000514867 10.0001 0.0406848 20.0128 0.916616 12.4735 0.288993 11.8367
425 4.245 0.0205204 11.9972 3.48095 25.38 0.000827872 10.0002 0.0574139 20.023 0.866927 12.5508 0.260282 11.8598
426 4.255 0.0129328 11.9983 3.51364 26.0098 0.00129475 10.0003 0.0846408 20.0382 0.81685 12.6241 0.234086 11.8807
427 4.265 0.00791567 11.9991 3.51424 26.6427 0.00200722 10.0005 0.123916 20.0604 0.769708 12.6934 0.210172 11.8996
428 4.275 0.00470734 11.9995 3.4802 27.2724 0.00307294 10.0008 0.178155 20.0926 0.728609 12.7593 0.188911 11.9166
429 4.285 0.00271604 11.9997 3.41135 27.8925 0.00464161 10.0012 0.249818 20.1379 0.69548 12.8225 0.170289 11.932
430 4.295 0.0017027 11.9999 3.30601 28.4963 0.00692765 10.0018 0.340115 20.1999 0.672868 12.8839 0.15512 11.9461
431 4.305 0.0012381 12 3.16904 29.0778 0.0102415 10.0028 0.449409 20.2822 0.662808 12.9447 0.143376 11.9592
432 4.315 0.00123594 12.0001 3.01032 29.6327 0.0148735 10.0041 0.577143 20.3884 0.666561 13.0062 0.135456 11.9717
433 4.325 0.00167763 12.0003 2.83585 30.1578 0.0214731 10.0061 0.71844 20.5212 0.6846 13.0696 0.13149 11.9838
434 4.335 0.00268848 12.0005 2.65931 30.6526 0.0305963 10.009 0.868735 20.6825 0.717825 13.1363 0.132212 11.996
435 4.345 0.00461899 12.0009 2.48799 31.1176 0.0428503 10.013 1.01926 20.8727 0.764987 13.2078 0.137446 12.0088
436 4.355 0.00795829 12.0017 2.32766 31.5547 0.0592533 10.0185 1.16015 21.0901 0.824486 13.2852 0.147662 12.0227
437 4.365 0.0130935 12.0029 2.18493 31.9668 0.0808628 10.0262 1.28243 21.3315 0.895976 13.3697 0.163145 12.038
438 4.375 0.0213305 12.0049 2.06128 32.3574 0.109023 10.0365 1.3774 21.592 0.975649 13.4622 0.183745 12.0553
439 4.385 0.0337554 12.0081 1.95405 32.7294 0.144935 10.0503 1.4375 21.8651 1.06079 13.5632 0.209632 12.0752
440 4.395 0.0516408 12.013 1.85842 33.0848 0.190264 10.0685 1.45896 22.1436 1.14863 13.673 0.240639 12.0981
441 4.405 0.0766691 12.0204 1.76969 33.4248 0.246123 10.0921 1.44145 22.4199 1.23566 13.7917 0.27701 12.1246
442 4.415 0.111948 12.0311 1.67968 33.7489 0.314596 10.1225 1.39035 22.6877 1.31964 13.919 0.317539 12.1551
443 4.425 0.157918 12.0464 1.58414 34.056 0.396842 10.1609 1.31087 22.9414 1.39628 14.0543 0.362086 12.1901
444 4.435 0.217703 12.0675 1.47907 34.344 0.493697 10.209 1.21332 23.1772 1.46385 14.1969 0.409454 12.2298
445 4.445 0.291726 12.0959 1.36108 34.6103 0.60645 10.2683 1.10979 23.3938 1.5203 14.3456 0.45968 12.2746
446 4.455 0.380561 12.1332 1.23314 34.8526 0.735961 10.3406 1.01008 23.5919 1.56397 14.4992 0.511042 12.3246
447 4.465 0.483977 12.1807 1.09586 35.0689 0.880591 10.4275 0.922986 23.7737 1.59411 14.6565 0.562616 12.3799
448 4.475 0.599535 12.2399 0.953775 35.258 1.04061 10.5307 0.855704 23.943 1.6091 14.816 0.612075 12.4403
449 4.485 0.72248 12.3116 0.812101 35.4197 1.21537 10.6517 0.813633 24.1048 1.61008 14.9764 0.659608 12.5058
450 4.495 0.849127 12.3962 0.676367 35.555 1.40049 10.7918 0.797135 24.2639 1.59685 15.1361 0.702759 12.5758
451 4.505 0.968808 12.4931 0.549923 35.6655 1.59438 10.952 0.807586 24.4259 1.56984 15.2938 0.741227 12.65
452 4.515 1.07817 12.6015 0.436705 35.7536 1.79298 11.1329 0.841814 24.5954 1.52963 15.4481 0.772982 12.7277
453 4.525 1.16937 12.7196 0.338763 35.8223 1.99238 11.3348 0.897974 24.7771 1.47812 15.598 0.797092 12.8081
454 4.535 1.23385 12.8447 0.256358 35.8745 2.18707 11.5575 0.972892 24.9748 1.41639 15.7422 0.813637 12.8906
455 4.545 1.26623 12.9737 0.189635 35.9133 2.37329 11.8002 1.06558 25.1923 1.34522 15.8797 0.822468 12.9744
456 4.555 1.26713 13.1033 0.136708 35.9414 2.5447 12.0615 1.17621 25.4334 1.26721 16.0099 0.823126 13.0586
457 4.565 1.2352 13.2302 0.0961013 35.9612 2.6958 12.3396 1.30413 25.702 1.18319 16.1319 0.815958 13.1425
458 4.575 1.17207 13.3512 0.0659989 35.9749 2.82542 12.6324 1.4509 26.002 1.09537 16.2454 0.801801 13.2252
459 4.585 1.08427 13.4636 0.0442698 35.9841 2.92814 12.9371 1.61784 26.3381 1.00483 16.35 0.780628 13.3061
460 4.595 0.975088 13.5651 0.0290106 35.9901 3.00075 13.2507 1.80646 26.715 0.914225 16.4455 0.754772 13.3847
461 4.605 0.854368 13.6544 0.0185122 35.994 3.04345 13.5702 2.01416 27.137 0.825522 16.5322 0.724962 13.4605
462 4.615 0.730876 13.7312 0.0115271 35.9965 3.05281 13.892 2.23924 27.6082 0.739432 16.6101 0.691743 13.5332
463 4.625 0.607781 13.7953 0.00699489 35.9979 3.03098 14.213 2.47341 28.131 0.658732 16.6799 0.658485 13.6026
464 4.635 0.492229 13.8474 0.00419961 35.9988 2.97864 14.5297 2.70939 28.7062 0.58522 16.7421 0.62543 13.6689
465 4.645 0.389088 13.8888 0.00242274 35.9994 2.89903 14.8394 2.93664 29.3322 0.519823 16.7976 0.594405 13.7321
466 4.655 0.299983 13.9209 0.00135715 35.9996 2.79218 15.1389 3.14537 30.0057 0.465081 16.8475 0.566551 13.7926
467 4.665 0.225362 13.9451 0.000768859 35.9998 2.665 15.426 3.32442 30.7205 0.421178 16.8929 0.543521 13.851
468 4.675 0.165961 13.963 0.000413467 35.9999 2.52012 15.6986 3.46515 31.4689 0.389714 16.9351 0.526173 13.9077
469 4.685 0.121128 13.9761 0.000216647 36 2.36236 15.9553 3.56039 32.241 0.37134 16.9754 0.515921 13.9635
470 4.695 0.0885299 13.9857 0.000116168 36 2.19509 16.1948 3.6067 33.0266 0.366526 17.0154 0.512255 14.0192
471 4.705 0.068053 13.9931 5.74808e-05 36 2.02239 16.4164 3.60414 33.8149 0.375054 17.0565 0.516838 14.0756
472 4.715 0.0590817 13.9996 2.76336e-05 36 1.8484 16.6198 3.55767 34.5964 0.397049 17.1002 0.528432 14.1335
473 4.725 0.0599719 14.0062 1.16641e-05 36 1.67613 16.8051 3.47425 35.3629 0.431188 17.1479 0.548301 14.1939
474 4.735 0.0723389 14.0142 5.70187e-06 36 1.50767 16.9724 3.35903 36.107 0.476897 17.2008 0.575273 14.2575
475 4.745 0.0979722 14.0251 3.08427e-06 36 1.34636 17.1224 3.22259 36.8239 0.532367 17.2601 0.609699 14.3252
476 4.755 0.137702 14.0404 1.4135e-06 36 1.19211 17.2559 3.07262 37.5104 0.595692 17.3268 0.650042 14.3976
477 4.765 0.194638 14.0622 1.52922e-06 36 1.04764 17.3736 2.91869 38.1652 0.664485 17.4015 0.695492 14.4755
478 4.775 0.273413 14.0929 2.30153e-06 36 0.913557 17.4767 2.76766 38.7887 0.736354 17.4846 0.745909 14.5594
479 4.785 0.375819 14.1354 8.99537e-06 36 0.790659 17.5663 2.62795 39.3832 0.808349 17.5762 0.799951 14.6497
480 4.795 0.502693 14.1924 2.20343e-05 36 0.678964 17.6436 2.50768 39.953 0.877681 17.6761 0.856647 14.7468
481 4.805 0.654253 14.2668 5.566e-05 36 0.577825 17.7097 2.409 40.5025 0.941201 17.7837 0.915286 14.851
482 4.815 0.832696 14.362 0.000115725 36 0.487933 17.7657 2.3389 41.0383 0.99709 17.8981 0.973379 14.9623
483 4.825 1.02933 14.4802 0.000243203 36.0001 0.408735 17.8128 2.29955 41.5673 1.04249 18.0182 1.03229 15.0808
484 4.835 1.23908 14.623 0.000493224 36.0002 0.339664 17.8521 2.29174 42.0967 1.07626 18.1428 1.09022 15.2064
485 4.845 1.45485 14.7914 0.000969605 36.0004 0.280303 17.8846 2.31247 42.633 1.09743 18.2703 1.14646 15.3391
486 4.855 1.66317 14.9847 0.00184643 36.0009 0.229888 17.9115 2.35266 43.181 1.10617 18.3994 1.20075 15.4787
487 4.865 1.84952 15.2006 0.00344426 36.0017 0.188574 17.9335 2.40306 43.743 1.10236 18.5285 1.25249 15.6248
488 4.875 2.00677 15.4357 0.00616135 36.0031 0.155627 17.9519 2.44858 44.318 1.08711 18.6564 1.3029 15.7775
489 4.885 2.11877 15.685 0.0107212 36.0057 0.130393 17.9673 2.47878 44.9024 1.06221 18.7819 1.35006 15.9364
490 4.895 2.18012 15.9426 0.018208 36.01 0.113189 17.9807 2.47931 45.4894 1.02895 18.9039 1.39673 16.1014
491 4.905 2.1866 16.202 0.0299605 36.0171 0.103687 17.993 2.44014 46.0695 0.990499 19.0219 1.44251 16.2725
492 4.915 2.13737 16.4566 0.0482148 36.0287 0.101928 18.0052 2.3559 46.6319 0.948296 19.1353 1.48773 16.4497
493 4.925 2.0395 16.7005 0.0751952 36.0467 0.108291 18.0182 2.22582 47.1653 0.905248 19.244 1.53301 16.6331
494 4.935 1.90226 16.9289 0.114089 36.0742 0.123058 18.0331 2.05428 47.6597 0.862536 19.348 1.58 16.8228
495 4.945 1.73985 17.1387 0.168658 36.115 0.147068 18.0509 1.84859 48.1063 0.823041 19.4476 1.62856 17.0192
496 4.955 1.56637 17.3284 0.242303 36.1739 0.181081 18.0729 1.62175 48.4998 0.786794 19.5432 1.68025 17.2226
497 4.965 1.39785 17.4983 0.338378 36.2565 0.226006 18.1004 1.38449 48.837 0.755262 19.6354 1.73469 17.4334
498 4.975 1.25346 17.6512 0.460196 36.3693 0.282665 18.1351 1.1509 49.1184 0.729669 19.7248 1.79162 17.6521
499 4.985 1.14506 17.7915 0.610213 36.5194 0.352398 18.1784 0.930368 49.3469 0.709721 19.8121 1.85203 17.879
500 4.995 1.08863 17.9255 0.787037 36.7138 0.435589 18.2322 0.731856 49.5273 0.696035 19.898 1.91658 18.1148
