# Time-averaged data for fix rdf_p
# TimeStep Number-of-rows
# Row c_rdf_p[1] c_rdf_p[2] c_rdf_p[3] c_rdf_p[4] c_rdf_p[5] c_rdf_p[6] c_rdf_p[7] c_rdf_p[8] c_rdf_p[9] c_rdf_p[10] c_rdf_p[11] c_rdf_p[12] c_rdf_p[13]
1000000 500
1 0.005 0 0 0 0 0 0 0 0 0 0 0 0
2 0.015 0 0 0 0 0 0 0 0 0 0 0 0
3 0.025 0 0 0 0 0 0 0 0 0 0 0 0
4 0.035 0 0 0 0 0 0 0 0 0 0 0 0
5 0.045 0 0 0 0 0 0 0 0 0 0 0 0
6 0.055 0 0 0 0 0 0 0 0 0 0 0 0
7 0.065 0 0 0 0 0 0 0 0 0 0 0 0
8 0.075 0 0 0 0 0 0 0 0 0 0 0 0
9 0.085 0 0 0 0 0 0 0 0 0 0 0 0
10 0.095 0 0 0 0 0 0 0 0 0 0 0 0
11 0.105 0 0 0 0 0 0 0 0 0 0 0 0
12 0.115 0 0 0 0 0 0 0 0 0 0 0 0
13 0.125 0 0 0 0 0 0 0 0 0 0 0 0
14 0.135 0 0 0 0 0 0 0 0 0 0 0 0
15 0.145 0 0 0 0 0 0 0 0 0 0 0 0
16 0.155 0 0 0 0 0 0 0 0 0 0 0 0
17 0.165 0 0 0 0 0 0 0 0 0 0 0 0
18 0.175 0 0 0 0 0 0 0 0 0 0 0 0
19 0.185 0 0 0 0 0 0 0 0 0 0 0 0
20 0.195 0 0 0 0 0 0 0 0 0 0 0 0
21 0.205 0 0 0 0 0 0 0 0 0 0 0 0
22 0.215 0 0 0 0 0 0 0 0 0 0 0 0
23 0.225 0 0 0 0 0 0 0 0 0 0 0 0
24 0.235 0 0 0 0 0 0 0 0 0 0 0 0
25 0.245 0 0 0 0 0 0 0 0 0 0 0 0
26 0.255 0 0 0 0 0 0 0 0 0 0 0 0
27 0.265 0 0 0 0 0 0 0 0 0 0 0 0
28 0.275 0 0 0 0 0 0 0 0 0 0 0 0
29 0.285 0 0 0 0 0 0 0 0 0 0 0 0
30 0.295 0 0 0 0 0 0 0 0 0 0 0 0
31 0.305 0 0 0 0 0 0 0 0 0 0 0 0
32 0.315 0 0 0 0 0 0 0 0 0 0 0 0
33 0.325 0 0 0 0 0 0 0 0 0 0 0 0
34 0.335 0 0 0 0 0 0 0 0 0 0 0 0
35 0.345 0 0 0 0 0 0 0 0 0 0 0 0
36 0.355 0 0 0 0 0 0 0 0 0 0 0 0
37 0.365 0 0 0 0 0 0 0 0 0 0 0 0
38 0.375 0 0 0 0 0 0 0 0 0 0 0 0
39 0.385 0 0 0 0 0 0 0 0 0 0 0 0
40 0.395 0 0 0 0 0 0 0 0 0 0 0 0
41 0.405 0 0 0 0 0 0 0 0 0 0 0 0
42 0.415 0 0 0 0 0 0 0 0 0 0 0 0
43 0.425 0 0 0 0 0 0 0 0 0 0 0 0
44 0.435 0 0 0 0 0 0 0 0 0 0 0 0
45 0.445 0 0 0 0 0 0 0 0 0 0 0 0
46 0.455 0 0 0 0 0 0 0 0 0 0 0 0
47 0.465 0 0 0 0 0 0 0 0 0 0 0 0
48 0.475 0 0 0 0 0 0 0 0 0 0 0 0
49 0.485 0 0 0 0 0 0 0 0 0 0 0 0
50 0.495 0 0 0 0 0 0 0 0 0 0 0 0
51 0.505 0 0 0 0 0 0 0 0 0 0 0 0
52 0.515 0 0 0 0 0 0 0 0 0 0 0 0
53 0.525 0 0 0 0 0 0 0 0 0 0 0 0
54 0.535 0 0 0 0 0 0 0 0 0 0 0 0
55 0.545 0 0 0 0 0 0 0 0 0 0 0 0
56 0.555 0 0 0 0 0 0 0 0 0 0 0 0
57 0.565 0 0 0 0 0 0 0 0 0 0 0 0
58 0.575 0 0 0 0 0 0 0 0 0 0 0 0
59 0.585 0 0 0 0 0 0 0 0 0 0 0 0
60 0.595 0 0 0 0 0 0 0 0 0 0 0 0
61 0.605 0 0 0 0 0 0 0 0 0 0 0 0
62 0.615 0 0 0 0 0 0 0 0 0 0 0 0
63 0.625 0 0 0 0 0 0 0 0 0 0 0 0
64 0.635 0 0 0 0 0 0 0 0 0 0 0 0
65 0.645 0 0 0 0 0 0 0 0 0 0 0 0
66 0.655 0 0 0 0 0 0 0 0 0 0 0 0
67 0.665 0 0 0 0 0 0 0 0 0 0 0 0
68 0.675 0 0 0 0 0 0 0 0 0 0 0 0
69 0.685 0 0 0 0 0 0 0 0 0 0 0 0
70 0.695 0 0 0 0 0 0 0 0 0 0 0 0
71 0.705 0 0 0 0 0 0 0 0 0 0 0 0
72 0.715 0 0 0 0 0 0 0 0 0 0 0 0
73 0.725 0 0 0 0 0 0 0 0 0 0 0 0
74 0.735 0 0 0 0 0 0 0 0 0 0 0 0
75 0.745 0 0 0 0 0 0 0 0 0 0 0 0
76 0.755 0 0 0 0 0 0 0 0 0 0 0 0
77 0.765 0 0 0 0 0 0 0 0 0 0 0 0
78 0.775 0 0 0 0 0 0 0 0 0 0 0 0
79 0.785 0 0 0 0 0 0 0 0 0 0 0 0
80 0.795 0 0 0 0 0 0 0 0 0 0 0 0
81 0.805 0 0 0 0 0 0 0 0 0 0 0 0
82 0.815 0 0 0 0 0 0 0 0 0 0 0 0
83 0.825 0 0 0 0 0 0 0 0 0 0 0 0
84 0.835 0 0 0 0 0 0 0 0 0 0 0 0
85 0.845 0 0 0 0 0 0 0 0 0 0 0 0
86 0.855 0 0 0 0 0 0 0 0 0 0 0 0
87 0.865 0 0 0 0 0 0 0 0 0 0 0 0
88 0.875 0 0 0 0 0 0 0 0 0 0 0 0
89 0.885 0 0 0 0 0 0 0 0 0 0 0 0
90 0.895 0 0 0 0 0 0 0 0 0 0 0 0
91 0.905 0 0 0 0 0 0 0 0 6.64099e-06 2.73437e-08 0 0
92 0.915 0 0 0 0 0 0 0 0 4.26921e-05 2.07031e-07 0 0
93 0.925 0 0 0 0 0 0 0 0 0.000198881 1.0625e-06 0 0
94 0.935 0 0 0 0 0 0 0 0 0.00116123 6.16602e-06 0 0
95 0.945 0 0 0 0 0 0 0 0 0.00445143 2.61504e-05 0 0
96 0.955 0 0 0 0 0 0 0 0 0.0154011 9.67637e-05 0 0
97 0.965 0 0 0 0 0 0 0 0 0.0444994 0.000305086 0 0
98 0.975 0 0 0 0 0 0 0 0 0.110978 0.000835447 0 0
99 0.985 0 0 0 0 0 0 0 0 0.243435 0.00202281 0 0
100 0.995 0 0 0 0 0 0 0 0 0.475315 0.00438848 0 0
101 1.005 0 0 0 0 0 0 0 0 0.828481 0.00859518 0 0
102 1.015 0 0 0 0 0 0 0 0 1.31593 0.0154106 0 0
103 1.025 0 0 0 0 0 0 0 0 1.92022 0.0255526 0 0
104 1.035 0 0 0 0 0 0 0 0 2.60104 0.0395599 0 0
105 1.045 0 0 0 0 0 0 0 0 3.2972 0.057661 0 0
106 1.055 0 0 0 0 0 0 0 0 3.95503 0.079791 0 0
107 1.065 0 0 0 0 0 0 0 0 4.52949 0.105618 0 0
108 1.075 0 0 0 0 0 0 0 0 4.98893 0.134602 0 0
109 1.085 0 0 0 0 0 0 0 0 5.32293 0.166103 0 0
110 1.095 0 0 0 0 0 0 0 0 5.53603 0.199473 0 0
111 1.105 0 0 0 0 0 0 0 0 5.63714 0.234076 0 0
112 1.115 0 0 0 0 0 0 0 0 5.65549 0.269422 0 0
113 1.125 0 0 0 0 0 0 0 0 5.6115 0.305126 0 0
114 1.135 0 0 0 0 0 0 0 0 5.52204 0.340887 0 0
115 1.145 0 0 0 0 0 0 0 0 5.39971 0.376476 0 0
116 1.155 0 0 0 0 0 0 0 0 5.25946 0.411748 0 0
117 1.165 0 0 0 0 0 0 0 0 5.10942 0.44661 0 0
118 1.175 0 0 0 0 0 0 0 0 4.95561 0.481005 0 0
119 1.185 0 0 0 0 0 0 0 0 4.79366 0.514845 0 0
120 1.195 0 0 0 0 0 0 0 0 4.63319 0.548106 0 0
121 1.205 0 0 0 0 0 0 0 0 4.46825 0.580723 0 0
122 1.215 0 0 0 0 0 0 0 0 4.30063 0.612639 0 0
123 1.225 0 0 0 0 0 0 0 0 4.13758 0.643853 0 0
124 1.235 0 0 0 0 0 0 0 0 3.96393 0.674247 0 0
125 1.245 0 0 0 0 0 0 0 0 3.78788 0.703763 0 0
126 1.255 0 0 0 0 0 0 0 0 3.60913 0.73234 0 0
127 1.265 0 0 0 0 0 0 0 0 3.42068 0.759858 0 0
128 1.275 0 0 0 0 0 0 0 0 3.22599 0.786222 0 0
129 1.285 0 0 0 0 0 0 0 0 3.02498 0.811332 0 0
130 1.295 0 0 0 0 0 0 0 0 2.81174 0.835037 0 0
131 1.305 0 0 0 0 0 0 0 0 2.59134 0.857223 0 0
132 1.315 0 0 0 0 0 0 0 0 2.36189 0.877755 0 0
133 1.325 0 0 0 0 0 0 0 0 2.12763 0.896533 0 0
134 1.335 0 0 0 0 0 0 0 0 1.89364 0.913499 0 0
135 1.345 0 0 0 0 0 0 0 0 1.66244 0.928618 0 0
136 1.355 0 0 0 0 0 0 0 0 1.43936 0.941903 0 0
137 1.365 0 0 0 0 0 0 0 0 1.22557 0.953383 0 0
138 1.375 0 0 0 0 0 0 0 0 1.02772 0.963151 0 0
139 1.385 0 0 0 0 0 0 0 0 0.846305 0.971312 0 0
140 1.395 0 0 0 0 0 0 0 0 0.685796 0.978021 0 0
141 1.405 0 0 0 0 0 0 0 0 0.544956 0.983429 0 0
142 1.415 0 0 0 0 0 0 0 0 0.425715 0.987714 0 0
143 1.425 0 0 0 0 0 0 0 0 0.326262 0.991045 0 0
144 1.435 0 0 0 0 0 0 0 0 0.24537 0.993585 0 0
145 1.445 0 0 0 0 0 0 0 0 0.180284 0.995478 0 0
146 1.455 0 0 0 0 0 0 0 0 0.130552 0.996867 0 0
147 1.465 0 0 0 0 0 0 0 0 0.0927133 0.997867 0 0
148 1.475 0 0 0 0 0 0 0 0 0.0643347 0.998571 0 0
149 1.485 0 0 0 0 0 0 0 0 0.0438712 0.999057 0 0
150 1.495 0 0 0 0 0 0 0 0 0.0295216 0.999389 0 0
151 1.505 0 0 0 0 0 0 0 0 0.0194369 0.99961 0 0
152 1.515 0 0 0 0 0 0 0 0 0.0126873 0.999757 0 0
153 1.525 0 0 0 0 0 0 0 0 0.00799603 0.99985 0 0
154 1.535 0 0 0 0 0 0 0 0 0.00499643 0.999909 0 0
155 1.545 0 0 0 0 0 0 0 0 0.00304768 0.999946 0 0
156 1.555 0 0 0 0 0 0 0 0 0.00184694 0.999968 0 0
157 1.565 0 0 0 0 0 0 0 0 0.00110658 0.999982 0 0
158 1.575 0 0 0 0 0 0 0 0 0.000641041 0.99999 0 0
159 1.585 0 0 0 0 0 0 0 0 0.000351671 0.999995 0 0
160 1.595 0 0 0 0 0 0 0 0 0.000197003 0.999997 0 0
161 1.605 0 0 0 0 0 0 0 0 0.000108288 0.999998 0 0
162 1.615 0 0 0 0 0 0 0 0 5.34755e-05 0.999999 0 0
163 1.625 0 0 0 0 0 0 0 0 3.38397e-05 1 0 0
164 1.635 0 0 2.18002e-06 5.85937e-08 0 0 0 0 1.67135e-05 1 0 0
165 1.645 0 0 1.26344e-05 4.02344e-07 0 0 0 0 9.76298e-06 1 0 0
166 1.655 0 0 5.78721e-05 1.99609e-06 0 0 0 0 2.41134e-06 1 0 0
167 1.665 0 0 0.000236704 8.59375e-06 0 0 0 0 7.00724e-07 1 0 0
168 1.675 0 0 0.00100589 3.69688e-05 0 0 0 0 0 1 0 0
169 1.685 0 0 0.00331845 0.000131699 0 0 0 0 0 1 0 0
170 1.695 0 0 0.010482 0.000434488 0 0 0 0 0 1 0 0
171 1.705 0 0 0.0303366 0.00132118 0 0 0 0 0 1 0 0
172 1.715 0 0 0.0772426 0.00360541 0 0 0 0 0 1 0 0
173 1.725 0 0 0.180694 0.00901141 0 0 0 0 0 1 0 0
174 1.735 0 0 0.386884 0.0207208 0 0 0 0 0 1 0 0
175 1.745 0 0 0.762887 0.0440772 0 0 0 0 0 1 0 0
176 1.755 0 0 1.38524 0.0869749 0 0 0 0 0 1 0 0
177 1.765 0 0 2.3313 0.159995 0 0 0 0 0 1 0 0
178 1.775 0 0 3.65435 0.275756 0 0 0 0 0 1 0 0
179 1.785 0 0 5.34976 0.447138 0 0 0 0 0 1 0 0
180 1.795 0 0 7.33812 0.684859 0 0 0 0 0 1 0 0
181 1.805 0 0 9.46337 0.994854 0 0 0 0 0 1 0 0
182 1.815 0 0 11.514 1.37621 0 0 0 0 0 1 0 0
183 1.825 0 0 13.2555 1.8201 0 0 0 0 0 1 0 0
184 1.835 0 0 14.4755 2.31018 0 0 0 0 0 1 0 0
185 1.845 0 0 15.0254 2.82442 0 0 0 0 0 1 0 0
186 1.855 0 0 14.8687 3.33884 0 0 0 0 0 1 0 0
187 1.865 0 0 14.0601 3.83054 0 0 0 0 0 1 0 0
188 1.875 0 0 12.724 4.2803 0 0 0 0 0 1 0 0
189 1.885 0 0 11.0428 4.67481 0 0 0 0 5.46705e-07 1 0 0
190 1.895 0 0 9.20713 5.00724 0 0 0 0 8.6552e-07 1 0 0
191 1.905 0 0 7.39012 5.27688 4.28229e-07 7.8125e-09 0 0 9.63514e-07 1 0 0
192 1.915 0 0 5.71785 5.48771 1.2713e-06 3.125e-08 0 0 1.80101e-06 1 0 0
193 1.925 0 0 4.27393 5.64695 3.14532e-06 8.98438e-08 0 0 3.66955e-06 1 0 0
194 1.935 0 0 3.08786 5.76319 8.50859e-06 2.5e-07 0 0 6.74461e-06 1 0 0
195 1.945 0 0 2.15808 5.84528 2.1156e-05 6.52344e-07 0 0 1.24266e-05 1 0 0
196 1.955 0 0 1.46352 5.90152 7.4002e-05 2.07422e-06 0 0 2.1855e-05 1 0 0
197 1.965 0 0 0.963639 5.93893 0.000160387 5.1875e-06 0 0 3.35062e-05 1 0 0
198 1.975 0 0 0.614835 5.96304 0.000303589 1.11406e-05 0 0 6.82279e-05 1 0 0
199 1.985 0 0 0.381849 5.97817 0.000593977 2.29063e-05 0 0 0.000119407 1.00001 0 0
200 1.995 0 0 0.23116 5.98742 0.00117959 4.65078e-05 0 0 0.000221881 1.00001 0 0
201 2.005 0 0 0.13592 5.99291 0.00221393 9.125e-05 0 0 0.000385225 1.00002 0 0
202 2.015 0 0 0.0778801 5.99609 0.00414882 0.000175934 0 0 0.00065058 1.00003 0 0
203 2.025 0 0 0.0436096 5.99789 0.00731563 0.000326742 0 0 0.00111392 1.00005 0 0
204 2.035 0 0 0.0240343 5.99889 0.0126533 0.000590168 0 0 0.00186835 1.00009 0 0
205 2.045 0 0 0.0127043 5.99942 0.0214989 0.00104216 0 0 0.00304306 1.00016 0 0
206 2.055 0 0 0.00669015 5.99971 0.0352011 0.00178947 0 0 0.00492589 1.00026 0 0
207 2.065 0 0 0.0033923 5.99985 0.0565095 0.00300087 0 0 0.00788912 1.00043 0 0
208 2.075 0 0 0.00172265 5.99993 0.0880757 0.00490728 0 0 0.0123594 1.0007 0 0
209 2.085 0 0 0.000847589 5.99996 0.134808 0.00785341 0 0 0.0189259 1.00111 0 0
210 2.095 0 0 0.000422237 5.99998 0.200202 0.0122708 0 0 0.028652 1.00174 0 0
211 2.105 0 0 0.000208153 5.99999 0.290861 0.0187498 0 0 0.0427218 1.0027 0 0
212 2.115 0 0 0.000104137 6 0.412198 0.0280192 0 0 0.0626452 1.0041 0 0
213 2.125 0 0 4.75788e-05 6 0.568943 0.0409347 0 0 0.0900303 1.00615 0 0
214 2.135 0 0 2.31835e-05 6 0.767803 0.0585289 0 0 0.12811 1.00908 0 0
215 2.145 0 0 1.16528e-05 6 1.01195 0.0819355 0 0 0.178071 1.0132 0 0
216 2.155 0 0 3.59733e-06 6 1.30223 0.112338 0 0 0.243852 1.0189 0 0
217 2.165 0 0 1.40909e-06 6 1.63708 0.150913 0 0 0.328714 1.02664 0 0
218 2.175 0 0 5.74891e-07 6 2.01212 0.198765 5.76016e-07 2.73437e-08 0.435654 1.037 0 0
219 2.185 0 0 0 6 2.41596 0.25675 4.32143e-06 2.34375e-07 0.566924 1.05061 0 0
220 2.195 0 0 0 6 2.83963 0.325528 2.20571e-05 1.30078e-06 0.725569 1.06818 0 0
221 2.205 0 0 0 6 3.26669 0.405374 8.89512e-05 5.64062e-06 0.911903 1.09047 1.60442e-06 3.90625e-08
222 2.215 0 0 0 6 3.68435 0.496246 0.000310944 2.09492e-05 1.12659 1.11826 5.72388e-06 1.79688e-07
223 2.225 0 0 0 6 4.07351 0.597626 0.000932959 6.72969e-05 1.36893 1.15233 6.93311e-06 3.51563e-07
224 2.235 0 0 0 6 4.42377 0.708715 0.00256418 0.000195828 1.63641 1.19342 1.12438e-05 6.32813e-07
225 2.245 0 0 0 6 4.72105 0.828333 0.0065851 0.000528871 1.9206 1.24208 1.95017e-05 1.125e-06
226 2.255 0 0 0 6 4.96235 0.955187 0.0157867 0.00133442 2.21723 1.29876 2.69995e-05 1.8125e-06
227 2.265 0 0 0 6 5.14652 1.08792 0.0349003 0.0031311 2.51589 1.36365 4.89616e-05 3.07031e-06
228 2.275 0 0 0 6 5.28123 1.22533 0.0700607 0.00676977 2.80637 1.43667 7.4456e-05 5e-06
229 2.285 0 0 0 6 5.37453 1.3664 0.131577 0.0136636 3.07657 1.51742 0.000118926 8.10938e-06
230 2.295 0 0 0 6 5.44003 1.51044 0.228552 0.0257432 3.31487 1.60519 0.000171506 1.26328e-05
231 2.305 0 0 0 6 5.49623 1.65724 0.368102 0.0453685 3.51367 1.69904 0.000266924 1.97344e-05
232 2.315 0 0 0 6 5.55456 1.80689 0.552529 0.0750826 3.66103 1.79768 0.00039184 3.025e-05
233 2.325 0 0 0 6 5.62893 1.95986 0.773989 0.117067 3.7508 1.8996 0.000619946 4.70313e-05
234 2.335 0 0 0 6 5.72603 2.11681 1.0164 0.172675 3.77847 2.00317 0.000914818 7.20078e-05
235 2.345 0 0 0 6 5.84964 2.27852 1.25317 0.241826 3.74086 2.10658 0.00133913 0.000108883
236 2.355 0 0 0 6 6.00153 2.44585 1.45483 0.322792 3.64393 2.20818 0.00194975 0.000163031
237 2.365 0 0 0 6 6.17216 2.6194 1.59626 0.412384 3.48902 2.30628 0.00283817 0.000242523
238 2.375 0 0 0 6 6.34929 2.79944 1.65906 0.50629 3.28525 2.39944 0.00404819 0.000356867
239 2.385 0 0 0 6 6.51829 2.98583 1.64374 0.600114 3.04261 2.48645 0.00575487 0.000520789
240 2.395 0 0 0 6 6.66732 3.17809 1.56904 0.690427 2.77041 2.56634 0.00807542 0.000752742
241 2.405 0 0 0 6 6.78094 3.37526 1.45741 0.775017 2.48106 2.63848 0.0112029 0.00107722
242 2.415 0 0 0 6 6.83972 3.5758 1.34349 0.853644 2.1851 2.70254 0.0155498 0.00153135
243 2.425 0 0 0 6 6.83929 3.77799 1.25778 0.927866 1.89328 2.75852 0.021133 0.00215366
244 2.435 0 0 0 6 6.76522 3.97964 1.22501 1.00075 1.61346 2.80661 0.0283574 0.00299562
245 2.445 0 0 0 6 6.62302 4.17868 1.25816 1.07623 1.35168 2.84723 0.0378002 0.00412717
246 2.455 0 0 0 6 6.40926 4.37288 1.3571 1.1583 1.1138 2.88098 0.0499173 0.0056337
247 2.465 0 0 0 6 6.1244 4.55995 1.51638 1.25076 0.902905 2.90856 0.0652018 0.00761759
248 2.475 3.56569e-06 1.09375e-07 0 6 5.78147 4.73799 1.72664 1.3569 0.720459 2.93074 0.0847763 0.010218
249 2.485 3.2844e-06 2.10937e-07 0 6 5.38648 4.90521 1.97522 1.47929 0.564735 2.94827 0.108765 0.0135813
250 2.495 1.87969e-05 7.96875e-07 0 6 4.9547 5.06026 2.25699 1.62028 0.436516 2.96194 0.137943 0.0178813
251 2.505 3.77915e-05 1.98437e-06 0 6 4.49775 5.20215 2.57583 1.78247 0.331476 2.97239 0.172853 0.0233128
252 2.515 0.000134427 6.24219e-06 0 6 4.02482 5.33013 2.93554 1.9688 0.247714 2.98027 0.215197 0.0301289
253 2.525 0.000338917 1.70625e-05 0 6 3.55371 5.44403 3.35741 2.1836 0.182082 2.9861 0.264413 0.0385705
254 2.535 0.000933483 4.71016e-05 0 6 3.09392 5.54398 3.847 2.43167 0.13143 2.99035 0.322237 0.04894
255 2.545 0.00223844 0.000119703 0 6 2.65609 5.63047 4.40903 2.71824 0.0936011 2.9934 0.388503 0.0615407
256 2.555 0.00511898 0.000287039 0 6 2.24768 5.70423 5.02825 3.04762 0.0656404 2.99555 0.464316 0.0767189
257 2.565 0.0107943 0.000642664 0 6 1.87361 5.7662 5.68532 3.42297 0.0451577 2.99705 0.549441 0.0948206
258 2.575 0.022697 0.00139627 0 6 1.53897 5.8175 6.34066 3.84485 0.0307043 2.99807 0.643232 0.116178
259 2.585 0.0441987 0.00287523 0 6 1.24781 5.85942 6.95244 4.31105 0.0205502 2.99876 0.745953 0.141139
260 2.595 0.0824436 0.0056553 0 6 0.99537 5.89311 7.46781 4.81567 0.0136566 2.99922 0.855888 0.17
261 2.605 0.145967 0.0106154 0 6 0.781504 5.91977 7.84758 5.35006 0.00894419 2.99953 0.974491 0.203114
262 2.615 0.245617 0.019026 0 6 0.605318 5.94058 8.06508 5.90348 0.00599938 2.99973 1.09676 0.24067
263 2.625 0.398879 0.0327894 0 6 0.461963 5.95658 8.1036 6.46381 0.00421598 2.99988 1.22171 0.282825
264 2.635 0.613872 0.0541327 0 6 0.347324 5.96871 7.96418 7.0187 0.00330738 2.99999 1.34784 0.329687
265 2.645 0.904246 0.0858111 0 6 0.256935 5.97774 7.66822 7.55703 0.00302707 3.0001 1.47287 0.381286
266 2.655 1.27089 0.130671 0 6 0.187431 5.98439 7.24582 8.06957 0.00333369 3.00022 1.59409 0.437555
267 2.665 1.71299 0.191593 0 6 0.134541 5.98919 6.73554 8.5496 0.00429277 3.00037 1.70793 0.498297
268 2.675 2.20706 0.270677 0 6 0.0955207 5.99263 6.17234 8.9928 0.00587302 3.00058 1.81182 0.563218
269 2.685 2.72737 0.369136 0 6 0.0663004 5.99503 5.59315 9.39742 0.00826717 3.00088 1.90259 0.631903
270 2.695 3.23301 0.48672 0 6 0.0455277 5.99669 5.02121 9.76338 0.0117523 3.00131 1.97931 0.70389
271 2.705 3.6735 0.621318 0 6 0.0309598 5.99783 4.47612 10.092 0.0165647 3.00192 2.04057 0.778657
272 2.715 4.00813 0.769265 0 6 0.0207383 5.9986 3.97304 10.3859 0.0231403 3.00278 2.08226 0.855517
273 2.725 4.19903 0.925402 0 6 0.0135584 5.9991 3.50743 10.6473 0.0320167 3.00397 2.10432 0.933764
274 2.735 4.22792 1.08377 0 6 0.00874378 5.99943 3.08283 10.8787 0.0439341 3.00563 2.1049 1.01261
275 2.745 4.0897 1.23808 0 6 0.00563459 5.99965 2.68934 11.082 0.0594782 3.00788 2.08601 1.09132
276 2.755 3.81174 1.38296 0 6 0.00357165 5.99978 2.32474 11.2591 0.079676 3.01092 2.04625 1.16909
277 2.765 3.41788 1.51381 0 6 0.0022311 5.99987 1.98694 11.4115 0.105275 3.01497 1.9892 1.24524
278 2.775 2.9524 1.62765 5.04522e-07 6 0.001384 5.99992 1.67213 11.5407 0.137539 3.02029 1.91419 1.31906
279 2.785 2.45514 1.72301 8.01449e-07 6 0.000812669 5.99995 1.38181 11.6483 0.177686 3.02722 1.82491 1.38994
280 2.795 1.96601 1.79992 1.79038e-06 6 0.00047823 5.99997 1.11958 11.736 0.226845 3.03613 1.72273 1.45733
281 2.805 1.52148 1.85986 2.5677e-06 6 0.00028699 5.99998 0.887443 11.8061 0.285679 3.04743 1.60949 1.52074
282 2.815 1.13294 1.90482 4.51063e-06 6 0.000167776 5.99999 0.686776 11.8607 0.355683 3.0616 1.48965 1.57985
283 2.825 0.814302 1.93736 1.33389e-05 6 9.42485e-05 5.99999 0.518574 11.9022 0.436742 3.07912 1.36643 1.63446
284 2.835 0.563521 1.96004 3.54327e-05 6 5.29798e-05 6 0.381663 11.933 0.530035 3.10053 1.24021 1.68437
285 2.845 0.377581 1.97534 7.22401e-05 6.00001 3.3408e-05 6 0.273302 11.9552 0.635525 3.12639 1.11683 1.72964
286 2.855 0.242839 1.98526 0.000164299 6.00002 1.69685e-05 6 0.190619 11.9708 0.752841 3.15724 0.993859 1.7702
287 2.865 0.150128 1.99143 0.000336343 6.00005 9.93977e-06 6 0.12873 11.9814 0.880495 3.19358 0.876439 1.80623
288 2.875 0.09069 1.99518 0.000673843 6.00011 6.20447e-06 6 0.0849245 11.9885 1.01631 3.23581 0.7664 1.83795
289 2.885 0.0524912 1.99737 0.00131642 6.00022 3.17412e-06 6 0.0544329 11.993 1.15882 3.28429 0.663445 1.8656
290 2.895 0.029601 1.99861 0.00245596 6.00042 1.85425e-06 6 0.0341364 11.9959 1.30607 3.33932 0.568471 1.88946
291 2.905 0.0161104 1.99929 0.00446179 6.0008 9.20755e-07 6 0.0207581 11.9976 1.45329 3.40098 0.483574 1.90989
292 2.915 0.00851146 1.99965 0.00790696 6.00148 0 6 0.0122375 11.9987 1.59751 3.46922 0.407345 1.92723
293 2.925 0.0041872 1.99983 0.0135769 6.00265 0 6 0.00701065 11.9993 1.73536 3.54386 0.341456 1.94186
294 2.935 0.0020301 1.99992 0.0226667 6.00461 0 6 0.00394696 11.9996 1.86401 3.62458 0.284111 1.95411
295 2.945 0.000976777 1.99996 0.0364979 6.00779 0 6 0.00210372 11.9998 1.97978 3.7109 0.235862 1.96436
296 2.955 0.000455787 1.99998 0.0572647 6.01282 0 6 0.00108954 11.9999 2.07851 3.80214 0.196215 1.97293
297 2.965 0.000219881 1.99999 0.0870758 6.02052 0 6 0.000579623 12 2.15876 3.89755 0.164746 1.98019
298 2.975 9.57176e-05 2 0.128346 6.03194 0 6 0.00027797 12 2.21849 3.99625 0.141861 1.98647
299 2.985 3.88714e-05 2 0.183879 6.04841 0 6 0.000130192 12 2.25646 4.09733 0.127035 1.99214
300 2.995 1.53058e-05 2 0.256195 6.07152 0 6 6.32731e-05 12 2.27316 4.19983 0.120026 1.99753
301 3.005 5.8743e-06 2 0.346566 6.10298 0 6 3.34525e-05 12 2.27001 4.30288 0.121233 2.00302
302 3.015 1.16708e-05 2 0.454172 6.14449 0 6 1.64442e-05 12 2.24678 4.40556 0.131247 2.00899
303 3.025 1.43217e-05 2 0.57834 6.1977 0 6 7.82749e-06 12 2.20674 4.50707 0.150572 2.01589
304 3.035 3.60768e-05 2 0.714583 6.26388 0 6 1.26782e-06 12 2.15147 4.6067 0.179873 2.02419
305 3.045 6.79787e-05 2.00001 0.857714 6.34384 3.35214e-07 6 2.51902e-07 12 2.08349 4.70381 0.220303 2.03442
306 3.055 0.000144096 2.00001 0.999943 6.43767 1.66511e-07 6 2.08546e-07 12 2.00517 4.79789 0.2737 2.04721
307 3.065 0.000302589 2.00003 1.13305 6.54469 7.4442e-07 6 0 12 1.92001 4.88857 0.340852 2.06324
308 3.075 0.000732586 2.00006 1.24501 6.66306 1.31482e-06 6 0 12 1.83036 4.97557 0.422833 2.08326
309 3.085 0.00161913 2.00014 1.33013 6.79034 2.2044e-06 6 0 12 1.7383 5.05874 0.522439 2.10816
310 3.095 0.00334147 2.0003 1.38333 6.92356 2.92023e-06 6 0 12 1.64473 5.13795 0.639203 2.13882
311 3.105 0.00686587 2.00063 1.39882 7.05916 4.19099e-06 6 0 12 1.5528 5.21321 0.775815 2.17628
312 3.115 0.0138778 2.0013 1.37595 7.1934 6.48642e-06 6 0 12 1.46275 5.28456 0.929831 2.22146
313 3.125 0.0257708 2.00256 1.32232 7.32323 1.49587e-05 6 0 12 1.37645 5.35213 1.10536 2.27551
314 3.135 0.0468528 2.00487 1.24328 7.44609 2.4667e-05 6 0 12 1.29276 5.41601 1.30093 2.33953
315 3.145 0.0823088 2.00895 1.15021 7.56047 4.45429e-05 6.00001 0 12 1.2128 5.47631 1.51443 2.41454
316 3.155 0.140689 2.01596 1.05609 7.66617 7.73591e-05 6.00001 0 12 1.13848 5.53328 1.7457 2.50156
317 3.165 0.232054 2.0276 0.97389 7.76425 0.000119922 6.00001 0 12 1.06785 5.58706 1.99268 2.60151
318 3.175 0.37036 2.0463 0.917313 7.85723 0.00021128 6.00003 0 12 1.00293 5.63788 2.2502 2.7151
319 3.185 0.572217 2.07536 0.89838 7.94886 0.000317882 6.00004 0 12 0.943168 5.68598 2.51723 2.84297
320 3.195 0.853213 2.11898 0.929673 8.04427 0.000522939 6.00007 0 12 0.889713 5.73164 2.78714 2.98544
321 3.205 1.2311 2.1823 1.01765 8.14938 0.000845408 6.00011 0 12 0.844158 5.77523 3.06119 3.1429
322 3.215 1.72138 2.2714 1.16743 8.2707 0.00132601 6.00018 0 12 0.806638 5.81714 3.33148 3.31534
323 3.225 2.33212 2.39286 1.37951 8.41496 0.00211929 6.00029 0 12 0.777945 5.85782 3.59315 3.50247
324 3.235 3.06439 2.55345 1.65021 8.58859 0.0032411 6.00046 0 12 0.759319 5.89777 3.84338 3.70389
325 3.245 3.90487 2.75935 1.97311 8.79749 0.0049126 6.00072 0 12 0.752574 5.93761 4.07855 3.91895
326 3.255 4.83204 3.01571 2.33867 9.04662 0.00735318 6.00111 0 12 0.757572 5.97796 4.29144 4.14663
327 3.265 5.79973 3.32531 2.72758 9.33897 0.0109008 6.0017 0 12 0.775531 6.01952 4.48311 4.38594
328 3.275 6.75712 3.68823 3.12206 9.67565 0.015969 6.00256 0 12 0.805422 6.06295 4.64418 4.63538
329 3.285 7.64632 4.10142 3.50305 10.0557 0.023065 6.00381 0 12 0.847006 6.1089 4.77765 4.89355
330 3.295 8.42884 4.55967 3.84626 10.4756 0.0330297 6.00561 1.21906e-06 12 0.899342 6.15798 4.87969 5.15884
331 3.305 9.02413 5.05326 4.13505 10.9297 0.0466025 6.00817 3.63507e-06 12 0.960516 6.21073 4.9493 5.42956
332 3.315 9.39643 5.57034 4.35456 11.4108 0.0646926 6.01175 1.02019e-05 12 1.02797 6.26752 4.98138 5.70368
333 3.325 9.51573 6.09714 4.49293 11.9103 0.0888111 6.01668 1.77813e-05 12 1.10025 6.32867 4.9837 5.97958
334 3.335 9.38178 6.61966 4.54349 12.4183 0.120406 6.02341 3.34247e-05 12 1.17327 6.39427 4.95047 6.2553
335 3.345 9.00655 7.12429 4.51291 12.926 0.160957 6.03247 6.39453e-05 12 1.24429 6.46426 4.8866 6.52909
336 3.355 8.43062 7.59948 4.40052 13.4241 0.212821 6.04451 0.000118968 12 1.31172 6.53848 4.79145 6.79916
337 3.365 7.67145 8.03447 4.2219 13.9047 0.277501 6.06031 0.00023917 12.0001 1.37309 6.61664 4.6645 7.06364
338 3.375 6.80648 8.4227 3.99058 14.3617 0.356641 6.08073 0.000435115 12.0001 1.427 6.69836 4.51275 7.32105
339 3.385 5.88343 8.76028 3.72155 14.7905 0.452357 6.10679 0.000780401 12.0002 1.4721 6.78315 4.33534 7.5698
340 3.395 4.94817 9.04587 3.43173 15.1882 0.565725 6.13957 0.00143764 12.0004 1.50669 6.87046 4.13723 7.80859
341 3.405 4.05593 9.28135 3.13167 15.5532 0.697572 6.18022 0.00245604 12.0006 1.53172 6.95973 3.91665 8.03598
342 3.415 3.24388 9.47079 2.8377 15.886 0.848659 6.22998 0.00416053 12.0011 1.54635 7.05039 3.68118 8.25095
343 3.425 2.52352 9.61902 2.55213 16.187 1.01923 6.29009 0.00692459 12.0019 1.5524 7.14194 3.43377 8.45266
344 3.435 1.91379 9.7321 2.28171 16.4577 1.20548 6.36159 0.0112274 12.0033 1.54977 7.23387 3.17794 8.64043
345 3.445 1.40962 9.81587 2.02755 16.6996 1.40644 6.4455 0.0175278 12.0054 1.53988 7.32574 2.91637 8.81375
346 3.455 1.01406 9.87649 1.7914 16.9146 1.61807 6.5426 0.0270522 12.0086 1.52471 7.41724 2.65658 8.97254
347 3.465 0.709419 9.91914 1.57093 17.1042 1.83587 6.65341 0.0407821 12.0135 1.50471 7.50806 2.39793 9.11671
348 3.475 0.482479 9.94831 1.36581 17.2701 2.05371 6.77808 0.0596489 12.0207 1.4827 7.59807 2.14577 9.24646
349 3.485 0.31999 9.96777 1.17325 17.4133 2.26377 6.9163 0.0857276 12.0312 1.45738 7.68705 1.90223 9.36215
350 3.495 0.206483 9.9804 0.995593 17.5356 2.45967 7.06734 0.120177 12.0459 1.43206 7.77499 1.67277 9.46447
351 3.505 0.129947 9.9884 0.832168 17.6384 2.63492 7.23007 0.164058 12.0662 1.40556 7.86179 1.45684 9.55409
352 3.515 0.0790636 9.99329 0.683281 17.7233 2.78325 7.40294 0.218589 12.0933 1.38074 7.94755 1.25682 9.63185
353 3.525 0.0469301 9.99621 0.550969 17.7921 2.8985 7.584 0.285015 12.1288 1.35639 8.03228 1.07445 9.6987
354 3.535 0.0272097 9.99791 0.435335 17.8468 2.97492 7.77089 0.363393 12.1744 1.33341 8.11605 0.909152 9.7556
355 3.545 0.015501 9.99889 0.336955 17.8894 3.00915 7.961 0.453284 12.2315 1.31144 8.1989 0.761612 9.80352
356 3.555 0.00838131 9.99942 0.255031 17.9218 3.00049 8.15163 0.554203 12.3018 1.29109 8.28093 0.631605 9.84349
357 3.565 0.00448776 9.9997 0.188586 17.9459 2.94879 8.34003 0.664554 12.3866 1.27204 8.3622 0.518658 9.8765
358 3.575 0.00231936 9.99985 0.136199 17.9634 2.85766 8.52364 0.78422 12.4871 1.25373 8.44275 0.420984 9.90345
359 3.585 0.00120275 9.99993 0.0957518 17.9757 2.72911 8.69996 0.912434 12.6048 1.23658 8.52265 0.338371 9.92522
360 3.595 0.000581132 9.99997 0.0659809 17.9843 2.56955 8.86691 1.0486 12.7408 1.21987 8.6019 0.269111 9.94264
361 3.605 0.000259184 9.99999 0.0441889 17.9901 2.38399 9.02266 1.1908 12.8961 1.20339 8.68053 0.212324 9.95646
362 3.615 0.000127622 9.99999 0.0289486 17.9939 2.18238 9.16604 1.33979 13.0718 1.18648 8.75847 0.165804 9.96731
363 3.625 5.62767e-05 10 0.018446 17.9963 1.96943 9.29614 1.49465 13.2689 1.16929 8.83572 0.128144 9.97574
364 3.635 2.6803e-05 10 0.0114637 17.9979 1.75177 9.4125 1.65255 13.488 1.15127 8.91219 0.0989022 9.98228
365 3.645 8.92452e-06 10 0.00691571 17.9988 1.53576 9.51508 1.80657 13.7288 1.13118 8.98774 0.0760231 9.98734
366 3.655 4.2043e-06 10 0.00400297 17.9993 1.32799 9.60426 1.95484 13.9909 1.10927 9.06224 0.0584072 9.99125
367 3.665 5.80749e-07 10 0.00230148 17.9996 1.13256 9.68074 2.08381 14.2718 1.0847 9.13548 0.0456046 9.99432
368 3.675 5.77592e-07 10 0.00127342 17.9998 0.952471 9.74541 2.1845 14.5678 1.05762 9.20729 0.0366112 9.99679
369 3.685 1.37871e-06 10 0.00067865 17.9999 0.789264 9.79929 2.2466 14.874 1.02672 9.27738 0.0309047 9.99889
370 3.695 0 10 0.000365008 17.9999 0.645654 9.8436 2.26614 15.1844 0.991304 9.34542 0.0278192 10.0008
371 3.705 0 10 0.000195205 18 0.520949 9.87955 2.23669 15.4925 0.952729 9.41117 0.0272269 10.0027
372 3.715 3.61742e-06 10 9.38543e-05 18 0.414927 9.90834 2.15934 15.7916 0.909233 9.47425 0.0289044 10.0047
373 3.725 9.10749e-06 10 4.60316e-05 18 0.325497 9.93104 2.04128 16.0758 0.862267 9.5344 0.032549 10.0069
374 3.735 1.89004e-05 10 2.38396e-05 18 0.25241 9.94875 1.89049 16.3404 0.811883 9.59134 0.0384472 10.0096
375 3.745 2.65865e-05 10 1.27427e-05 18 0.193127 9.96236 1.71666 16.582 0.758412 9.64481 0.0460423 10.0128
376 3.755 5.37753e-05 10 6.42011e-06 18 0.145559 9.97268 1.53141 16.7987 0.702969 9.69464 0.055941 10.0168
377 3.765 0.000108191 10 3.97415e-06 18 0.108316 9.9804 1.34803 16.9905 0.646496 9.74071 0.0682356 10.0216
378 3.775 0.000225965 10 2.9444e-06 18 0.0793653 9.98608 1.17265 17.1582 0.59117 9.78306 0.0823874 10.0275
379 3.785 0.000394986 10.0001 1.89833e-07 18 0.0576388 9.99024 1.01011 17.3034 0.537675 9.82178 0.0990126 10.0346
380 3.795 0.000761116 10.0001 7.01384e-07 18 0.0413187 9.99323 0.863403 17.4281 0.489023 9.85719 0.1181 10.0431
381 3.805 0.00149775 10.0002 4.5619e-07 18 0.0292856 9.99536 0.734259 17.5348 0.446067 9.88965 0.139293 10.0532
382 3.815 0.00263165 10.0004 6.13967e-07 18 0.0204449 9.99685 0.620036 17.6254 0.410767 9.91971 0.163185 10.0651
383 3.825 0.00473655 10.0008 2.52271e-06 18 0.0141309 9.99789 0.520708 17.7018 0.384676 9.948 0.190016 10.0791
384 3.835 0.00792241 10.0013 3.88323e-06 18 0.00960209 9.9986 0.43403 17.7659 0.369452 9.97532 0.219113 10.0952
385 3.845 0.013189 10.0023 1.0538e-05 18 0.0064789 9.99909 0.359381 17.8192 0.365473 10.0025 0.250396 10.1137
386 3.855 0.0212771 10.0039 2.64046e-05 18 0.00430588 9.99941 0.294514 17.8631 0.37313 10.0304 0.283307 10.1348
387 3.865 0.0332382 10.0064 6.01566e-05 18 0.00282603 9.99962 0.240104 17.8991 0.391521 10.0598 0.318627 10.1586
388 3.875 0.0518609 10.0103 0.000121064 18 0.00184062 9.99976 0.195472 17.9286 0.419915 10.0915 0.355245 10.1854
389 3.885 0.077836 10.0162 0.000256869 18.0001 0.00118511 9.99985 0.162108 17.9531 0.457095 10.1261 0.393369 10.2151
390 3.895 0.113561 10.0248 0.000512742 18.0002 0.00075572 9.99991 0.140497 17.9745 0.501034 10.1644 0.43211 10.2479
391 3.905 0.162103 10.0372 0.00100182 18.0003 0.000486578 9.99994 0.131326 17.9946 0.548466 10.2064 0.471718 10.2839
392 3.915 0.225997 10.0545 0.00183413 18.0006 0.000303516 9.99997 0.135887 18.0155 0.596869 10.2524 0.510539 10.3231
393 3.925 0.30606 10.0781 0.00335339 18.0011 0.000177491 9.99998 0.154782 18.0394 0.644155 10.3023 0.549437 10.3655
394 3.935 0.404109 10.1095 0.00595461 18.002 0.000105031 9.99999 0.189253 18.0688 0.686867 10.3557 0.586527 10.411
395 3.945 0.520164 10.15 0.0102456 18.0036 6.51058e-05 9.99999 0.239522 18.1062 0.724063 10.4124 0.622591 10.4595
396 3.955 0.651601 10.201 0.0171726 18.0063 3.64122e-05 10 0.303962 18.1539 0.752961 10.4716 0.656654 10.5109
397 3.965 0.796284 10.2637 0.0280507 18.0108 2.15989e-05 10 0.381542 18.2141 0.773227 10.5327 0.687835 10.5651
398 3.975 0.9472 10.3387 0.0446764 18.0179 1.16058e-05 10 0.468883 18.2885 0.786094 10.5952 0.715829 10.6217
399 3.985 1.09938 10.4261 0.0688182 18.0289 6.50776e-06 10 0.560706 18.3778 0.790978 10.6583 0.739522 10.6805
400 3.995 1.24461 10.5256 0.103421 18.0455 4.67384e-06 10 0.651118 18.4821 0.790559 10.7217 0.760032 10.7413
401 4.005 1.36999 10.6356 0.151078 18.0698 2.42215e-06 10 0.733344 18.6001 0.788188 10.7853 0.7754 10.8036
402 4.015 1.47393 10.7546 0.215333 18.1047 8.67636e-07 10 0.800884 18.7297 0.784342 10.8488 0.786718 10.8671
403 4.025 1.54206 10.8797 0.298426 18.1533 1.00722e-06 10 0.847028 18.8674 0.782434 10.9126 0.792025 10.9313
404 4.035 1.57237 11.0079 0.403052 18.2193 2.86352e-07 10 0.868373 19.0093 0.78425 10.9768 0.793697 10.996
405 4.045 1.56162 11.1358 0.531494 18.3067 9.49794e-08 10 0.86257 19.1509 0.792877 11.042 0.789084 11.0607
406 4.055 1.51118 11.2603 0.683484 18.4197 0 10 0.829832 19.2878 0.809039 11.1089 0.780956 11.125
407 4.065 1.42586 11.3782 0.857217 18.5622 0 10 0.772822 19.416 0.83192 11.178 0.767391 11.1885
408 4.075 1.31374 11.4875 1.0516 18.7377 1.40379e-07 10 0.69689 19.5321 0.862232 11.2499 0.749164 11.2508
409 4.085 1.17604 11.5858 1.26104 18.9493 1.86257e-07 10 0.609494 19.6341 0.898591 11.3253 0.726754 11.3115
410 4.095 1.02533 11.6719 1.47966 19.1988 1.48279e-06 10 0.515602 19.7209 0.938223 11.4044 0.700143 11.3703
411 4.105 0.871471 11.7454 1.70266 19.4873 1.42946e-06 10 0.423683 19.7925 0.979031 11.4874 0.671053 11.4269
412 4.115 0.721888 11.8066 1.92318 19.8147 2.93682e-06 10 0.336965 19.8498 1.01877 11.5741 0.638077 11.481
413 4.125 0.582936 11.8563 2.13701 20.1803 4.24689e-06 10 0.259248 19.8941 1.05371 11.6642 0.603106 11.5324
414 4.135 0.458138 11.8955 2.33984 20.5825 6.95307e-06 10 0.193887 19.9273 1.08169 11.7572 0.566939 11.581
415 4.145 0.351032 11.9257 2.52932 21.0195 1.27537e-05 10 0.140341 19.9515 1.10079 11.8523 0.529389 11.6265
416 4.155 0.26223 11.9484 2.70397 21.4888 2.1154e-05 10 0.0990391 19.9687 1.10845 11.9485 0.490969 11.6689
417 4.165 0.191202 11.965 2.86572 21.9886 3.71779e-05 10 0.0682575 19.9806 1.10418 12.0448 0.452023 11.7082
418 4.175 0.135314 11.9768 3.0142 22.5169 6.24542e-05 10 0.0470034 19.9888 1.08816 12.1401 0.414138 11.7444
419 4.185 0.0930289 11.9849 3.14975 23.0715 0.000106433 10 0.0335748 19.9947 1.06049 12.2335 0.376665 11.7774
420 4.195 0.0623176 11.9904 3.27047 23.6502 0.000175778 10 0.0272695 19.9995 1.02226 12.3239 0.340753 11.8074
421 4.205 0.0408828 11.9941 3.37668 24.2505 0.000286079 10.0001 0.0273768 20.0044 0.97581 12.4107 0.306263 11.8345
422 4.215 0.0262573 11.9964 3.46474 24.8694 0.000453632 10.0001 0.0343887 20.0105 0.922662 12.4931 0.274197 11.8589
423 4.225 0.0164987 11.9979 3.52651 25.5023 0.000718192 10.0002 0.0490225 20.0193 0.867198 12.5709 0.243689 11.8807
424 4.235 0.0100781 11.9988 3.55819 26.144 0.00111607 10.0003 0.0734089 20.0325 0.811447 12.6441 0.215633 11.9001
425 4.245 0.0059909 11.9993 3.5552 26.7881 0.00173007 10.0004 0.109873 20.0524 0.759585 12.7129 0.190526 11.9173
426 4.255 0.00345197 11.9996 3.5116 27.4273 0.00267421 10.0007 0.161096 20.0816 0.714228 12.7779 0.168754 11.9326
427 4.265 0.00199232 11.9998 3.4285 28.0544 0.00409 10.001 0.229545 20.1235 0.677862 12.8399 0.150043 11.9462
428 4.275 0.00118379 11.9999 3.30801 28.6622 0.00613433 10.0016 0.317397 20.1817 0.653667 12.8999 0.13498 11.9586
429 4.285 0.000871195 12 3.15641 29.2449 0.00917238 10.0025 0.4252 20.2601 0.643019 12.9593 0.123604 11.97
430 4.295 0.000924569 12.0001 2.98168 29.7979 0.0134017 10.0037 0.552074 20.3623 0.648112 13.0194 0.116342 11.9807
431 4.305 0.00131391 12.0002 2.79507 30.3188 0.0194491 10.0055 0.695698 20.4917 0.66902 13.0817 0.113291 11.9912
432 4.315 0.00218355 12.0004 2.60775 30.8069 0.0278149 10.0081 0.84848 20.6502 0.706159 13.1478 0.114974 12.0019
433 4.325 0.00389662 12.0008 2.42963 31.2639 0.0394467 10.0118 1.00443 20.8387 0.758328 13.2191 0.121425 12.0133
434 4.335 0.00678199 12.0014 2.26733 31.6923 0.055023 10.017 1.15244 21.056 0.824109 13.297 0.133338 12.0259
435 4.345 0.0115657 12.0025 2.12715 32.0961 0.0756212 10.0242 1.28231 21.299 0.901486 13.3825 0.150238 12.0401
436 4.355 0.0193019 12.0043 2.00892 32.4791 0.102753 10.034 1.38438 21.5624 0.987534 13.4767 0.172719 12.0565
437 4.365 0.0305964 12.0073 1.90872 32.8448 0.137847 10.0472 1.45157 21.84 1.07988 13.5801 0.200721 12.0756
438 4.375 0.0480466 12.0119 1.82196 33.1954 0.182264 10.0647 1.47814 22.1239 1.17386 13.6931 0.233776 12.098
439 4.385 0.0730458 12.0189 1.73965 33.5317 0.23783 10.0877 1.46398 22.4064 1.26692 13.8155 0.272297 12.1242
440 4.395 0.108196 12.0294 1.65377 33.8529 0.306102 10.1174 1.41318 22.6803 1.35475 13.9471 0.315429 12.1547
441 4.405 0.155505 12.0445 1.55935 34.1571 0.389058 10.1554 1.33233 22.9397 1.4349 14.0871 0.362665 12.19
442 4.415 0.216507 12.0656 1.45232 34.4418 0.487281 10.2031 1.23292 23.1809 1.5041 14.2344 0.413576 12.2304
443 4.425 0.294663 12.0945 1.3309 34.7038 0.602905 10.2625 1.12562 23.402 1.56074 14.3881 0.466399 12.2761
444 4.435 0.388538 12.1328 1.19695 34.9405 0.735293 10.3352 1.02261 23.6039 1.60323 14.5466 0.520667 12.3274
445 4.445 0.497829 12.182 1.05416 35.1499 0.884678 10.4231 0.934762 23.7892 1.63046 14.7086 0.574432 12.3842
446 4.455 0.620407 12.2437 0.908006 35.3311 1.05141 10.528 0.868875 23.9622 1.64119 14.8723 0.627303 12.4465
447 4.465 0.749982 12.3186 0.76364 35.4842 1.23169 10.6514 0.829906 24.1283 1.63649 15.0363 0.675969 12.514
448 4.475 0.883685 12.4072 0.627512 35.6105 1.42574 10.795 0.818642 24.2928 1.61599 15.199 0.721107 12.5863
449 4.485 1.01129 12.509 0.502545 35.7121 1.62822 10.9596 0.83562 24.4614 1.58172 15.3589 0.76031 12.6629
450 4.495 1.12398 12.6228 0.392621 35.7919 1.83659 11.1462 0.87831 24.6395 1.53382 15.5147 0.792649 12.7431
451 4.505 1.21718 12.7465 0.298671 35.8529 2.04643 11.3549 0.944104 24.8318 1.47472 15.6652 0.817409 12.8262
452 4.515 1.2783 12.8769 0.221135 35.8982 2.25044 11.5856 1.02969 25.0424 1.40465 15.8092 0.832751 12.9112
453 4.525 1.30581 13.0108 0.160234 35.9312 2.44414 11.8372 1.13349 25.2753 1.32558 15.9456 0.839838 12.9973
454 4.535 1.29601 13.1443 0.112924 35.9545 2.62241 12.1083 1.25524 25.5344 1.24057 16.0739 0.837983 13.0836
455 4.545 1.25117 13.2737 0.0775915 35.9706 2.77929 12.3969 1.39635 25.8238 1.15093 16.1934 0.827204 13.1692
456 4.555 1.17496 13.3958 0.0519621 35.9815 2.9128 12.7007 1.55604 26.1478 1.05804 16.3037 0.808646 13.2532
457 4.565 1.07076 13.5075 0.0339422 35.9886 3.01547 13.0166 1.73639 26.5109 0.963537 16.4047 0.783514 13.335
458 4.575 0.949793 13.6071 0.0216139 35.9931 3.08657 13.3414 1.93745 26.9178 0.870209 16.4962 0.752618 13.4138
459 4.585 0.82017 13.6934 0.0133753 35.996 3.12401 13.6716 2.15549 27.3725 0.779616 16.5786 0.717993 13.4894
460 4.595 0.68739 13.7661 0.00810461 35.9977 3.12683 14.0035 2.38804 27.8785 0.693261 16.6522 0.680569 13.5614
461 4.605 0.560086 13.8256 0.00478551 35.9987 3.09434 14.3333 2.6236 28.4368 0.613694 16.7176 0.642804 13.6296
462 4.615 0.44389 13.8729 0.00275043 35.9993 3.03069 14.6578 2.85525 29.047 0.542518 16.7757 0.605332 13.6942
463 4.625 0.342483 13.9096 0.00153973 35.9996 2.93692 14.9736 3.07134 29.7063 0.481106 16.8275 0.570346 13.7553
464 4.635 0.257603 13.9373 0.000847784 35.9998 2.81783 15.278 3.26217 30.4095 0.430439 16.874 0.540357 13.8134
465 4.645 0.188684 13.9577 0.000447738 35.9999 2.67599 15.5682 3.41608 31.1491 0.392204 16.9165 0.516019 13.8692
466 4.655 0.135396 13.9724 0.000239143 35.9999 2.51714 15.8424 3.52695 31.916 0.366998 16.9565 0.497794 13.9232
467 4.665 0.0963585 13.9829 0.000122559 36 2.34524 16.099 3.58811 32.6996 0.355089 16.9953 0.487337 13.9763
468 4.675 0.0699013 13.9905 5.89642e-05 36 2.1642 16.3368 3.60191 33.4895 0.357159 17.0346 0.484824 14.0294
469 4.685 0.0542525 13.9965 2.66925e-05 36 1.97929 16.5552 3.56781 34.2754 0.372755 17.0757 0.490656 14.0833
470 4.695 0.0492111 14.0019 1.47347e-05 36 1.79393 16.754 3.49156 35.0477 0.401318 17.1202 0.505556 14.1391
471 4.705 0.0546788 14.008 6.14264e-06 36 1.61122 16.9333 3.38321 35.7992 0.442447 17.1694 0.529305 14.1978
472 4.715 0.0711178 14.0159 3.2855e-06 36 1.4346 17.0936 3.25036 36.5243 0.494655 17.2247 0.561048 14.2602
473 4.725 0.100723 14.0272 1.14854e-06 36 1.26712 17.2358 3.10015 37.2189 0.555884 17.2871 0.600313 14.3273
474 4.735 0.145657 14.0435 7.79792e-07 36 1.10912 17.3608 2.94444 37.8813 0.624182 17.3574 0.646216 14.3999
475 4.745 0.209247 14.0671 1.7946e-06 36 0.962281 17.4698 2.789 38.5114 0.696332 17.4362 0.69762 14.4785
476 4.755 0.294805 14.1005 3.98652e-06 36 0.827748 17.5638 2.64179 39.1108 0.770672 17.5238 0.754776 14.564
477 4.765 0.405744 14.1466 7.39204e-06 36 0.705633 17.6444 2.50825 39.6823 0.843466 17.6201 0.81456 14.6566
478 4.775 0.544129 14.2088 1.83005e-05 36 0.596254 17.7127 2.39704 40.2307 0.911733 17.7246 0.878412 14.7569
479 4.785 0.709258 14.2901 4.09788e-05 36 0.499051 17.7702 2.31174 40.7619 0.972866 17.8366 0.942156 14.8649
480 4.795 0.90016 14.3937 9.59455e-05 36 0.413944 17.818 2.25666 41.2825 1.02447 17.955 1.00677 14.9808
481 4.805 1.11169 14.5222 0.000208846 36.0001 0.340033 17.8575 2.2351 41.8003 1.06474 18.0786 1.07017 15.1046
482 4.815 1.33267 14.677 0.000422847 36.0002 0.277042 17.8898 2.24417 42.3224 1.09263 18.2059 1.13282 15.2361
483 4.825 1.55714 14.8585 0.00082804 36.0004 0.223846 17.916 2.28022 42.8551 1.10661 18.3355 1.19318 15.3752
484 4.835 1.76855 15.0655 0.00164967 36.0008 0.179758 17.9371 2.33625 43.4032 1.10788 18.4657 1.25029 15.5215
485 4.845 1.9518 15.2949 0.00319295 36.0015 0.144579 17.9542 2.39713 43.9678 1.09691 18.5951 1.30466 15.6749
486 4.855 2.09926 15.5427 0.00592244 36.0029 0.11685 17.968 2.45058 44.5475 1.07477 18.7225 1.35595 15.8349
487 4.865 2.19409 15.8028 0.0106406 36.0055 0.0972546 17.9796 2.48026 45.1365 1.04393 18.8467 1.40488 16.0014
488 4.875 2.2321 16.0684 0.0183201 36.0098 0.0846501 17.9897 2.47409 45.7266 1.00608 18.9669 1.45251 16.1743
489 4.885 2.21006 16.3325 0.0307723 36.0172 0.0792714 17.9992 2.42241 46.3066 0.964072 19.0825 1.49767 16.3533
490 4.895 2.13006 16.5881 0.0502425 36.0293 0.0808199 18.0089 2.32207 46.865 0.919736 19.1933 1.54346 16.5385
491 4.905 2.00309 16.8294 0.0794642 36.0485 0.0900526 18.0198 2.17283 47.3895 0.875981 19.2993 1.58769 16.7297
492 4.915 1.83956 17.0519 0.121623 36.0781 0.107489 18.0329 1.98304 47.8702 0.834293 19.4006 1.63351 16.9273
493 4.925 1.65687 17.2532 0.18121 36.1223 0.1338 18.0492 1.76208 48.2991 0.796186 19.4977 1.68177 17.1316
494 4.935 1.47154 17.4326 0.262713 36.1866 0.170281 18.07 1.52407 48.6716 0.763077 19.5911 1.73155 17.3428
495 4.945 1.30313 17.5922 0.369896 36.2775 0.217724 18.0968 1.28119 48.986 0.735505 19.6815 1.78488 17.5613
496 4.955 1.16719 17.7357 0.5064 36.4026 0.277576 18.1311 1.04797 49.2442 0.713986 19.7696 1.84285 17.7879
497 4.965 1.07968 17.869 0.673025 36.5694 0.3512 18.1746 0.832337 49.4501 0.698882 19.8562 1.90412 18.023
498 4.975 1.05323 17.9995 0.869228 36.7857 0.439698 18.2293 0.642408 49.6096 0.689832 19.9421 1.96872 18.267
499 4.985 1.096 18.1359 1.09323 37.0588 0.543863 18.2972 0.481647 49.7297 0.686515 20.0278 2.03773 18.5205
500 4.995 1.21039 18.2871 1.33874 37.3947 0.664731 18.3806 0.350545 49.8175 0.689006 20.1143 2.10817 18.7839
