# Time-averaged data for fix rdf_p
# TimeStep Number-of-rows
# Row c_rdf_p[1] c_rdf_p[2] c_rdf_p[3] c_rdf_p[4] c_rdf_p[5] c_rdf_p[6] c_rdf_p[7] c_rdf_p[8] c_rdf_p[9] c_rdf_p[10] c_rdf_p[11] c_rdf_p[12] c_rdf_p[13]
1000000 500
1 0.005 0 0 0 0 0 0 0 0 0 0 0 0
2 0.015 0 0 0 0 0 0 0 0 0 0 0 0
3 0.025 0 0 0 0 0 0 0 0 0 0 0 0
4 0.035 0 0 0 0 0 0 0 0 0 0 0 0
5 0.045 0 0 0 0 0 0 0 0 0 0 0 0
6 0.055 0 0 0 0 0 0 0 0 0 0 0 0
7 0.065 0 0 0 0 0 0 0 0 0 0 0 0
8 0.075 0 0 0 0 0 0 0 0 0 0 0 0
9 0.085 0 0 0 0 0 0 0 0 0 0 0 0
10 0.095 0 0 0 0 0 0 0 0 0 0 0 0
11 0.105 0 0 0 0 0 0 0 0 0 0 0 0
12 0.115 0 0 0 0 0 0 0 0 0 0 0 0
13 0.125 0 0 0 0 0 0 0 0 0 0 0 0
14 0.135 0 0 0 0 0 0 0 0 0 0 0 0
15 0.145 0 0 0 0 0 0 0 0 0 0 0 0
16 0.155 0 0 0 0 0 0 0 0 0 0 0 0
17 0.165 0 0 0 0 0 0 0 0 0 0 0 0
18 0.175 0 0 0 0 0 0 0 0 0 0 0 0
19 0.185 0 0 0 0 0 0 0 0 0 0 0 0
20 0.195 0 0 0 0 0 0 0 0 0 0 0 0
21 0.205 0 0 0 0 0 0 0 0 0 0 0 0
22 0.215 0 0 0 0 0 0 0 0 0 0 0 0
23 0.225 0 0 0 0 0 0 0 0 0 0 0 0
24 0.235 0 0 0 0 0 0 0 0 0 0 0 0
25 0.245 0 0 0 0 0 0 0 0 0 0 0 0
26 0.255 0 0 0 0 0 0 0 0 0 0 0 0
27 0.265 0 0 0 0 0 0 0 0 0 0 0 0
28 0.275 0 0 0 0 0 0 0 0 0 0 0 0
29 0.285 0 0 0 0 0 0 0 0 0 0 0 0
30 0.295 0 0 0 0 0 0 0 0 0 0 0 0
31 0.305 0 0 0 0 0 0 0 0 0 0 0 0
32 0.315 0 0 0 0 0 0 0 0 0 0 0 0
33 0.325 0 0 0 0 0 0 0 0 0 0 0 0
34 0.335 0 0 0 0 0 0 0 0 0 0 0 0
35 0.345 0 0 0 0 0 0 0 0 0 0 0 0
36 0.355 0 0 0 0 0 0 0 0 0 0 0 0
37 0.365 0 0 0 0 0 0 0 0 0 0 0 0
38 0.375 0 0 0 0 0 0 0 0 0 0 0 0
39 0.385 0 0 0 0 0 0 0 0 0 0 0 0
40 0.395 0 0 0 0 0 0 0 0 0 0 0 0
41 0.405 0 0 0 0 0 0 0 0 0 0 0 0
42 0.415 0 0 0 0 0 0 0 0 0 0 0 0
43 0.425 0 0 0 0 0 0 0 0 0 0 0 0
44 0.435 0 0 0 0 0 0 0 0 0 0 0 0
45 0.445 0 0 0 0 0 0 0 0 0 0 0 0
46 0.455 0 0 0 0 0 0 0 0 0 0 0 0
47 0.465 0 0 0 0 0 0 0 0 0 0 0 0
48 0.475 0 0 0 0 0 0 0 0 0 0 0 0
49 0.485 0 0 0 0 0 0 0 0 0 0 0 0
50 0.495 0 0 0 0 0 0 0 0 0 0 0 0
51 0.505 0 0 0 0 0 0 0 0 0 0 0 0
52 0.515 0 0 0 0 0 0 0 0 0 0 0 0
53 0.525 0 0 0 0 0 0 0 0 0 0 0 0
54 0.535 0 0 0 0 0 0 0 0 0 0 0 0
55 0.545 0 0 0 0 0 0 0 0 0 0 0 0
56 0.555 0 0 0 0 0 0 0 0 0 0 0 0
57 0.565 0 0 0 0 0 0 0 0 0 0 0 0
58 0.575 0 0 0 0 0 0 0 0 0 0 0 0
59 0.585 0 0 0 0 0 0 0 0 0 0 0 0
60 0.595 0 0 0 0 0 0 0 0 0 0 0 0
61 0.605 0 0 0 0 0 0 0 0 0 0 0 0
62 0.615 0 0 0 0 0 0 0 0 0 0 0 0
63 0.625 0 0 0 0 0 0 0 0 0 0 0 0
64 0.635 0 0 0 0 0 0 0 0 0 0 0 0
65 0.645 0 0 0 0 0 0 0 0 0 0 0 0
66 0.655 0 0 0 0 0 0 0 0 0 0 0 0
67 0.665 0 0 0 0 0 0 0 0 0 0 0 0
68 0.675 0 0 0 0 0 0 0 0 0 0 0 0
69 0.685 0 0 0 0 0 0 0 0 0 0 0 0
70 0.695 0 0 0 0 0 0 0 0 0 0 0 0
71 0.705 0 0 0 0 0 0 0 0 0 0 0 0
72 0.715 0 0 0 0 0 0 0 0 0 0 0 0
73 0.725 0 0 0 0 0 0 0 0 0 0 0 0
74 0.735 0 0 0 0 0 0 0 0 0 0 0 0
75 0.745 0 0 0 0 0 0 0 0 0 0 0 0
76 0.755 0 0 0 0 0 0 0 0 0 0 0 0
77 0.765 0 0 0 0 0 0 0 0 0 0 0 0
78 0.775 0 0 0 0 0 0 0 0 0 0 0 0
79 0.785 0 0 0 0 0 0 0 0 0 0 0 0
80 0.795 0 0 0 0 0 0 0 0 0 0 0 0
81 0.805 0 0 0 0 0 0 0 0 0 0 0 0
82 0.815 0 0 0 0 0 0 0 0 0 0 0 0
83 0.825 0 0 0 0 0 0 0 0 0 0 0 0
84 0.835 0 0 0 0 0 0 0 0 0 0 0 0
85 0.845 0 0 0 0 0 0 0 0 0 0 0 0
86 0.855 0 0 0 0 0 0 0 0 0 0 0 0
87 0.865 0 0 0 0 0 0 0 0 0 0 0 0
88 0.875 0 0 0 0 0 0 0 0 0 0 0 0
89 0.885 0 0 0 0 0 0 0 0 0 0 0 0
90 0.895 0 0 0 0 0 0 0 0 2.01687e-06 7.8125e-09 0 0
91 0.905 0 0 0 0 0 0 0 0 1.23284e-05 5.66406e-08 0 0
92 0.915 0 0 0 0 0 0 0 0 0.000102272 4.70703e-07 0 0
93 0.925 0 0 0 0 0 0 0 0 0.000511222 2.58594e-06 0 0
94 0.935 0 0 0 0 0 0 0 0 0.00240055 1.27344e-05 0 0
95 0.945 0 0 0 0 0 0 0 0 0.00933539 5.30488e-05 0 0
96 0.955 0 0 0 0 0 0 0 0 0.0300913 0.000185762 0 0
97 0.965 0 0 0 0 0 0 0 0 0.0835581 0.000562039 0 0
98 0.975 0 0 0 0 0 0 0 0 0.200002 0.00148145 0 0
99 0.985 0 0 0 0 0 0 0 0 0.419672 0.00345045 0 0
100 0.995 0 0 0 0 0 0 0 0 0.780645 0.00718781 0 0
101 1.005 0 0 0 0 0 0 0 0 1.30352 0.0135545 0 0
102 1.015 0 0 0 0 0 0 0 0 1.97179 0.0233778 0 0
103 1.025 0 0 0 0 0 0 0 0 2.74423 0.03732 0 0
104 1.035 0 0 0 0 0 0 0 0 3.53304 0.0556218 0 0
105 1.045 0 0 0 0 0 0 0 0 4.26554 0.0781471 0 0
106 1.055 0 0 0 0 0 0 0 0 4.86868 0.104352 0 0
107 1.065 0 0 0 0 0 0 0 0 5.29962 0.133419 0 0
108 1.075 0 0 0 0 0 0 0 0 5.54628 0.164414 0 0
109 1.085 0 0 0 0 0 0 0 0 5.62748 0.19645 0 0
110 1.095 0 0 0 0 0 0 0 0 5.5742 0.22877 0 0
111 1.105 0 0 0 0 0 0 0 0 5.42455 0.2608 0 0
112 1.115 0 0 0 0 0 0 0 0 5.21109 0.292128 0 0
113 1.125 0 0 0 0 0 0 0 0 4.96308 0.322504 0 0
114 1.135 0 0 0 0 0 0 0 0 4.70944 0.351841 0 0
115 1.145 0 0 0 0 0 0 0 0 4.46153 0.380126 0 0
116 1.155 0 0 0 0 0 0 0 0 4.23583 0.407452 0 0
117 1.165 0 0 0 0 0 0 0 0 4.03582 0.43394 0 0
118 1.175 0 0 0 0 0 0 0 0 3.8563 0.459686 0 0
119 1.185 0 0 0 0 0 0 0 0 3.6972 0.484791 0 0
120 1.195 0 0 0 0 0 0 0 0 3.56317 0.509397 0 0
121 1.205 0 0 0 0 0 0 0 0 3.44858 0.533612 0 0
122 1.215 0 0 0 0 0 0 0 0 3.35101 0.557533 0 0
123 1.225 0 0 0 0 0 0 0 0 3.26824 0.58125 0 0
124 1.235 0 0 0 0 0 0 0 0 3.19711 0.60483 0 0
125 1.245 0 0 0 0 0 0 0 0 3.13694 0.628343 0 0
126 1.255 0 0 0 0 0 0 0 0 3.07693 0.651778 0 0
127 1.265 0 0 0 0 0 0 0 0 3.02278 0.67517 0 0
128 1.275 0 0 0 0 0 0 0 0 2.97214 0.698534 0 0
129 1.285 0 0 0 0 0 0 0 0 2.91565 0.721815 0 0
130 1.295 0 0 0 0 0 0 0 0 2.84981 0.744926 0 0
131 1.305 0 0 0 0 0 0 0 0 2.77417 0.767772 0 0
132 1.315 0 0 0 0 0 0 0 0 2.68226 0.790202 0 0
133 1.325 0 0 0 0 0 0 0 0 2.57358 0.812051 0 0
134 1.335 0 0 0 0 0 0 0 0 2.44863 0.833154 0 0
135 1.345 0 0 0 0 0 0 0 0 2.30722 0.853337 0 0
136 1.355 0 0 0 0 0 0 0 0 2.15165 0.872441 0 0
137 1.365 0 0 0 0 0 0 0 0 1.98155 0.890295 0 0
138 1.375 0 0 0 0 0 0 0 0 1.80219 0.906771 0 0
139 1.385 0 0 0 0 0 0 0 0 1.61385 0.921742 0 0
140 1.395 0 0 0 0 0 0 0 0 1.427 0.93517 0 0
141 1.405 0 0 0 0 0 0 0 0 1.24015 0.947009 0 0
142 1.415 0 0 0 0 0 0 0 0 1.06057 0.957277 0 0
143 1.425 0 0 0 0 0 0 0 0 0.893499 0.966051 0 0
144 1.435 0 0 0 0 0 0 0 0 0.739069 0.973411 0 0
145 1.445 0 0 0 0 0 0 0 0 0.601221 0.979481 0 0
146 1.455 0 0 0 0 0 0 0 0 0.480307 0.984398 0 0
147 1.465 0 0 0 0 0 0 0 0 0.377096 0.988312 0 0
148 1.475 0 0 0 0 0 0 0 0 0.290687 0.99137 0 0
149 1.485 0 0 0 0 0 0 0 0 0.22088 0.993726 0 0
150 1.495 0 0 0 0 0 0 0 0 0.164234 0.995501 0 0
151 1.505 0 0 0 0 0 0 0 0 0.120634 0.996822 0 0
152 1.515 0 0 0 0 0 0 0 0 0.087375 0.997792 0 0
153 1.525 0 0 0 0 0 0 0 0 0.0617686 0.998487 0 0
154 1.535 0 0 0 0 0 0 0 0 0.0429938 0.998976 0 0
155 1.545 0 0 0 0 0 0 0 0 0.0297347 0.99932 0 0
156 1.555 0 0 0 0 0 0 0 0 0.0200899 0.999555 0 0
157 1.565 0 0 0 0 0 0 0 0 0.0133878 0.999713 0 0
158 1.575 0 0 0 0 0 0 0 0 0.00877956 0.999818 0 0
159 1.585 0 0 0 0 0 0 0 0 0.00561221 0.999887 0 0
160 1.595 0 0 0 0 0 0 0 0 0.00356436 0.99993 0 0
161 1.605 0 0 0 0 0 0 0 0 0.00219835 0.999958 0 0
162 1.615 0 0 0 0 0 0 0 0 0.00133144 0.999975 0 0
163 1.625 0 0 0 0 0 0 0 0 0.000817387 0.999985 0 0
164 1.635 0 0 0 0 0 0 0 0 0.000481369 0.999991 0 0
165 1.645 0 0 3.43292e-06 8.98438e-08 0 0 0 0 0.000290157 0.999995 0 0
166 1.655 0 0 1.17967e-05 4.02344e-07 0 0 0 0 0.000175329 0.999997 0 0
167 1.665 0 0 5.87144e-05 1.97656e-06 0 0 0 0 9.33894e-05 0.999999 0 0
168 1.675 0 0 0.000247033 8.67969e-06 0 0 0 0 4.73625e-05 0.999999 0 0
169 1.685 0 0 0.000914985 3.38047e-05 0 0 0 0 2.44679e-05 1 0 0
170 1.695 0 0 0.00313553 0.00012093 0 0 0 0 1.33553e-05 1 0 0
171 1.705 0 0 0.00938703 0.000384848 0 0 0 0 7.22475e-06 1 0 0
172 1.715 0 0 0.0253754 0.00110668 0 0 0 0 2.88376e-06 1 0 0
173 1.725 0 0 0.0629362 0.00291789 0 0 0 0 1.49308e-06 1 0 0
174 1.735 0 0 0.142103 0.00705497 0 0 0 0 5.36697e-07 1 0 0
175 1.745 0 0 0.298145 0.0158353 0 0 0 0 2.65282e-07 1 0 0
176 1.755 0 0 0.574339 0.0329439 0 0 0 0 1.31134e-07 1 0 0
177 1.765 0 0 1.02959 0.0639641 0 0 0 0 2.59304e-07 1 0 0
178 1.775 0 0 1.72246 0.116449 0 0 0 0 0 1 0 0
179 1.785 0 0 2.7005 0.199667 0 0 0 0 0 1 0 0
180 1.795 0 0 3.97432 0.323513 0 0 0 0 0 1 0 0
181 1.805 0 0 5.51764 0.497373 0 0 0 0 0 1 0 0
182 1.815 0 0 7.25117 0.728395 0 0 0 0 0 1 0 0
183 1.825 0 0 9.04145 1.01964 0 0 0 0 0 1 0 0
184 1.835 0 0 10.7333 1.36918 0 0 0 0 0 1 0 0
185 1.845 0 0 12.1589 1.76947 0 0 0 0 0 1 0 0
186 1.855 0 0 13.1821 2.20817 0 0 0 0 0 1 0 0
187 1.865 0 0 13.7171 2.66961 0 0 0 0 0 1 0 0
188 1.875 0 0 13.7095 3.13575 0 0 0 0 0 1 0 0
189 1.885 0 0 13.1986 3.58931 0 0 0 0 0 1 0 0
190 1.895 0 0 12.2672 4.01536 0 0 0 0 0 1 0 0
191 1.905 0 0 11.0103 4.4018 0 0 0 0 2.22591e-07 1 0 0
192 1.915 0 0 9.57308 4.74133 4.40545e-07 7.8125e-09 0 0 2.20273e-07 1 0 0
193 1.925 0 0 8.06448 5.03035 1.52593e-06 3.51563e-08 0 0 1.96191e-06 1 0 0
194 1.935 0 0 6.59505 5.26917 3.45188e-06 9.76563e-08 0 0 1.40233e-06 1 0 0
195 1.945 0 0 5.24113 5.46093 1.06765e-05 2.92969e-07 0 0 2.77589e-06 1 0 0
196 1.955 0 0 4.05494 5.61082 2.53621e-05 7.61719e-07 0 0 6.44621e-06 1 0 0
197 1.965 0 0 3.05252 5.72481 5.83683e-05 1.85156e-06 0 0 1.28661e-05 1 0 0
198 1.975 0 0 2.23986 5.80931 0.000113487 3.99219e-06 0 0 2.45404e-05 1 0 0
199 1.985 0 0 1.60648 5.87053 0.000217517 8.13672e-06 0 0 3.70045e-05 1 0 0
200 1.995 0 0 1.12398 5.91379 0.000425203 1.63203e-05 0 0 6.87023e-05 1 0 0
201 2.005 0 0 0.768663 5.94368 0.000828683 3.24297e-05 0 0 0.000118555 1.00001 0 0
202 2.015 0 0 0.515083 5.9639 0.00152298 6.2332e-05 0 0 0.000196366 1.00001 0 0
203 2.025 0 0 0.337623 5.97729 0.00274607 0.000116785 0 0 0.000326809 1.00002 0 0
204 2.035 0 0 0.216963 5.98598 0.00498965 0.000216707 0 0 0.00053076 1.00003 0 0
205 2.045 0 0 0.136248 5.99149 0.00852115 0.000389031 0 0 0.000917209 1.00004 0 0
206 2.055 0 0 0.0841224 5.99493 0.0144244 0.000683598 0 0 0.00152318 1.00008 0 0
207 2.065 0 0 0.0507279 5.99702 0.0236482 0.00117124 0 0 0.00245289 1.00013 0 0
208 2.075 0 0 0.0302495 5.99828 0.0381822 0.00196622 0 0 0.00389737 1.00021 0 0
209 2.085 0 0 0.0176425 5.99902 0.0601582 0.00323087 0 0 0.00612686 1.00034 0 0
210 2.095 0 0 0.0100581 5.99945 0.0919633 0.00518271 0 0 0.00947661 1.00054 0 0
211 2.105 0 0 0.00579423 5.9997 0.137491 0.00812877 0 0 0.0147353 1.00085 0 0
212 2.115 0 0 0.00320788 5.99984 0.200311 0.0124617 0 0 0.0221866 1.00133 0 0
213 2.125 0 0 0.00177412 5.99992 0.285581 0.0186978 0 0 0.0326811 1.00205 0 0
214 2.135 0 0 0.000907877 5.99996 0.397967 0.0274699 0 0 0.0479201 1.0031 0 0
215 2.145 0 0 0.000493081 5.99998 0.542788 0.0395465 0 0 0.0690234 1.00464 0 0
216 2.155 0 0 0.000256999 5.99999 0.723016 0.0557835 0 0 0.0977443 1.00683 0 0
217 2.165 0 0 0.000116329 5.99999 0.941767 0.0771297 0 0 0.136425 1.00993 0 0
218 2.175 0 0 5.72892e-05 6 1.19882 0.104554 0 0 0.187865 1.01422 0 0
219 2.185 0 0 3.06249e-05 6 1.49758 0.139128 4.23823e-07 1.95313e-08 0.254297 1.02009 0 0
220 2.195 0 0 2.03707e-05 6 1.82678 0.18169 4.1997e-07 3.90625e-08 0.338617 1.02798 0 0
221 2.205 0 0 1.00516e-05 6 2.18808 0.233135 9.15573e-06 4.6875e-07 0.443508 1.03841 0 0
222 2.215 0 0 3.78686e-06 6 2.56982 0.294104 3.36535e-05 2.0625e-06 0.571875 1.05198 9.9175e-07 2.34375e-08
223 2.225 0 0 2.93705e-06 6 2.96137 0.364999 0.000115259 7.57031e-06 0.725078 1.06934 6.55237e-07 3.90625e-08
224 2.235 0 0 7.27706e-07 6 3.35228 0.445975 0.000341152 2.40195e-05 0.905005 1.0912 3.89632e-06 1.32812e-07
225 2.245 0 0 0 6 3.72957 0.536873 0.00095767 7.06094e-05 1.11165 1.11829 5.14891e-06 2.57813e-07
226 2.255 0 0 0 6 4.08396 0.637296 0.00261425 0.000198926 1.34499 1.15136 5.42231e-06 3.90625e-07
227 2.265 0 0 0 6 4.40531 0.746585 0.00653045 0.000522312 1.59745 1.19099 9.16832e-06 6.17187e-07
228 2.275 0 0 0 6 4.69253 0.864029 0.0149009 0.00126673 1.8689 1.23777 1.44153e-05 9.76563e-07
229 2.285 0 0 0 6 4.93927 0.988737 0.0315536 0.00285697 2.15095 1.29208 2.36086e-05 1.57031e-06
230 2.295 0 0 0 6 5.14771 1.11985 0.0624618 0.00603255 2.4384 1.35418 4.15716e-05 2.625e-06
231 2.305 0 0 0 6 5.32143 1.25657 0.114148 0.0118866 2.71742 1.424 6.80756e-05 4.36719e-06
232 2.315 0 0 0 6 5.46686 1.39825 0.195188 0.0219837 2.9808 1.50125 0.0001032 7.03125e-06
233 2.325 0 0 0 6 5.59022 1.54438 0.312643 0.0382968 3.21661 1.58533 0.000157822 1.11406e-05
234 2.335 0 0 0 6 5.69795 1.6946 0.468576 0.062957 3.41533 1.67538 0.000256723 1.78828e-05
235 2.345 0 0 0 6 5.79834 1.84879 0.659142 0.097944 3.56945 1.7703 0.000368093 2.76328e-05
236 2.355 0 0 0 6 5.89632 2.00693 0.871536 0.1446 3.6706 1.86874 0.000583138 4.32109e-05
237 2.365 0 0 0 6 5.98854 2.1689 1.08752 0.203315 3.71696 1.96927 0.000866746 6.65625e-05
238 2.375 0 0 0 6 6.0811 2.33477 1.28638 0.273354 3.70057 2.07021 0.00127151 0.000101109
239 2.385 0 0 0 6 6.17297 2.50457 1.44351 0.352611 3.62818 2.17001 0.00179322 0.000150242
240 2.395 0 0 0 6 6.25535 2.67808 1.54598 0.438207 3.49879 2.26706 0.00260139 0.000222117
241 2.405 0 0 0 6 6.32394 2.85496 1.58871 0.526906 3.3215 2.35996 0.0037222 0.00032582
242 2.415 0 0 0 6 6.37317 3.0347 1.57677 0.615671 3.10405 2.4475 0.00523209 0.000472805
243 2.425 0 0 0 6 6.39763 3.21663 1.52629 0.702308 2.85551 2.52871 0.00737342 0.000681664
244 2.435 0 0 0 6 6.39488 3.39999 1.45955 0.785842 2.58374 2.60279 0.0100783 0.0009695
245 2.445 0 0 0 6 6.36046 3.58386 1.40026 0.866641 2.30161 2.66932 0.0136937 0.00136381
246 2.455 0 0 0 6 6.29013 3.76718 1.36854 0.946257 2.01839 2.72815 0.0186131 0.00190417
247 2.465 0 0 0 6 6.1767 3.94867 1.37651 1.02699 1.74217 2.77934 0.0252608 0.00264351
248 2.475 0 0 0 6 6.03011 4.12729 1.42952 1.11152 1.48037 2.82319 0.0335121 0.00363232
249 2.485 0 0 0 6 5.84337 4.30179 1.5238 1.20234 1.23785 2.86015 0.0444512 0.00495452
250 2.495 0 0 0 6 5.61865 4.47092 1.65474 1.30177 1.01932 2.89084 0.0582387 0.0067008
251 2.505 2.06777e-06 6.25e-08 0 6 5.35896 4.63354 1.81064 1.41144 0.826412 2.91592 0.0749777 0.00896706
252 2.515 1.66673e-05 5.70312e-07 0 6 5.06614 4.78849 1.98926 1.5329 0.659416 2.93609 0.0960638 0.0118939
253 2.525 2.74745e-05 1.41406e-06 0 6 4.75012 4.93494 2.19319 1.66787 0.518465 2.95207 0.121746 0.0156328
254 2.535 9.01033e-05 4.20312e-06 0 6 4.40641 5.07187 2.43082 1.81865 0.40157 2.96455 0.152942 0.0203669
255 2.545 0.000251663 1.20547e-05 0 6 4.04655 5.19862 2.71718 1.98853 0.305801 2.97413 0.190231 0.0263019
256 2.555 0.00062685 3.17656e-05 0 6 3.67721 5.3147 3.06684 2.18178 0.229545 2.98137 0.234449 0.033674
257 2.565 0.00161348 8.28984e-05 0 6 3.30439 5.41983 3.49721 2.40387 0.169498 2.98677 0.2865 0.0427535
258 2.575 0.00346955 0.000193711 0 6 2.93414 5.51391 4.00518 2.66021 0.123491 2.99073 0.345811 0.0537982
259 2.585 0.00719231 0.000425211 0 6 2.57553 5.59713 4.59121 2.95635 0.0886001 2.99359 0.414151 0.0671286
260 2.595 0.0145854 0.000898313 0 6 2.23077 5.66978 5.23128 3.29639 0.0626809 2.99563 0.491419 0.0830686
261 2.605 0.0279946 0.00181338 0 6 1.90685 5.73235 5.88636 3.68196 0.0436924 2.99706 0.57642 0.10191
262 2.615 0.0517056 0.00351648 0 6 1.60919 5.78556 6.51533 4.11201 0.0301106 2.99806 0.671847 0.12404
263 2.625 0.0916573 0.00655868 0 6 1.33958 5.8302 7.07611 4.58266 0.020509 2.99874 0.773566 0.149715
264 2.635 0.15473 0.0117335 0 6 1.09944 5.86711 7.52471 5.08696 0.0138925 2.99921 0.884208 0.179287
265 2.645 0.251095 0.0201951 0 6 0.89068 5.89724 7.82973 5.6157 0.0095053 2.99953 0.999927 0.212983
266 2.655 0.390176 0.0334431 0 6 0.711852 5.92151 7.96477 6.15763 0.00674518 2.99976 1.12022 0.251019
267 2.665 0.581822 0.0533474 0 6 0.561061 5.94078 7.93183 6.70139 0.00515732 2.99994 1.24274 0.293534
268 2.675 0.83472 0.0821181 0 6 0.435906 5.95586 7.73504 7.23565 0.00452041 3.00009 1.36772 0.340676
269 2.685 1.14593 0.121911 0 6 0.334178 5.96751 7.40319 7.75082 0.00460804 3.00025 1.48812 0.392352
270 2.695 1.51878 0.175045 0 6 0.252645 5.97639 6.96258 8.23895 0.00547678 3.00045 1.60547 0.448519
271 2.705 1.93413 0.243213 0 6 0.188227 5.98305 6.44968 8.69448 0.00707617 3.0007 1.71467 0.508952
272 2.715 2.37529 0.32755 0 6 0.138575 5.98799 5.89966 9.11424 0.00961533 3.00104 1.8146 0.573381
273 2.725 2.8148 0.42823 0 6 0.100407 5.99159 5.34087 9.49706 0.0131743 3.00151 1.90083 0.64137
274 2.735 3.2185 0.544196 0 6 0.0718425 5.99419 4.79742 9.84345 0.0181984 3.00217 1.97536 0.712544
275 2.745 3.55028 0.673053 0 6 0.0506694 5.99604 4.2859 10.1552 0.0249784 3.00308 2.03032 0.786234
276 2.755 3.79114 0.811657 0 6 0.03513 5.99733 3.80683 10.4341 0.0339625 3.00433 2.07013 0.861918
277 2.765 3.9144 0.955807 0 6 0.0242278 5.99822 3.36949 10.6827 0.0456084 3.00601 2.08987 0.938879
278 2.775 3.90709 1.10073 0 6 0.0163493 5.99883 2.96616 10.9032 0.0608819 3.00828 2.08816 1.01633
279 2.785 3.77806 1.24188 0 6 0.0109092 5.99924 2.59206 11.0973 0.0803457 3.01129 2.06791 1.09359
280 2.795 3.53137 1.37476 3.61912e-07 6 0.00723307 5.99951 2.24948 11.2669 0.104827 3.01525 2.03057 1.17
281 2.805 3.19916 1.49601 1.02668e-06 6 0.00472045 5.99969 1.92863 11.4134 0.135024 3.02039 1.97443 1.24483
282 2.815 2.80808 1.60319 8.15515e-07 6 0.00302158 5.99981 1.63012 11.538 0.172187 3.02699 1.89973 1.31734
283 2.825 2.39368 1.69521 6.22497e-06 6 0.00189097 5.99988 1.35626 11.6425 0.216725 3.03535 1.81352 1.38706
284 2.835 1.97209 1.77156 9.69884e-06 6 0.00121281 5.99993 1.10636 11.7284 0.270106 3.04585 1.71364 1.4534
285 2.845 1.5787 1.83311 1.91618e-05 6 0.000743516 5.99996 0.886697 11.7976 0.333097 3.05889 1.60451 1.51595
286 2.855 1.22482 1.88119 4.02853e-05 6.00001 0.000437341 5.99997 0.694942 11.8523 0.405695 3.07488 1.48866 1.5744
287 2.865 0.920993 1.91761 7.39077e-05 6.00001 0.000267583 5.99998 0.532363 11.8945 0.489153 3.0943 1.36796 1.62849
288 2.875 0.672967 1.9444 0.000152359 6.00002 0.000162914 5.99999 0.398364 11.9263 0.582954 3.1176 1.24604 1.6781
289 2.885 0.476188 1.96349 0.000314936 6.00005 8.91913e-05 5.99999 0.290593 11.9496 0.686874 3.14524 1.12457 1.72318
290 2.895 0.326633 1.97668 0.000608949 6.0001 5.21433e-05 6 0.206468 11.9663 0.801735 3.17774 1.00501 1.76375
291 2.905 0.216929 1.9855 0.00117828 6.0002 2.90991e-05 6 0.143349 11.978 0.924907 3.21548 0.890446 1.79995
292 2.915 0.140442 1.99125 0.00213317 6.00037 1.5971e-05 6 0.0967845 11.9859 1.05399 3.25879 0.781502 1.83194
293 2.925 0.0873633 1.99485 0.00380479 6.00069 1.21797e-05 6 0.0639109 11.9912 1.18991 3.30802 0.680728 1.85999
294 2.935 0.0531353 1.99705 0.00661688 6.00124 8.06457e-06 6 0.0413628 11.9947 1.32846 3.36336 0.587535 1.88437
295 2.945 0.0313022 1.99836 0.0111257 6.00217 4.3775e-06 6 0.0258201 11.9968 1.46725 3.42489 0.503551 1.90541
296 2.955 0.0179257 1.99911 0.0179318 6.00368 3.1453e-06 6 0.015855 11.9981 1.60475 3.49266 0.428546 1.92343
297 2.965 0.0100753 1.99954 0.0283274 6.00609 1.19452e-06 6 0.00936866 11.9989 1.73654 3.56648 0.364163 1.93885
298 2.975 0.00526728 1.99976 0.0438932 6.00985 5.47616e-07 6 0.0054273 11.9994 1.8602 3.64609 0.309114 1.95203
299 2.985 0.00276047 1.99988 0.0660801 6.01554 2.71976e-07 6 0.00317078 11.9997 1.97259 3.73109 0.263038 1.96332
300 2.995 0.00139734 1.99994 0.0969036 6.02395 4.50272e-07 6 0.00173112 11.9998 2.07069 3.82091 0.227701 1.97316
301 3.005 0.000696003 1.99997 0.138036 6.03601 1.78912e-07 6 0.000934629 11.9999 2.15193 3.91487 0.200892 1.9819
302 3.015 0.000308139 1.99999 0.191746 6.05286 2.66591e-07 6 0.000500124 12 2.21715 4.01234 0.184659 1.98998
303 3.025 0.000168739 1.99999 0.259874 6.07586 0 6 0.000254338 12 2.26202 4.11243 0.17846 1.99785
304 3.035 7.55385e-05 2 0.341911 6.10632 0 6 0.000126091 12 2.28625 4.21427 0.182087 2.00593
305 3.045 5.68509e-05 2 0.439512 6.14573 0 6 6.72147e-05 12 2.28925 4.31691 0.196698 2.01471
306 3.055 5.82172e-05 2 0.549234 6.19531 0 6 2.99188e-05 12 2.27254 4.41947 0.222175 2.0247
307 3.065 7.18226e-05 2.00001 0.669644 6.25615 0 6 1.46035e-05 12 2.23752 4.52112 0.260065 2.03647
308 3.075 0.000127961 2.00001 0.79558 6.32891 8.54296e-08 6 6.20577e-06 12 2.18475 4.62102 0.310325 2.0506
309 3.085 0.000324137 2.00003 0.921755 6.41375 2.5463e-07 6 4.33718e-06 12 2.11549 4.71838 0.374214 2.06776
310 3.095 0.000809009 2.00006 1.0405 6.51015 5.90304e-07 6 1.30966e-06 12 2.03348 4.81257 0.452816 2.08865
311 3.105 0.00163234 2.00014 1.14497 6.61691 8.37868e-07 6 7.55557e-07 12 1.94118 4.90307 0.547562 2.11408
312 3.115 0.00324092 2.00029 1.22826 6.73217 1.66499e-06 6 6.67301e-07 12 1.84109 4.98946 0.659106 2.14488
313 3.125 0.00618697 2.00058 1.28481 6.85352 5.21122e-06 6 0 12 1.73711 5.07149 0.78551 2.18183
314 3.135 0.0113891 2.00112 1.31218 6.97825 8.54785e-06 6 0 12 1.63054 5.14899 0.929681 2.22585
315 3.145 0.0206657 2.00211 1.31147 7.1037 1.47821e-05 6 0 12 1.52549 5.22195 1.08917 2.27774
316 3.155 0.0366053 2.00386 1.28155 7.22708 2.1343e-05 6 0 12 1.42418 5.2905 1.26555 2.33842
317 3.165 0.0632605 2.00691 1.22731 7.34598 3.58042e-05 6 0 12 1.32798 5.35483 1.45571 2.40866
318 3.175 0.105079 2.01202 1.15603 7.45869 5.69746e-05 6.00001 0 12 1.23925 5.41524 1.65776 2.48915
319 3.185 0.17005 2.02032 1.07663 7.56431 9.38048e-05 6.00001 0 12 1.15911 5.4721 1.87076 2.58056
320 3.195 0.267013 2.03345 0.998516 7.66289 0.000154072 6.00002 0 12 1.08797 5.52581 2.08894 2.68328
321 3.205 0.405729 2.05353 0.935376 7.75582 0.000249288 6.00003 0 12 1.02622 5.57678 2.31095 2.79762
322 3.215 0.599482 2.08338 0.894909 7.84528 0.000391148 6.00005 0 12 0.975112 5.62552 2.5341 2.92379
323 3.225 0.858399 2.12638 0.887423 7.93454 0.000622583 6.00008 0 12 0.934331 5.67251 2.75735 3.06192
324 3.235 1.19489 2.18661 0.921601 8.02782 0.000955511 6.00013 0 12 0.902885 5.7182 2.97093 3.21169
325 3.245 1.61858 2.26871 1.00603 8.13028 0.0014353 6.0002 0 12 0.881719 5.7631 3.17594 3.37278
326 3.255 2.13241 2.37754 1.14382 8.24748 0.00218259 6.00032 0 12 0.869963 5.80767 3.3678 3.54465
327 3.265 2.73174 2.51781 1.33742 8.38537 0.00327368 6.00048 0 12 0.866944 5.85236 3.54413 3.72664
328 3.275 3.41024 2.69399 1.58515 8.5498 0.00479442 6.00073 0 12 0.872959 5.89764 3.70578 3.91809
329 3.285 4.14959 2.90969 1.88213 8.74623 0.00702032 6.0011 0 12 0.886803 5.94392 3.84746 4.11808
330 3.295 4.92553 3.16727 2.22048 8.97939 0.0101967 6.00163 0 12 0.908706 5.99163 3.9708 4.32574
331 3.305 5.70734 3.46756 2.58488 9.25246 0.0145639 6.0024 0 12 0.93613 6.04107 4.07299 4.54003
332 3.315 6.44947 3.80895 2.95907 9.56696 0.0206449 6.0035 3.31431e-07 12 0.968912 6.09256 4.15407 4.75992
333 3.325 7.13726 4.18903 3.3263 9.92262 0.0291093 6.00506 8.41904e-07 12 1.00681 6.14639 4.21739 4.98451
334 3.335 7.71189 4.60219 3.66995 10.3174 0.0403239 6.00723 2.14673e-06 12 1.04729 6.20272 4.25873 5.21267
335 3.345 8.14879 5.04137 3.96638 10.7466 0.0551751 6.01021 4.41251e-06 12 1.08852 6.26161 4.28512 5.44362
336 3.355 8.41914 5.49785 4.20579 11.2045 0.0747338 6.01428 1.03904e-05 12 1.13033 6.32314 4.29248 5.67635
337 3.365 8.53122 5.96316 4.37499 11.6836 0.0998798 6.01975 1.80842e-05 12 1.16961 6.38718 4.28205 5.9099
338 3.375 8.46744 6.42774 4.46303 12.1752 0.13255 6.02705 3.5599e-05 12 1.20689 6.45366 4.25616 6.14342
339 3.385 8.23324 6.88215 4.47299 12.6709 0.173328 6.03665 7.24733e-05 12 1.2418 6.52246 4.21832 6.37624
340 3.395 7.84645 7.31777 4.40639 13.1621 0.224256 6.04915 0.00013802 12 1.27243 6.59338 4.16493 6.60747
341 3.405 7.32193 7.72668 4.27036 13.641 0.286293 6.0652 0.000278574 12.0001 1.29987 6.66626 4.09412 6.83612
342 3.415 6.69675 8.10287 4.08019 14.1012 0.361866 6.08561 0.000505206 12.0001 1.32355 6.7409 4.00882 7.06131
343 3.425 6.00634 8.44225 3.84393 14.5373 0.4512 6.11121 0.000875876 12.0002 1.34507 6.81721 3.91008 7.28225
344 3.435 5.27517 8.74207 3.58013 14.9458 0.55662 6.14297 0.00152594 12.0004 1.36381 6.89502 3.79659 7.49803
345 3.445 4.53562 9.00135 3.29875 15.3244 0.677369 6.18184 0.00254258 12.0007 1.38103 6.97428 3.67061 7.70786
346 3.455 3.82295 9.22117 3.01306 15.6723 0.813388 6.22879 0.00418656 12.0012 1.39763 7.05496 3.52824 7.91073
347 3.465 3.15638 9.4037 2.73131 15.9894 0.965943 6.28487 0.00686541 12.002 1.41409 7.13706 3.37524 8.10593
348 3.475 2.5504 9.55205 2.45482 16.2761 1.13211 6.35098 0.0109075 12.0032 1.4299 7.22055 3.20815 8.29253
349 3.485 2.01584 9.66998 2.19493 16.534 1.3107 6.42796 0.0169133 12.0052 1.44534 7.30544 3.03003 8.46979
350 3.495 1.55721 9.7616 1.94913 16.7642 1.49904 6.51651 0.0256716 12.0082 1.45978 7.39167 2.84353 8.6371
351 3.505 1.17592 9.83119 1.71713 16.9682 1.69289 6.61708 0.0382177 12.0128 1.47245 7.47914 2.64895 8.79385
352 3.515 0.867612 9.88282 1.50237 17.1478 1.88811 6.72988 0.0557533 12.0194 1.48227 7.5677 2.45026 8.93968
353 3.525 0.626215 9.9203 1.30084 17.3041 2.0801 6.85487 0.0787935 12.0289 1.48776 7.6571 2.24935 9.0743
354 3.535 0.442828 9.94696 1.11482 17.4388 2.26209 6.99156 0.109574 12.0421 1.48838 7.74704 2.0486 9.19761
355 3.545 0.305618 9.96546 0.943739 17.5535 2.42889 7.13917 0.148775 12.0601 1.48306 7.83716 1.84963 9.30958
356 3.555 0.205985 9.978 0.788784 17.6499 2.57599 7.2966 0.19762 12.0842 1.47069 7.92704 1.6569 9.41044
357 3.565 0.135488 9.98629 0.648816 17.7297 2.69698 7.46235 0.257629 12.1159 1.45061 8.01619 1.47009 9.50044
358 3.575 0.0869242 9.99164 0.525155 17.7946 2.78824 7.63467 0.329273 12.1565 1.42529 8.10428 1.29437 9.58012
359 3.585 0.0547565 9.99503 0.417886 17.8465 2.84471 7.81147 0.411811 12.2076 1.3926 8.19083 1.12703 9.64989
360 3.595 0.0333184 9.99711 0.326472 17.8874 2.86759 7.99069 0.506088 12.2707 1.35349 8.27542 0.973192 9.71048
361 3.605 0.019835 9.99835 0.250469 17.9188 2.85259 8.16996 0.611278 12.3474 1.31046 8.35778 0.832974 9.76262
362 3.615 0.0116363 9.99908 0.188031 17.9426 2.80174 8.34701 0.727038 12.4391 1.26431 8.43767 0.706501 9.80709
363 3.625 0.00663226 9.9995 0.138252 17.9602 2.72012 8.51986 0.851844 12.5471 1.21601 8.51495 0.593897 9.84469
364 3.635 0.00370888 9.99974 0.0996959 17.9729 2.60454 8.68628 0.984632 12.6727 1.16753 8.58954 0.493366 9.87609
365 3.645 0.00203453 9.99987 0.0701776 17.9819 2.46318 8.84453 1.12316 12.8168 1.12089 8.66156 0.406683 9.90211
366 3.655 0.00103514 9.99993 0.048447 17.9882 2.29941 8.99308 1.26925 12.9804 1.07605 8.73107 0.332186 9.92349
367 3.665 0.000498086 9.99997 0.0327458 17.9924 2.11987 9.13077 1.41792 13.1643 1.03437 8.79826 0.269367 9.94092
368 3.675 0.000269607 9.99998 0.0215141 17.9953 1.93032 9.25684 1.56592 13.3684 0.996825 8.86336 0.217062 9.95504
369 3.685 0.000113469 9.99999 0.0140336 17.9971 1.73612 9.37084 1.709 13.5924 0.96344 8.92663 0.174274 9.96644
370 3.695 6.11797e-05 10 0.00873789 17.9983 1.54129 9.4726 1.84403 13.8354 0.934369 8.98832 0.140301 9.97566
371 3.705 2.95388e-05 10 0.00540519 17.999 1.35198 9.56235 1.96423 14.0957 0.909037 9.04866 0.113713 9.98318
372 3.715 1.52776e-05 10 0.00326304 17.9994 1.17075 9.64048 2.06076 14.3702 0.887723 9.1079 0.0938805 9.98942
373 3.725 9.35117e-06 10 0.00195226 17.9997 1.00122 9.70766 2.12869 14.6553 0.869457 9.16624 0.0796366 9.99475
374 3.735 7.78973e-06 10 0.00110657 17.9998 0.845953 9.76473 2.16207 14.9465 0.85214 9.22373 0.0706913 9.9995
375 3.745 7.2856e-06 10 0.000627225 17.9999 0.706079 9.81262 2.15864 15.2387 0.836377 9.28045 0.0660237 10.004
376 3.755 1.23081e-05 10 0.000339071 17.9999 0.58202 9.8523 2.11596 15.5267 0.820364 9.33639 0.0651674 10.0084
377 3.765 1.92224e-05 10 0.000181472 18 0.473597 9.88476 2.03721 15.8054 0.803757 9.39148 0.0679332 10.013
378 3.775 2.75429e-05 10 9.97365e-05 18 0.381468 9.91105 1.928 16.0706 0.784821 9.44557 0.0739334 10.0181
379 3.785 6.71354e-05 10 5.2664e-05 18 0.303151 9.93205 1.7949 16.3188 0.763255 9.49844 0.0826979 10.0238
380 3.795 0.000126582 10 2.7792e-05 18 0.238285 9.94865 1.64525 16.5475 0.738921 9.5499 0.0937922 10.0303
381 3.805 0.000206128 10 1.24142e-05 18 0.184825 9.96159 1.48702 16.7554 0.711461 9.59971 0.107372 10.0378
382 3.815 0.000343791 10.0001 6.74351e-06 18 0.141782 9.97157 1.32619 16.9417 0.681199 9.64766 0.1231 10.0464
383 3.825 0.000640647 10.0001 3.5612e-06 18 0.107398 9.97917 1.16995 17.1069 0.648853 9.69356 0.141139 10.0564
384 3.835 0.0011575 10.0002 1.81252e-06 18 0.0804965 9.98489 1.02305 17.2521 0.61518 9.73731 0.160856 10.0678
385 3.845 0.00206941 10.0003 2.10362e-06 18 0.059629 9.98915 0.887061 17.3787 0.581814 9.77891 0.182414 10.0808
386 3.855 0.00349529 10.0006 1.54916e-06 18 0.0437665 9.9923 0.765672 17.4885 0.549674 9.81841 0.205315 10.0955
387 3.865 0.00581994 10.001 4.00158e-06 18 0.0316704 9.99459 0.655861 17.5831 0.520261 9.85599 0.230002 10.112
388 3.875 0.00960775 10.0017 7.77362e-06 18 0.0227123 9.99624 0.557592 17.6639 0.496357 9.89203 0.25564 10.1305
389 3.885 0.0152138 10.0028 1.88926e-05 18 0.0160938 9.99741 0.47113 17.7326 0.477825 9.92691 0.282326 10.151
390 3.895 0.0237569 10.0045 3.74583e-05 18 0.0111952 9.99823 0.395537 17.7905 0.467034 9.96117 0.309585 10.1736
391 3.905 0.0363073 10.0072 7.80296e-05 18 0.00776731 9.9988 0.32914 17.8389 0.464609 9.99543 0.337386 10.1984
392 3.915 0.0531862 10.0111 0.000144512 18 0.00534003 9.9992 0.273679 17.8794 0.470399 10.0303 0.365686 10.2254
393 3.925 0.0773043 10.0169 0.000281208 18.0001 0.00363856 9.99947 0.228593 17.9134 0.485007 10.0664 0.394674 10.2547
394 3.935 0.110179 10.0251 0.000540832 18.0002 0.00242402 9.99965 0.194879 17.9426 0.507738 10.1044 0.422942 10.2863
395 3.945 0.15336 10.0366 0.00103002 18.0003 0.00162394 9.99977 0.172963 17.9685 0.537019 10.1449 0.451612 10.3201
396 3.955 0.208888 10.0523 0.00187973 18.0006 0.00105624 9.99985 0.163891 17.9933 0.571516 10.1881 0.480452 10.3563
397 3.965 0.278779 10.0734 0.00328412 18.0011 0.000696742 9.99991 0.168857 18.0189 0.608859 10.2344 0.507845 10.3948
398 3.975 0.361425 10.1009 0.0056434 18.002 0.000460014 9.99994 0.1881 18.0476 0.647459 10.2839 0.53433 10.4354
399 3.985 0.459607 10.1361 0.00947315 18.0034 0.000288217 9.99996 0.222073 18.0816 0.685238 10.3365 0.560749 10.4783
400 3.995 0.572966 10.1801 0.0155461 18.0058 0.000179273 9.99998 0.270754 18.1233 0.720108 10.392 0.585362 10.5233
401 4.005 0.697023 10.234 0.0246834 18.0097 0.000106463 9.99999 0.332218 18.1748 0.751303 10.4503 0.609143 10.5704
402 4.015 0.829037 10.2984 0.038512 18.0157 7.08561e-05 9.99999 0.405081 18.2378 0.777114 10.5109 0.630056 10.6193
403 4.025 0.962633 10.3735 0.0582591 18.0248 3.93409e-05 10 0.484706 18.3136 0.797508 10.5734 0.648581 10.6699
404 4.035 1.09576 10.4594 0.0862331 18.0384 2.44105e-05 10 0.568592 18.403 0.813239 10.6374 0.664777 10.7221
405 4.045 1.21764 10.5554 0.124875 18.0581 1.4416e-05 10 0.649139 18.5055 0.824502 10.7026 0.678209 10.7755
406 4.055 1.32422 10.6603 0.176285 18.0862 9.03931e-06 10 0.721879 18.6201 0.832681 10.7689 0.688657 10.8301
407 4.065 1.40767 10.7723 0.242944 18.125 4.6441e-06 10 0.780395 18.7445 0.838497 10.8359 0.69561 10.8854
408 4.075 1.46404 10.8894 0.32774 18.1776 3.01603e-06 10 0.819769 18.8759 0.843826 10.9036 0.69935 10.9414
409 4.085 1.48388 11.0087 0.431412 18.2472 1.64586e-06 10 0.8375 19.0108 0.8504 10.9722 0.698469 10.9975
410 4.095 1.4748 11.1278 0.555029 18.3373 1.58966e-06 10 0.830844 19.1453 0.859027 11.0419 0.695094 11.0537
411 4.105 1.43249 11.2441 0.699564 18.4513 1.39018e-06 10 0.801565 19.2757 0.870812 11.1129 0.688588 11.1095
412 4.115 1.36237 11.3552 0.862281 18.5925 1.19261e-06 10 0.751167 19.3985 0.886585 11.1855 0.67801 11.1648
413 4.125 1.26563 11.4589 1.0428 18.7641 1.32926e-06 10 0.684118 19.5108 0.905279 11.2599 0.664847 11.2193
414 4.135 1.14884 11.5536 1.2357 18.9684 2.12599e-06 10 0.605479 19.6108 0.926946 11.3366 0.648077 11.2727
415 4.145 1.01896 11.6379 1.43847 19.2075 2.44486e-06 10 0.520584 19.6971 0.949383 11.4155 0.628516 11.3247
416 4.155 0.883197 11.7113 1.64383 19.4819 4.11756e-06 10 0.435201 19.7696 0.972482 11.4966 0.606657 11.3752
417 4.165 0.750212 11.774 1.8488 19.7921 5.26196e-06 10 0.353918 19.8289 0.994408 11.5801 0.582451 11.4238
418 4.175 0.622516 11.8263 2.04896 20.1375 9.8711e-06 10 0.279305 19.8759 1.01361 11.6655 0.557491 11.4707
419 4.185 0.505364 11.8689 2.24209 20.5173 1.75264e-05 10 0.214565 19.9121 1.02825 11.7526 0.530879 11.5154
420 4.195 0.401105 11.9029 2.42535 20.9301 2.64398e-05 10 0.160788 19.9395 1.03676 11.8408 0.503541 11.5581
421 4.205 0.311933 11.9295 2.59515 21.3739 4.58214e-05 10 0.117598 19.9595 1.038 11.9296 0.475891 11.5987
422 4.215 0.236663 11.9497 2.75468 21.8472 6.88382e-05 10 0.0847799 19.9741 1.03284 12.0183 0.447139 11.6369
423 4.225 0.175998 11.9649 2.90066 22.348 0.000116662 10 0.061608 19.9847 1.0192 12.1063 0.418891 11.6729
424 4.235 0.128167 11.9759 3.03348 22.8742 0.000186598 10 0.046976 19.9928 0.998144 12.1929 0.390988 11.7067
425 4.245 0.0908783 11.9838 3.15184 23.4235 0.000308771 10.0001 0.0401883 19.9998 0.970451 12.2774 0.362754 11.7382
426 4.255 0.0633263 11.9894 3.25382 23.9932 0.000485075 10.0001 0.0414921 20.0071 0.936716 12.3594 0.336192 11.7675
427 4.265 0.0431468 11.9931 3.34144 24.5811 0.00078158 10.0002 0.0508676 20.016 0.898778 12.4385 0.310533 11.7947
428 4.275 0.0283408 11.9956 3.40507 25.1829 0.00120517 10.0003 0.0694504 20.0282 0.859195 12.5144 0.285671 11.8199
429 4.285 0.0187633 11.9973 3.44478 25.7946 0.00180425 10.0004 0.0989885 20.0458 0.818793 12.5871 0.262521 11.8431
430 4.295 0.0120418 11.9984 3.4561 26.4112 0.00275455 10.0007 0.141382 20.071 0.780242 12.6567 0.241092 11.8645
431 4.305 0.00754432 11.999 3.43437 27.0268 0.00415637 10.0011 0.198899 20.1065 0.746336 12.7236 0.221872 11.8843
432 4.315 0.0047467 11.9995 3.3804 27.6355 0.00624515 10.0016 0.272789 20.1556 0.718466 12.7883 0.204455 11.9027
433 4.325 0.00299505 11.9997 3.29701 28.232 0.00918083 10.0025 0.364791 20.2214 0.698997 12.8515 0.189725 11.9198
434 4.335 0.00214441 11.9999 3.18523 28.8109 0.0132477 10.0037 0.474671 20.3075 0.690114 12.9142 0.177793 11.9358
435 4.345 0.00204374 12.0001 3.05071 29.3679 0.0189059 10.0054 0.599689 20.4168 0.692424 12.9774 0.169222 11.9512
436 4.355 0.00242253 12.0003 2.898 29.8995 0.0267277 10.0078 0.736772 20.5517 0.707158 13.0423 0.164663 11.9663
437 4.365 0.00355221 12.0007 2.73697 30.4039 0.0372186 10.0113 0.880049 20.7136 0.734528 13.11 0.163706 11.9813
438 4.375 0.00579702 12.0012 2.57734 30.881 0.0512477 10.016 1.02239 20.9024 0.774411 13.1817 0.166783 11.9967
439 4.385 0.00949268 12.0021 2.42122 31.3312 0.0697839 10.0225 1.15547 21.1169 0.825861 13.2585 0.174527 12.0128
440 4.395 0.0151637 12.0035 2.27654 31.7565 0.0938162 10.0313 1.26931 21.3536 0.887988 13.3414 0.187268 12.0303
441 4.405 0.0237208 12.0057 2.14406 32.1589 0.124346 10.0429 1.35527 21.6074 0.957386 13.4312 0.204536 12.0494
442 4.415 0.0363291 12.0091 2.0269 32.541 0.162697 10.0583 1.41066 21.8728 1.03298 13.5286 0.227127 12.0707
443 4.425 0.0542047 12.0142 1.92091 32.9048 0.209888 10.0781 1.42952 22.143 1.11203 13.6339 0.254462 12.0947
444 4.435 0.0791482 12.0217 1.82101 33.2512 0.267659 10.1036 1.41264 22.4112 1.19144 13.7472 0.286356 12.1218
445 4.445 0.112814 12.0325 1.72445 33.5807 0.336941 10.1358 1.36398 22.6713 1.26866 13.8684 0.322443 12.1525
446 4.455 0.156314 12.0474 1.62575 33.8928 0.419086 10.176 1.28927 22.9183 1.34148 13.9972 0.361998 12.1871
447 4.465 0.211787 12.0677 1.52085 34.186 0.514872 10.2256 1.19792 23.1488 1.40755 14.1329 0.405219 12.226
448 4.475 0.280405 12.0948 1.40717 34.4585 0.624729 10.2861 1.09804 23.3611 1.46454 14.2747 0.450407 12.2695
449 4.485 0.362266 12.1299 1.28565 34.7086 0.748338 10.3589 1.00079 23.5554 1.50989 14.4216 0.496826 12.3176
450 4.495 0.456583 12.1743 1.15601 34.9345 0.886514 10.4456 0.913643 23.7336 1.54419 14.5724 0.543599 12.3705
451 4.505 0.562252 12.2293 1.02118 35.135 1.03703 10.5473 0.845197 23.8992 1.56579 14.7261 0.588832 12.4281
452 4.515 0.675499 12.2956 0.885544 35.3096 1.20002 10.6656 0.797927 24.0562 1.57433 14.8813 0.632819 12.4902
453 4.525 0.790306 12.3736 0.751987 35.4585 1.37191 10.8015 0.774506 24.2093 1.57051 15.0368 0.672761 12.5566
454 4.535 0.902793 12.463 0.625931 35.583 1.55019 10.9556 0.774539 24.363 1.55343 15.1913 0.709104 12.6268
455 4.545 1.00561 12.5631 0.509418 35.6848 1.73287 11.1287 0.797939 24.5221 1.52509 15.3436 0.740317 12.7005
456 4.555 1.09486 12.6725 0.405961 35.7662 1.91412 11.3208 0.841038 24.6906 1.48468 15.4926 0.765803 12.777
457 4.565 1.16518 12.7894 0.316372 35.83 2.09176 11.5316 0.902981 24.8722 1.43389 15.6371 0.784324 12.8558
458 4.575 1.20809 12.9112 0.241034 35.8788 2.26016 11.7603 0.981707 25.0705 1.37448 15.7762 0.795372 12.936
459 4.585 1.22325 13.0351 0.179459 35.9153 2.41677 12.006 1.07549 25.2888 1.30686 15.9091 0.799923 13.017
460 4.595 1.21033 13.1582 0.130735 35.942 2.55783 12.2672 1.18606 25.5305 1.23206 16.0349 0.798321 13.0981
461 4.605 1.16813 13.2775 0.0930945 35.961 2.67887 12.5419 1.31502 25.7997 1.15189 16.153 0.790221 13.1789
462 4.615 1.10037 13.3904 0.0646918 35.9744 2.77621 12.8278 1.46312 26.1005 1.06752 16.2629 0.775743 13.2584
463 4.625 1.01124 13.4946 0.0440967 35.9835 2.84843 13.1225 1.63209 26.4374 0.981221 16.3644 0.756983 13.3364
464 4.635 0.908662 13.5886 0.0292938 35.9896 2.89291 13.423 1.82215 26.8153 0.894513 16.4574 0.734606 13.4125
465 4.645 0.79666 13.6714 0.0190852 35.9936 2.91066 13.7267 2.03145 27.2384 0.809927 16.5419 0.709565 13.4862
466 4.655 0.680476 13.7424 0.0121056 35.9961 2.90088 14.0306 2.25661 27.7104 0.728557 16.6182 0.683052 13.5575
467 4.665 0.567524 13.8019 0.00754706 35.9977 2.86462 14.3321 2.49065 28.2336 0.652051 16.6868 0.656104 13.6263
468 4.675 0.46375 13.8508 0.00457255 35.9987 2.80333 14.6284 2.7255 28.8085 0.582617 16.7484 0.630464 13.6926
469 4.685 0.370075 13.8899 0.0027066 35.9992 2.7185 14.9169 2.95022 29.4336 0.521909 16.8038 0.607178 13.7568
470 4.695 0.288049 13.9205 0.0016025 35.9996 2.61392 15.1956 3.1555 30.105 0.471093 16.854 0.587495 13.8192
471 4.705 0.220645 13.944 0.000905311 35.9998 2.49296 15.4624 3.33157 30.8169 0.431771 16.9002 0.572091 13.8802
472 4.715 0.166307 13.9618 0.000497329 35.9999 2.35852 15.716 3.46677 31.5608 0.404451 16.9437 0.561915 13.9404
473 4.725 0.12514 13.9753 0.000283596 35.9999 2.21563 15.9552 3.55763 32.3275 0.389704 16.9858 0.556956 14.0003
474 4.735 0.0962838 13.9857 0.000145487 36 2.06545 16.1791 3.60337 33.1073 0.388155 17.0279 0.558702 14.0606
475 4.745 0.0791968 13.9942 7.87699e-05 36 1.91125 16.3872 3.60174 33.89 0.399476 17.0714 0.566856 14.1221
476 4.755 0.0734818 14.0023 4.2551e-05 36 1.75693 16.5793 3.55764 34.6665 0.423493 17.1177 0.581538 14.1854
477 4.765 0.0798483 14.011 2.35166e-05 36 1.60427 16.7554 3.47727 35.4286 0.459247 17.1681 0.601823 14.2513
478 4.775 0.0980664 14.0218 1.05223e-05 36 1.45633 16.916 3.3668 36.1695 0.50523 17.2238 0.627583 14.3202
479 4.785 0.130492 14.0361 5.76837e-06 36 1.31326 17.0614 3.23524 36.8845 0.560351 17.2858 0.659802 14.3929
480 4.795 0.179066 14.056 5.16463e-06 36 1.17723 17.1923 3.09116 37.5706 0.622454 17.355 0.696006 14.47
481 4.805 0.245718 14.0833 7.92466e-06 36 1.04857 17.3094 2.94586 38.2271 0.688752 17.4319 0.736989 14.552
482 4.815 0.333044 14.1205 1.71598e-05 36 0.927761 17.4134 2.80443 38.8547 0.757425 17.5169 0.781819 14.6393
483 4.825 0.44394 14.1703 3.38305e-05 36 0.816332 17.5053 2.67552 39.4559 0.825587 17.6098 0.829036 14.7323
484 4.835 0.575926 14.2351 7.38259e-05 36 0.713051 17.5859 2.56532 40.0348 0.890468 17.7105 0.877978 14.8311
485 4.845 0.731904 14.3179 0.000154115 36.0001 0.618919 17.6561 2.47849 40.5964 0.949853 17.8183 0.928342 14.9361
486 4.855 0.907934 14.421 0.000311999 36.0001 0.533541 17.717 2.41984 41.1469 1.00124 17.9324 0.978399 15.0472
487 4.865 1.09811 14.5462 0.000610257 36.0003 0.457012 17.7693 2.38889 41.6927 1.04271 18.0517 1.02907 15.1645
488 4.875 1.29794 14.6947 0.00115459 36.0005 0.38903 17.814 2.38477 42.2398 1.07343 18.1751 1.07957 15.2881
489 4.885 1.49557 14.8667 0.00209581 36.001 0.329558 17.852 2.40233 42.7931 1.09236 18.3012 1.12968 15.4179
490 4.895 1.68304 15.0609 0.00373225 36.0019 0.278596 17.8843 2.43275 43.3558 1.0988 18.4285 1.17851 15.554
491 4.905 1.84743 15.275 0.00650375 36.0034 0.236453 17.9118 2.46592 43.9284 1.09414 18.5558 1.22609 15.696
492 4.915 1.97862 15.5052 0.0110606 36.006 0.202469 17.9354 2.49043 44.5091 1.07891 18.6818 1.27344 15.8442
493 4.925 2.07227 15.7473 0.0181859 36.0103 0.176628 17.9562 2.49537 45.0934 1.05456 18.8055 1.31903 15.9983
494 4.935 2.11981 15.996 0.0292805 36.0172 0.15943 17.9749 2.46939 45.6739 1.02302 18.926 1.36419 16.1584
495 4.945 2.11621 16.2453 0.0458411 36.028 0.150674 17.9927 2.40602 46.2418 0.985991 19.0426 1.40989 16.3244
496 4.955 2.06328 16.4893 0.0700883 36.0446 0.150927 18.0107 2.30045 46.787 0.945372 19.1548 1.45675 16.4967
497 4.965 1.96845 16.723 0.104288 36.0695 0.160495 18.0298 2.15613 47.3 0.903545 19.2625 1.50397 16.6753
498 4.975 1.84261 16.9427 0.15142 36.1057 0.179201 18.0512 1.97458 47.7718 0.862199 19.3657 1.55366 16.8605
499 4.985 1.6975 17.1459 0.214432 36.1573 0.20857 18.0763 1.76819 48.1959 0.822916 19.4646 1.60593 17.0528
500 4.995 1.54415 17.3315 0.296433 36.2288 0.248486 18.1063 1.54557 48.5681 0.786641 19.5595 1.6599 17.2522
