# Time-averaged data for fix rdf_p
# TimeStep Number-of-rows
# Row c_rdf_p[1] c_rdf_p[2] c_rdf_p[3] c_rdf_p[4] c_rdf_p[5] c_rdf_p[6] c_rdf_p[7] c_rdf_p[8] c_rdf_p[9] c_rdf_p[10] c_rdf_p[11] c_rdf_p[12] c_rdf_p[13]
1000000 500
1 0.005 0 0 0 0 0 0 0 0 0 0 0 0
2 0.015 0 0 0 0 0 0 0 0 0 0 0 0
3 0.025 0 0 0 0 0 0 0 0 0 0 0 0
4 0.035 0 0 0 0 0 0 0 0 0 0 0 0
5 0.045 0 0 0 0 0 0 0 0 0 0 0 0
6 0.055 0 0 0 0 0 0 0 0 0 0 0 0
7 0.065 0 0 0 0 0 0 0 0 0 0 0 0
8 0.075 0 0 0 0 0 0 0 0 0 0 0 0
9 0.085 0 0 0 0 0 0 0 0 0 0 0 0
10 0.095 0 0 0 0 0 0 0 0 0 0 0 0
11 0.105 0 0 0 0 0 0 0 0 0 0 0 0
12 0.115 0 0 0 0 0 0 0 0 0 0 0 0
13 0.125 0 0 0 0 0 0 0 0 0 0 0 0
14 0.135 0 0 0 0 0 0 0 0 0 0 0 0
15 0.145 0 0 0 0 0 0 0 0 0 0 0 0
16 0.155 0 0 0 0 0 0 0 0 0 0 0 0
17 0.165 0 0 0 0 0 0 0 0 0 0 0 0
18 0.175 0 0 0 0 0 0 0 0 0 0 0 0
19 0.185 0 0 0 0 0 0 0 0 0 0 0 0
20 0.195 0 0 0 0 0 0 0 0 0 0 0 0
21 0.205 0 0 0 0 0 0 0 0 0 0 0 0
22 0.215 0 0 0 0 0 0 0 0 0 0 0 0
23 0.225 0 0 0 0 0 0 0 0 0 0 0 0
24 0.235 0 0 0 0 0 0 0 0 0 0 0 0
25 0.245 0 0 0 0 0 0 0 0 0 0 0 0
26 0.255 0 0 0 0 0 0 0 0 0 0 0 0
27 0.265 0 0 0 0 0 0 0 0 0 0 0 0
28 0.275 0 0 0 0 0 0 0 0 0 0 0 0
29 0.285 0 0 0 0 0 0 0 0 0 0 0 0
30 0.295 0 0 0 0 0 0 0 0 0 0 0 0
31 0.305 0 0 0 0 0 0 0 0 0 0 0 0
32 0.315 0 0 0 0 0 0 0 0 0 0 0 0
33 0.325 0 0 0 0 0 0 0 0 0 0 0 0
34 0.335 0 0 0 0 0 0 0 0 0 0 0 0
35 0.345 0 0 0 0 0 0 0 0 0 0 0 0
36 0.355 0 0 0 0 0 0 0 0 0 0 0 0
37 0.365 0 0 0 0 0 0 0 0 0 0 0 0
38 0.375 0 0 0 0 0 0 0 0 0 0 0 0
39 0.385 0 0 0 0 0 0 0 0 0 0 0 0
40 0.395 0 0 0 0 0 0 0 0 0 0 0 0
41 0.405 0 0 0 0 0 0 0 0 0 0 0 0
42 0.415 0 0 0 0 0 0 0 0 0 0 0 0
43 0.425 0 0 0 0 0 0 0 0 0 0 0 0
44 0.435 0 0 0 0 0 0 0 0 0 0 0 0
45 0.445 0 0 0 0 0 0 0 0 0 0 0 0
46 0.455 0 0 0 0 0 0 0 0 0 0 0 0
47 0.465 0 0 0 0 0 0 0 0 0 0 0 0
48 0.475 0 0 0 0 0 0 0 0 0 0 0 0
49 0.485 0 0 0 0 0 0 0 0 0 0 0 0
50 0.495 0 0 0 0 0 0 0 0 0 0 0 0
51 0.505 0 0 0 0 0 0 0 0 0 0 0 0
52 0.515 0 0 0 0 0 0 0 0 0 0 0 0
53 0.525 0 0 0 0 0 0 0 0 0 0 0 0
54 0.535 0 0 0 0 0 0 0 0 0 0 0 0
55 0.545 0 0 0 0 0 0 0 0 0 0 0 0
56 0.555 0 0 0 0 0 0 0 0 0 0 0 0
57 0.565 0 0 0 0 0 0 0 0 0 0 0 0
58 0.575 0 0 0 0 0 0 0 0 0 0 0 0
59 0.585 0 0 0 0 0 0 0 0 0 0 0 0
60 0.595 0 0 0 0 0 0 0 0 0 0 0 0
61 0.605 0 0 0 0 0 0 0 0 0 0 0 0
62 0.615 0 0 0 0 0 0 0 0 0 0 0 0
63 0.625 0 0 0 0 0 0 0 0 0 0 0 0
64 0.635 0 0 0 0 0 0 0 0 0 0 0 0
65 0.645 0 0 0 0 0 0 0 0 0 0 0 0
66 0.655 0 0 0 0 0 0 0 0 0 0 0 0
67 0.665 0 0 0 0 0 0 0 0 0 0 0 0
68 0.675 0 0 0 0 0 0 0 0 0 0 0 0
69 0.685 0 0 0 0 0 0 0 0 0 0 0 0
70 0.695 0 0 0 0 0 0 0 0 0 0 0 0
71 0.705 0 0 0 0 0 0 0 0 0 0 0 0
72 0.715 0 0 0 0 0 0 0 0 0 0 0 0
73 0.725 0 0 0 0 0 0 0 0 0 0 0 0
74 0.735 0 0 0 0 0 0 0 0 0 0 0 0
75 0.745 0 0 0 0 0 0 0 0 0 0 0 0
76 0.755 0 0 0 0 0 0 0 0 0 0 0 0
77 0.765 0 0 0 0 0 0 0 0 0 0 0 0
78 0.775 0 0 0 0 0 0 0 0 0 0 0 0
79 0.785 0 0 0 0 0 0 0 0 0 0 0 0
80 0.795 0 0 0 0 0 0 0 0 0 0 0 0
81 0.805 0 0 0 0 0 0 0 0 0 0 0 0
82 0.815 0 0 0 0 0 0 0 0 0 0 0 0
83 0.825 0 0 0 0 0 0 0 0 0 0 0 0
84 0.835 0 0 0 0 0 0 0 0 0 0 0 0
85 0.845 0 0 0 0 0 0 0 0 0 0 0 0
86 0.855 0 0 0 0 0 0 0 0 0 0 0 0
87 0.865 0 0 0 0 0 0 0 0 0 0 0 0
88 0.875 0 0 0 0 0 0 0 0 0 0 0 0
89 0.885 0 0 0 0 0 0 0 0 1.63125e-06 5.85938e-09 0 0
90 0.895 0 0 0 0 0 0 0 0 1.06333e-05 4.49219e-08 0 0
91 0.905 0 0 0 0 0 0 0 0 6.75976e-05 2.98828e-07 0 0
92 0.915 0 0 0 0 0 0 0 0 0.000497487 2.20898e-06 0 0
93 0.925 0 0 0 0 0 0 0 0 0.00295856 1.38184e-05 0 0
94 0.935 0 0 0 0 0 0 0 0 0.012908 6.55703e-05 0 0
95 0.945 0 0 0 0 0 0 0 0 0.0458229 0.000253238 0 0
96 0.955 0 0 0 0 0 0 0 0 0.136135 0.000822643 0 0
97 0.965 0 0 0 0 0 0 0 0 0.338372 0.00226773 0 0
98 0.975 0 0 0 0 0 0 0 0 0.730255 0.0054514 0 0
99 0.985 0 0 0 0 0 0 0 0 1.37433 0.0115665 0 0
100 0.995 0 0 0 0 0 0 0 0 2.29194 0.0219728 0 0
101 1.005 0 0 0 0 0 0 0 0 3.42895 0.0378559 0 0
102 1.015 0 0 0 0 0 0 0 0 4.64941 0.0598231 0 0
103 1.025 0 0 0 0 0 0 0 0 5.78966 0.0877192 0 0
104 1.035 0 0 0 0 0 0 0 0 6.67224 0.120498 0 0
105 1.045 0 0 0 0 0 0 0 0 7.19654 0.15654 0 0
106 1.055 0 0 0 0 0 0 0 0 7.33162 0.193963 0 0
107 1.065 0 0 0 0 0 0 0 0 7.12005 0.231 0 0
108 1.075 0 0 0 0 0 0 0 0 6.65054 0.266246 0 0
109 1.085 0 0 0 0 0 0 0 0 6.01702 0.298731 0 0
110 1.095 0 0 0 0 0 0 0 0 5.32098 0.327991 0 0
111 1.105 0 0 0 0 0 0 0 0 4.63947 0.35397 0 0
112 1.115 0 0 0 0 0 0 0 0 4.00173 0.376786 0 0
113 1.125 0 0 0 0 0 0 0 0 3.44494 0.396782 0 0
114 1.135 0 0 0 0 0 0 0 0 2.97502 0.414358 0 0
115 1.145 0 0 0 0 0 0 0 0 2.58688 0.429912 0 0
116 1.155 0 0 0 0 0 0 0 0 2.27393 0.443823 0 0
117 1.165 0 0 0 0 0 0 0 0 2.02638 0.456436 0 0
118 1.175 0 0 0 0 0 0 0 0 1.82947 0.46802 0 0
119 1.185 0 0 0 0 0 0 0 0 1.6801 0.47884 0 0
120 1.195 0 0 0 0 0 0 0 0 1.56741 0.489105 0 0
121 1.205 0 0 0 0 0 0 0 0 1.48663 0.499004 0 0
122 1.215 0 0 0 0 0 0 0 0 1.43208 0.5087 0 0
123 1.225 0 0 0 0 0 0 0 0 1.39903 0.518328 0 0
124 1.235 0 0 0 0 0 0 0 0 1.3851 0.528016 0 0
125 1.245 0 0 0 0 0 0 0 0 1.39129 0.537906 0 0
126 1.255 0 0 0 0 0 0 0 0 1.41177 0.548104 0 0
127 1.265 0 0 0 0 0 0 0 0 1.44666 0.558721 0 0
128 1.275 0 0 0 0 0 0 0 0 1.49681 0.56988 0 0
129 1.285 0 0 0 0 0 0 0 0 1.55981 0.581692 0 0
130 1.295 0 0 0 0 0 0 0 0 1.63217 0.594245 0 0
131 1.305 0 0 0 0 0 0 0 0 1.71381 0.60763 0 0
132 1.315 0 0 0 0 0 0 0 0 1.8026 0.621925 0 0
133 1.325 0 0 0 0 0 0 0 0 1.89216 0.63716 0 0
134 1.335 0 0 0 0 0 0 0 0 1.9833 0.65337 0 0
135 1.345 0 0 0 0 0 0 0 0 2.07185 0.670559 0 0
136 1.355 0 0 0 0 0 0 0 0 2.15225 0.688681 0 0
137 1.365 0 0 0 0 0 0 0 0 2.22019 0.707653 0 0
138 1.375 0 0 0 0 0 0 0 0 2.27459 0.727375 0 0
139 1.385 0 0 0 0 0 0 0 0 2.3089 0.747686 0 0
140 1.395 0 0 0 0 0 0 0 0 2.31924 0.768385 0 0
141 1.405 0 0 0 0 0 0 0 0 2.30429 0.789246 0 0
142 1.415 0 0 0 0 0 0 0 0 2.26073 0.810005 0 0
143 1.425 0 0 0 0 0 0 0 0 2.18699 0.830371 0 0
144 1.435 0 0 0 0 0 0 0 0 2.08755 0.850086 0 0
145 1.445 0 0 0 0 0 0 0 0 1.96344 0.868887 0 0
146 1.455 0 0 0 0 0 0 0 0 1.82093 0.886566 0 0
147 1.465 0 0 0 0 0 0 0 0 1.66381 0.902943 0 0
148 1.475 0 0 0 0 0 0 0 0 1.49964 0.917906 0 0
149 1.485 0 0 0 0 0 0 0 0 1.33099 0.931366 0 0
150 1.495 0 0 0 0 0 0 0 0 1.16326 0.94329 0 0
151 1.505 0 0 0 0 0 0 0 0 1.00226 0.953701 0 0
152 1.515 0 0 0 0 0 0 0 0 0.851876 0.962668 0 0
153 1.525 0 0 0 0 0 0 0 0 0.711855 0.97026 0 0
154 1.535 0 0 0 0 0 0 0 0 0.587459 0.976608 0 0
155 1.545 0 0 0 0 0 0 0 0 0.477369 0.981834 0 0
156 1.555 0 0 0 0 0 0 0 0 0.38221 0.986072 0 0
157 1.565 0 0 0 0 0 0 0 0 0.301892 0.989463 0 0
158 1.575 0 0 0 0 0 0 0 0 0.235247 0.99214 0 0
159 1.585 0 0 0 0 0 0 0 0 0.180033 0.994214 0 0
160 1.595 0 0 0 0 0 0 0 0 0.135476 0.995794 0 0
161 1.605 0 0 0 0 0 0 0 0 0.100803 0.996985 0 0
162 1.615 0 0 0 0 0 0 0 0 0.073683 0.997867 0 0
163 1.625 0 0 0 0 0 0 0 0 0.0529885 0.998508 0 0
164 1.635 0 0 7.96568e-07 1.95313e-08 0 0 0 0 0.0377783 0.998971 0 0
165 1.645 0 0 7.86913e-07 3.90625e-08 0 0 0 0 0.0264606 0.9993 0 0
166 1.655 0 0 4.19813e-06 1.44531e-07 0 0 0 0 0.0181709 0.999528 0 0
167 1.665 0 0 2.33509e-05 7.38281e-07 0 0 0 0 0.0124394 0.999686 0 0
168 1.675 0 0 0.000117793 3.76953e-06 0 0 0 0 0.0083867 0.999794 0 0
169 1.685 0 0 0.000399598 1.41758e-05 0 0 0 0 0.00556287 0.999867 0 0
170 1.695 0 0 0.00133589 4.93789e-05 0 0 0 0 0.00361173 0.999914 0 0
171 1.705 0 0 0.00408708 0.000158355 0 0 0 0 0.00240056 0.999946 0 0
172 1.715 0 0 0.0112176 0.000460977 0 0 0 0 0.00152327 0.999967 0 0
173 1.725 0 0 0.0286103 0.00124184 0 0 0 0 0.000941179 0.99998 0 0
174 1.735 0 0 0.066598 0.00308063 0 0 0 0 0.000607649 0.999988 0 0
175 1.745 0 0 0.141898 0.00704375 0 0 0 0 0.000374129 0.999993 0 0
176 1.755 0 0 0.280347 0.0149637 0 0 0 0 0.00020243 0.999996 0 0
177 1.765 0 0 0.51639 0.0297187 0 0 0 0 0.000121945 0.999998 0 0
178 1.775 0 0 0.889449 0.055422 0 0 0 0 6.62351e-05 0.999999 0 0
179 1.785 0 0 1.43377 0.0973234 0 0 0 0 3.72921e-05 0.999999 0 0
180 1.795 0 0 2.17455 0.161588 0 0 0 0 2.1545e-05 1 0 0
181 1.805 0 0 3.12123 0.25486 0 0 0 0 1.26796e-05 1 0 0
182 1.815 0 0 4.23967 0.382962 0 0 0 0 6.2055e-06 1 0 0
183 1.825 0 0 5.49179 0.550731 0 0 0 0 2.8131e-06 1 0 0
184 1.835 0 0 6.80083 0.760773 0 0 0 0 2.15013e-06 1 0 0
185 1.845 0 0 8.07134 1.01278 0 0 0 0 1.00089e-06 1 0 0
186 1.855 0 0 9.21962 1.30376 0 0 0 0 9.90127e-07 1 0 0
187 1.865 0 0 10.1635 1.62801 0 0 0 0 2.44884e-07 1 0 0
188 1.875 0 0 10.8574 1.97811 0 0 0 0 0 1 0 0
189 1.885 0 0 11.2663 2.34529 0 0 0 0 0 1 0 0
190 1.895 0 0 11.3736 2.71991 0 0 0 0 0 1 0 0
191 1.905 0 0 11.2002 3.09272 0 0 0 0 1.17354e-07 1 0 0
192 1.915 0 0 10.7843 3.45546 0 0 0 0 3.48395e-07 1 0 0
193 1.925 0 0 10.1743 3.80127 0 0 0 0 2.29857e-07 1 0 0
194 1.935 0 0 9.39893 4.12406 6.82461e-07 1.17188e-08 0 0 3.41231e-07 1 0 0
195 1.945 0 0 8.51164 4.4194 3.60246e-06 7.42188e-08 0 0 1.80123e-06 1 0 0
196 1.955 0 0 7.57377 4.6849 1.15885e-05 2.77344e-07 0 0 1.56e-06 1 0 0
197 1.965 0 0 6.62486 4.91953 1.76475e-05 5.89844e-07 0 0 4.85307e-06 1 0 0
198 1.975 0 0 5.69555 5.1233 2.94794e-05 1.11719e-06 0 0 6.11424e-06 1 0 0
199 1.985 0 0 4.819 5.29746 6.33381e-05 2.26172e-06 0 0 1.21056e-05 1 0 0
200 1.995 0 0 4.01126 5.44389 0.00012862 4.60938e-06 0 0 2.45041e-05 1 0 0
201 2.005 0 0 3.28683 5.56509 0.000248535 9.19141e-06 0 0 4.18463e-05 1 0 0
202 2.015 0 0 2.65559 5.66398 0.000469493 1.79336e-05 0 0 6.69205e-05 1 0 0
203 2.025 0 0 2.11202 5.74342 0.000876144 3.44102e-05 0 0 0.000105727 1 0 0
204 2.035 0 0 1.6601 5.80648 0.00161088 6.50039e-05 0 0 0.000181615 1.00001 0 0
205 2.045 0 0 1.28364 5.85571 0.00289337 0.000120496 0 0 0.000298889 1.00001 0 0
206 2.055 0 0 0.980261 5.89368 0.00507626 0.000218809 0 0 0.000498893 1.00002 0 0
207 2.065 0 0 0.73829 5.92256 0.00846065 0.000384266 0 0 0.000807974 1.00004 0 0
208 2.075 0 0 0.547759 5.94419 0.0138185 0.000657125 0 0 0.00129724 1.00007 0 0
209 2.085 0 0 0.402446 5.96024 0.0220179 0.00109609 0 0 0.00202016 1.00011 0 0
210 2.095 0 0 0.292046 5.97199 0.0345095 0.00179071 0 0 0.00317998 1.00017 0 0
211 2.105 0 0 0.209123 5.98049 0.0531373 0.00287052 0 0 0.00482125 1.00027 0 0
212 2.115 0 0 0.147932 5.98656 0.0796875 0.00450527 0 0 0.00737596 1.00042 0 0
213 2.125 0 0 0.103038 5.99083 0.117155 0.00693142 0 0 0.0110418 1.00065 0 0
214 2.135 0 0 0.0715212 5.99382 0.167996 0.0104433 0 0 0.0162942 1.00099 0 0
215 2.145 0 0 0.0485309 5.99587 0.235608 0.0154148 0 0 0.0239339 1.00149 0 0
216 2.155 0 0 0.0329601 5.99727 0.323771 0.0223104 0 0 0.0344696 1.00223 0 0
217 2.165 0 0 0.022049 5.99822 0.435857 0.0316795 0 0 0.0491329 1.00328 1.45946e-06 3.125e-08
218 2.175 0 0 0.0144546 5.99885 0.575264 0.0441599 0 0 0.0689222 1.00478 7.23036e-07 4.6875e-08
219 2.185 0 0 0.0095264 5.99927 0.743189 0.060432 0 0 0.0956352 1.00687 3.58217e-07 5.46875e-08
220 2.195 0 0 0.00606414 5.99953 0.941587 0.0812371 0 0 0.130994 1.00977 7.0992e-07 7.03125e-08
221 2.205 0 0 0.00386436 5.99971 1.17092 0.107346 3.5106e-07 1.5625e-08 0.176647 1.01371 3.51748e-07 7.8125e-08
222 2.215 0 0 0.00250422 5.99982 1.42757 0.139466 1.13066e-06 6.64062e-08 0.235 1.01899 1.04574e-06 1.01562e-07
223 2.225 0 0 0.00157092 5.99989 1.70987 0.178287 4.30971e-06 2.61719e-07 0.30842 1.026 6.90906e-07 1.17188e-07
224 2.235 0 0 0.000948834 5.99993 2.01465 0.22444 1.38388e-05 8.94531e-07 0.398322 1.03512 3.08132e-06 1.875e-07
225 2.245 0 0 0.000574261 5.99996 2.33628 0.27844 3.04795e-05 2.30078e-06 0.508347 1.04687 2.7146e-06 2.5e-07
226 2.255 0 0 0.00034933 5.99998 2.66956 0.340695 8.87832e-05 6.43359e-06 0.639176 1.06178 3.69955e-06 3.35938e-07
227 2.265 0 0 0.000204879 5.99999 3.0077 0.411459 0.000291285 2.01133e-05 0.792309 1.08042 6.66718e-06 4.92187e-07
228 2.275 0 0 0.000124087 5.99999 3.34799 0.490926 0.000828098 5.93477e-05 0.967278 1.10338 9.91305e-06 7.26562e-07
229 2.285 0 0 6.53355e-05 6 3.68264 0.579107 0.00209924 0.000159684 1.16539 1.13128 1.14642e-05 1e-06
230 2.295 0 0 3.79225e-05 6 4.00879 0.675939 0.00482128 0.000392145 1.38299 1.16469 2.11056e-05 1.50781e-06
231 2.305 0 0 2.16427e-05 6 4.32738 0.78138 0.0106033 0.000907852 1.61871 1.20413 2.73606e-05 2.17187e-06
232 2.315 0 0 1.73238e-05 6 4.63431 0.895281 0.0214435 0.00195986 1.86754 1.25003 3.79746e-05 3.10156e-06
233 2.325 0 0 1.29995e-05 6 4.92697 1.01742 0.0404659 0.00396229 2.1247 1.3027 7.15009e-05 4.86719e-06
234 2.335 0 0 8.1236e-06 6 5.20234 1.1475 0.0721117 0.00756145 2.38157 1.36225 8.21819e-05 6.91406e-06
235 2.345 0 0 2.01362e-06 6 5.45821 1.28515 0.121297 0.0136675 2.63234 1.42864 0.00013653 1.03438e-05
236 2.355 0 0 4.60743e-07 6 5.69216 1.42993 0.191168 0.023373 2.86817 1.50159 0.000192112 1.52109e-05
237 2.365 0 0 7.61424e-07 6 5.90499 1.5814 0.285611 0.0379968 3.08174 1.58064 0.000286195 2.25234e-05
238 2.375 0 0 3.77513e-07 6 6.08869 1.7389 0.405085 0.0589136 3.26237 1.66503 0.000411132 3.31172e-05
239 2.385 0 0 0 6 6.23508 1.90156 0.545805 0.0873344 3.40661 1.7539 0.000584178 4.82969e-05
240 2.395 0 0 0 6 6.34386 2.06844 0.702998 0.124248 3.5059 1.84612 0.000897139 7.18047e-05
241 2.405 0 0 0 6 6.40703 2.23839 0.867652 0.170189 3.5568 1.94047 0.0013137 0.000106516
242 2.415 0 0 0 6 6.42327 2.41019 1.02743 0.225043 3.55647 2.03559 0.00187934 0.000156586
243 2.425 0 0 0 6 6.39502 2.58266 1.17639 0.288371 3.50691 2.13017 0.00265054 0.000227789
244 2.435 0 0 0 6 6.32061 2.75453 1.30595 0.359255 3.40867 2.22286 0.00363834 0.000326336
245 2.445 0 0 0 6 6.2073 2.92471 1.4142 0.436646 3.26606 2.3124 0.00506251 0.000464586
246 2.455 0 0 0 6 6.05517 3.09207 1.50258 0.519548 3.08597 2.3977 0.00679625 0.000651703
247 2.465 0 0 0 6 5.87925 3.25591 1.57435 0.607118 2.87523 2.47782 0.00930475 0.000909977
248 2.475 0 0 0 6 5.68553 3.41563 1.63564 0.698837 2.64198 2.55204 0.01275 0.00126676
249 2.485 0 0 0 6 5.48386 3.57093 1.69336 0.794562 2.39254 2.6198 0.0169306 0.00174436
250 2.495 0 0 0 6 5.28256 3.72174 1.75158 0.894376 2.13614 2.68078 0.0224727 0.00238341
251 2.505 0 0 0 6 5.08774 3.86815 1.8103 0.998365 1.88153 2.73493 0.029476 0.00322835
252 2.515 0 0 0 6 4.90074 4.01031 1.87019 1.10665 1.63476 2.78235 0.0382286 0.00433295
253 2.525 5.63307e-06 1.64062e-07 0 6 4.73265 4.14869 1.9282 1.21919 1.40088 2.82331 0.0495201 0.00577522
254 2.535 1.78307e-05 6.875e-07 0 6 4.57185 4.28343 1.98599 1.33602 1.18306 2.85817 0.0631948 0.00763037
255 2.545 4.06625e-05 1.89063e-06 0 6 4.42384 4.41483 2.04451 1.45724 0.985889 2.88746 0.0801856 0.0100029
256 2.555 0.000101124 4.90625e-06 0 6 4.27985 4.54296 2.11229 1.58347 0.810487 2.91172 0.101267 0.0130228
257 2.565 0.000205353 1.10781e-05 0 6 4.13697 4.66779 2.19988 1.71597 0.657095 2.93155 0.126516 0.0168252
258 2.575 0.000464524 2.51484e-05 0 6 3.9888 4.78908 2.32761 1.85725 0.525563 2.94753 0.156255 0.0215582
259 2.585 0.000979459 5.50469e-05 0 6 3.83153 4.9065 2.5089 2.01072 0.414781 2.96024 0.192347 0.0274296
260 2.595 0.00216708 0.000121711 0 6 3.65958 5.01952 2.76546 2.1812 0.323085 2.97022 0.233786 0.0346214
261 2.605 0.00439874 0.00025807 0 6 3.47007 5.12751 3.10806 2.37427 0.248386 2.97795 0.282639 0.0433831
262 2.615 0.00886963 0.000535141 0 6 3.26624 5.22994 3.54163 2.59597 0.188589 2.98386 0.338084 0.0539442
263 2.625 0.0166898 0.00106049 0 6 3.04676 5.32622 4.05686 2.85187 0.141354 2.98833 0.401655 0.0665873
264 2.635 0.0296192 0.00199995 0 6 2.81241 5.41578 4.63796 3.14666 0.104775 2.99167 0.473026 0.0815906
265 2.645 0.0500906 0.00360079 0 6 2.56746 5.49815 5.25302 3.48308 0.0766596 2.99413 0.551816 0.099226
266 2.655 0.0842512 0.00631377 0 6 2.31889 5.57311 5.87207 3.862 0.055684 2.99593 0.638471 0.119785
267 2.665 0.136353 0.0107376 0 6 2.06963 5.64053 6.45417 4.28162 0.0399792 2.99723 0.731049 0.143504
268 2.675 0.210207 0.0176089 0 6 1.8239 5.70038 6.96016 4.73754 0.028745 2.99817 0.831712 0.170691
269 2.685 0.311496 0.0278673 0 6 1.58709 5.75285 7.35753 5.2231 0.0208421 2.99886 0.938479 0.201598
270 2.695 0.449087 0.0427674 0 6 1.365 5.79832 7.6224 5.72989 0.0156589 2.99938 1.04867 0.236391
271 2.705 0.62862 0.0637792 0 6 1.15871 5.8372 7.7397 6.24831 0.0123716 2.9998 1.16171 0.275221
272 2.715 0.84927 0.0923766 0 6 0.970144 5.87 7.70762 6.7684 0.010936 3.00017 1.2775 0.318238
273 2.725 1.11726 0.130276 0 6 0.801922 5.8973 7.53662 7.28071 0.01096 3.00054 1.3907 0.365413
274 2.735 1.42484 0.178964 0 6 0.654693 5.91976 7.24052 7.77651 0.0122352 3.00096 1.50165 0.416726
275 2.745 1.76683 0.23978 0 6 0.528091 5.93801 6.84782 8.24885 0.0147626 3.00147 1.60664 0.472028
276 2.755 2.12744 0.313543 0 6 0.420054 5.95263 6.3888 8.69275 0.0187934 3.00213 1.70532 0.531156
277 2.765 2.48792 0.400433 0 6 0.330477 5.96422 5.8877 9.10481 0.0244452 3.00298 1.79481 0.593839
278 2.775 2.83357 0.500111 0 6 0.256456 5.97328 5.36634 9.4831 0.0320036 3.00411 1.87382 0.659756
279 2.785 3.13431 0.611165 0 6 0.196483 5.98027 4.85075 9.82751 0.0418951 3.0056 1.93817 0.728428
280 2.795 3.37287 0.731531 0 6 0.148544 5.98559 4.35033 10.1386 0.0545564 3.00756 1.9856 0.799287
281 2.805 3.53683 0.858653 5.9541e-07 6 0.111183 5.9896 3.87361 10.4176 0.0702892 3.01009 2.01918 0.871862
282 2.815 3.60951 0.989314 3.7621e-07 6 0.0818912 5.99258 3.43301 10.6667 0.0897082 3.01335 2.03298 0.945454
283 2.825 3.57444 1.11963 8.00467e-07 6 0.0594694 5.99475 3.02128 10.8874 0.113662 3.01751 2.03039 1.01948
284 2.835 3.45219 1.24638 1.58966e-06 6 0.0426126 5.99632 2.63823 11.0815 0.142454 3.02276 2.0123 1.09336
285 2.845 3.24329 1.3663 5.68262e-06 6 0.0303289 5.99745 2.28287 11.2506 0.176783 3.02933 1.97617 1.16643
286 2.855 2.9639 1.47666 1.1129e-05 6 0.0214003 5.99825 1.95513 11.3965 0.217238 3.03745 1.92306 1.23803
287 2.865 2.64189 1.57572 1.97681e-05 6 0.0148372 5.99881 1.65339 11.5207 0.26457 3.04741 1.85747 1.30768
288 2.875 2.29502 1.66237 4.07043e-05 6.00001 0.0102983 5.9992 1.37774 11.625 0.318897 3.05949 1.77735 1.37479
289 2.885 1.94586 1.73636 7.73147e-05 6.00001 0.00702279 5.99947 1.13212 11.7113 0.380988 3.07404 1.68588 1.43889
290 2.895 1.61183 1.79807 0.000142333 6.00002 0.00477387 5.99965 0.91324 11.7813 0.45111 3.09138 1.5866 1.49963
291 2.905 1.30234 1.84828 0.000282356 6.00004 0.00317228 5.99977 0.723805 11.8372 0.528541 3.11183 1.48059 1.55671
292 2.915 1.02709 1.88814 0.000507316 6.00008 0.00203969 5.99985 0.562562 11.881 0.614263 3.13577 1.36923 1.60986
293 2.925 0.792967 1.91914 0.00091039 6.00016 0.00133544 5.9999 0.428416 11.9146 0.707304 3.16352 1.25793 1.65903
294 2.935 0.599795 1.94274 0.00157113 6.00028 0.000861432 5.99994 0.319317 11.9397 0.807534 3.19542 1.14685 1.70416
295 2.945 0.441851 1.96024 0.00256417 6.00048 0.000567448 5.99996 0.233544 11.9583 0.914327 3.23179 1.03742 1.74526
296 2.955 0.318897 1.97297 0.0042828 6.00083 0.000361404 5.99998 0.167159 11.9716 1.02543 3.27285 0.933434 1.78249
297 2.965 0.225411 1.98202 0.00682876 6.00138 0.000222552 5.99998 0.117397 11.9811 1.14176 3.31889 0.834505 1.81601
298 2.975 0.154888 1.98828 0.0107718 6.00225 0.000147821 5.99999 0.0806507 11.9876 1.26002 3.37003 0.743132 1.84605
299 2.985 0.103839 1.99251 0.0164793 6.0036 9.00495e-05 5.99999 0.0542538 11.992 1.37915 3.42639 0.660368 1.87293
300 2.995 0.0684537 1.99531 0.0247441 6.00563 5.23211e-05 6 0.0357216 11.995 1.49779 3.488 0.588379 1.89704
301 3.005 0.0440969 1.99713 0.0366931 6.00867 3.42403e-05 6 0.0232206 11.9969 1.61367 3.55483 0.527469 1.9188
302 3.015 0.0279098 1.99829 0.0528163 6.01308 2.22072e-05 6 0.0146585 11.9981 1.72511 3.62674 0.478393 1.93866
303 3.025 0.0171884 1.99901 0.074437 6.01932 9.77367e-06 6 0.00907592 11.9989 1.82857 3.70348 0.441638 1.95712
304 3.035 0.0103291 1.99944 0.1027 6.028 6.38044e-06 6 0.00559664 11.9993 1.92357 3.78474 0.418865 1.97475
305 3.045 0.00598018 1.9997 0.138892 6.03981 4.40947e-06 6 0.00330248 11.9996 2.00588 3.87003 0.40893 1.99207
306 3.055 0.003403 1.99984 0.18406 6.05557 2.64664e-06 6 0.00189747 11.9998 2.0764 3.95891 0.414416 2.00974
307 3.065 0.00185289 1.99992 0.238781 6.07614 2.08538e-06 6 0.00109156 11.9999 2.13012 4.05068 0.434829 2.0284
308 3.075 0.000978851 1.99996 0.303433 6.10246 8.10721e-07 6 0.00061063 11.9999 2.16619 4.14461 0.470852 2.04874
309 3.085 0.000620491 1.99999 0.377941 6.13545 8.94971e-07 6 0.000342593 12 2.18446 4.23996 0.523378 2.07149
310 3.095 0.000570425 2.00001 0.46182 6.17603 4.44598e-07 6 0.000173421 12 2.18465 4.33593 0.591584 2.09738
311 3.105 0.000858561 2.00005 0.552765 6.22491 9.71827e-07 6 9.45844e-05 12 2.16673 4.43173 0.676127 2.12716
312 3.115 0.00139415 2.00011 0.649241 6.28269 7.90034e-07 6 5.87528e-05 12 2.12968 4.5265 0.776235 2.16156
313 3.125 0.00283213 2.00024 0.746477 6.34955 2.18052e-06 6 3.06307e-05 12 2.07598 4.61948 0.892303 2.20137
314 3.135 0.00512216 2.00047 0.841136 6.42538 4.41992e-06 6 1.23305e-05 12 2.00631 4.70991 1.02286 2.24729
315 3.145 0.00919855 2.00089 0.930364 6.50978 6.45861e-06 6 5.73784e-06 12 1.92466 4.79721 1.16692 2.30002
316 3.155 0.0168273 2.00165 1.01029 6.60202 1.06962e-05 6 3.30088e-06 12 1.83096 4.88079 1.32181 2.36012
317 3.165 0.0291484 2.00299 1.07643 6.70092 1.81114e-05 6 1.78912e-06 12 1.73175 4.96035 1.48848 2.42824
318 3.175 0.0491139 2.00525 1.12657 6.80509 2.29827e-05 6 1.52389e-06 12 1.629 5.03566 1.65968 2.50467
319 3.185 0.0797374 2.00894 1.15872 6.9129 3.30824e-05 6 8.41297e-08 12 1.52405 5.10656 1.83637 2.58976
320 3.195 0.124761 2.01476 1.17197 7.02263 5.46536e-05 6.00001 0 12 1.4224 5.17315 2.01282 2.68362
321 3.205 0.19175 2.02376 1.16635 7.13252 9.30371e-05 6.00001 0 12 1.32586 5.23561 2.18617 2.78621
322 3.215 0.286619 2.03729 1.14708 7.24127 0.00012913 6.00002 0 12 1.23874 5.29433 2.35402 2.89736
323 3.225 0.415949 2.05705 1.11718 7.34784 0.000201709 6.00003 0 12 1.16154 5.34973 2.51205 3.01671
324 3.235 0.586922 2.08511 1.08079 7.45159 0.000306921 6.00004 0 12 1.0976 5.40241 2.65903 3.14383
325 3.245 0.806618 2.12391 1.04506 7.55252 0.000473444 6.00006 0 12 1.04758 5.453 2.78873 3.27798
326 3.255 1.07764 2.17607 1.0177 7.65142 0.000716943 6.0001 0 12 1.01282 5.50221 2.89748 3.41821
327 3.265 1.4026 2.24437 1.00645 7.74983 0.00103096 6.00015 0 12 0.993207 5.55077 2.99025 3.56383
328 3.275 1.7776 2.33147 1.01685 7.84986 0.00151689 6.00022 0 12 0.987938 5.59936 3.05964 3.71374
329 3.285 2.20094 2.43997 1.05705 7.95449 0.00227535 6.00034 0 12 0.997526 5.64873 3.10663 3.86689
330 3.295 2.65666 2.57173 1.13206 8.06722 0.00327101 6.0005 0 12 1.01848 5.69944 3.13098 4.02217
331 3.305 3.13171 2.72799 1.24451 8.19191 0.00469113 6.00074 0 12 1.04918 5.752 3.13259 4.17848
332 3.315 3.60381 2.90891 1.39745 8.33276 0.00661571 6.00107 0 12 1.08717 5.80679 3.11776 4.335
333 3.325 4.06454 3.11418 1.59004 8.494 0.00927334 6.00154 0 12 1.12892 5.86403 3.08226 4.49066
334 3.335 4.48899 3.34226 1.81835 8.6795 0.0129632 6.0022 0 12 1.1722 5.92382 3.03567 4.6449
335 3.345 4.86028 3.59068 2.07757 8.89271 0.0178307 6.00311 0 12 1.21355 5.98609 2.97655 4.79704
336 3.355 5.17316 3.85668 2.35787 9.13614 0.0244359 6.00438 1.8955e-07 12 1.25096 6.05067 2.90897 4.94662
337 3.365 5.42571 4.13734 2.64516 9.41087 0.0328483 6.00608 9.04439e-07 12 1.2811 6.11719 2.83526 5.09328
338 3.375 5.60719 4.4291 2.93354 9.71735 0.0437975 6.00837 1.61087e-06 12 1.30235 6.18523 2.76128 5.23696
339 3.385 5.72744 4.72889 3.21084 10.0548 0.0580188 6.01142 2.94204e-06 12 1.3139 6.25427 2.69042 5.37778
340 3.395 5.79112 5.03381 3.4597 10.4206 0.0759419 6.01543 5.62733e-06 12 1.31392 6.32372 2.62284 5.51588
341 3.405 5.81151 5.34161 3.67567 10.8114 0.0986627 6.02068 8.02344e-06 12 1.30418 6.39307 2.56243 5.6516
342 3.415 5.79424 5.65029 3.8437 11.2226 0.126651 6.02745 1.84777e-05 12 1.28473 6.46178 2.51081 5.78536
343 3.425 5.75476 5.95868 3.95917 11.6486 0.161678 6.03615 3.60852e-05 12 1.25897 6.52951 2.46908 5.91767
344 3.435 5.69621 6.26571 4.02613 12.0843 0.203509 6.04716 6.58198e-05 12 1.22817 6.59597 2.43866 6.04912
345 3.445 5.61421 6.57008 4.03561 12.5236 0.253475 6.06096 0.000125016 12 1.1953 6.66102 2.42045 6.18034
346 3.455 5.51588 6.87086 3.99442 12.9609 0.312854 6.07809 0.000226745 12.0001 1.16398 6.72474 2.4139 6.31197
347 3.465 5.39748 7.16689 3.90476 13.3909 0.382594 6.09915 0.000397955 12.0001 1.13794 6.7874 2.41866 6.44463
348 3.475 5.25024 7.45652 3.77719 13.8093 0.463578 6.12482 0.000681932 12.0002 1.11901 6.84937 2.43047 6.5787
349 3.485 5.06816 7.7377 3.61449 14.2119 0.555285 6.15575 0.00113565 12.0003 1.10984 6.91119 2.45154 6.71471
350 3.495 4.84992 8.00833 3.43044 14.5963 0.659161 6.19268 0.00186577 12.0005 1.11229 6.9735 2.476 6.85287
351 3.505 4.59368 8.26613 3.22485 14.9597 0.773897 6.23628 0.003087 12.0009 1.12709 7.037 2.5042 6.99341
352 3.515 4.29721 8.50866 3.00916 15.3007 0.901079 6.28734 0.0049103 12.0014 1.15426 7.1024 2.5331 7.13638
353 3.525 3.96523 8.73374 2.78623 15.6182 1.03711 6.34644 0.0075412 12.0023 1.19375 7.17043 2.55767 7.28156
354 3.535 3.60026 8.93926 2.56383 15.9121 1.18215 6.41418 0.011546 12.0036 1.24369 7.2417 2.57905 7.42878
355 3.545 3.22161 9.1242 2.34279 16.1821 1.3334 6.49103 0.017392 12.0056 1.29988 7.31662 2.59185 7.57758
356 3.555 2.83139 9.28767 2.12687 16.4287 1.48944 6.57736 0.0256336 12.0086 1.36027 7.39546 2.59494 7.72739
357 3.565 2.44545 9.42965 1.91715 16.6521 1.64708 6.67336 0.0372039 12.0129 1.41984 7.47821 2.58726 7.8776
358 3.575 2.07483 9.55078 1.71597 16.8533 1.80324 6.77905 0.0526722 12.019 1.47624 7.56474 2.5646 8.02733
359 3.585 1.72414 9.65201 1.52307 17.0328 1.95465 6.89426 0.0734608 12.0277 1.52453 7.6546 2.52765 8.17573
360 3.595 1.40481 9.73495 1.34053 17.1917 2.09676 7.01854 0.100562 12.0396 1.56127 7.74713 2.47617 8.32192
361 3.605 1.12447 9.8017 1.1693 17.3311 2.22808 7.15133 0.135994 12.0558 1.58319 7.84149 2.40857 8.46491
362 3.615 0.880698 9.85428 1.01116 17.4523 2.34314 7.29176 0.179734 12.0773 1.58882 7.93671 2.32727 8.60385
363 3.625 0.676383 9.89488 0.863353 17.5564 2.44079 7.43885 0.233857 12.1054 1.5775 8.03178 2.23189 8.73782
364 3.635 0.50804 9.92555 0.729953 17.6449 2.51578 7.5913 0.29965 12.1416 1.54812 8.12559 2.12447 8.86606
365 3.645 0.373309 9.9482 0.609829 17.7192 2.56763 7.74775 0.377603 12.1876 1.50173 8.21709 2.00625 8.98782
366 3.655 0.269606 9.96466 0.502515 17.7807 2.59397 7.90667 0.469059 12.2449 1.44077 8.30536 1.87908 9.10249
367 3.665 0.190172 9.97633 0.408976 17.8311 2.59324 8.06642 0.574736 12.3156 1.36677 8.38956 1.74522 9.20958
368 3.675 0.131437 9.98444 0.327163 17.8717 2.56971 8.22558 0.692932 12.4013 1.28347 8.46905 1.60863 9.30883
369 3.685 0.0889113 9.98995 0.258851 17.9039 2.51877 8.38243 0.823248 12.5036 1.19308 8.54335 1.47115 9.40008
370 3.695 0.0593291 9.99365 0.201042 17.9291 2.44588 8.53558 0.964037 12.6241 1.09986 8.61222 1.33335 9.48324
371 3.705 0.0385268 9.99607 0.153835 17.9484 2.3508 8.68357 1.11149 12.7638 1.00652 8.67558 1.19902 9.55843
372 3.715 0.0245034 9.99761 0.115985 17.9631 2.23629 8.82511 1.26451 12.9235 0.91664 8.7336 1.07097 9.62595
373 3.725 0.0153469 9.99858 0.0859262 17.9741 2.10561 8.9591 1.41625 13.1034 0.832071 8.78655 0.948984 9.6861
374 3.735 0.00932754 9.99918 0.0624137 17.982 1.96398 9.08475 1.56311 13.303 0.755338 8.83487 0.835195 9.73933
375 3.745 0.00553082 9.99953 0.0446062 17.9878 1.81364 9.2014 1.70181 13.5215 0.686957 8.87905 0.731165 9.78617
376 3.755 0.00322538 9.99974 0.0313144 17.9918 1.65755 9.30859 1.82375 13.7569 0.628543 8.9197 0.637472 9.82723
377 3.765 0.00173443 9.99985 0.021509 17.9946 1.49931 9.40606 1.92564 14.0068 0.581264 8.95749 0.553921 9.8631
378 3.775 0.00100316 9.99992 0.0145476 17.9965 1.3439 9.49388 2.00343 14.2682 0.543808 8.99303 0.481254 9.89443
379 3.785 0.000559396 9.99996 0.00967896 17.9978 1.19237 9.57222 2.05467 14.5376 0.51652 9.02696 0.418308 9.92181
380 3.795 0.000324894 9.99998 0.0063328 17.9986 1.04745 9.64141 2.07717 14.8115 0.499009 9.05992 0.365445 9.94585
381 3.805 0.000197386 9.99999 0.00400719 17.9992 0.911127 9.7019 2.06824 15.0856 0.490773 9.09251 0.322251 9.96716
382 3.815 0.000115861 10 0.00248953 17.9995 0.784533 9.75427 2.03146 15.3562 0.490307 9.12523 0.287794 9.9863
383 3.825 0.000108476 10 0.00152697 17.9997 0.66931 9.79918 1.96934 15.62 0.497092 9.15859 0.260917 10.0037
384 3.835 0.000125121 10 0.000913343 17.9998 0.564715 9.83727 1.8839 15.8736 0.509447 9.19295 0.241456 10.02
385 3.845 0.000192606 10 0.00054978 17.9999 0.471202 9.86921 1.78166 16.1148 0.526739 9.22866 0.227998 10.0354
386 3.855 0.000305883 10 0.000305605 17.9999 0.390052 9.8958 1.66457 16.3412 0.547053 9.26595 0.219973 10.0503
387 3.865 0.000543233 10.0001 0.000181435 18 0.319595 9.91769 1.5373 16.5514 0.569517 9.30496 0.215716 10.065
388 3.875 0.000900684 10.0001 9.73972e-05 18 0.259232 9.93554 1.4063 16.7447 0.592688 9.34578 0.214975 10.0798
389 3.885 0.00145467 10.0002 5.78726e-05 18 0.208403 9.94997 1.27408 16.9208 0.616068 9.38842 0.217591 10.0948
390 3.895 0.00239075 10.0004 3.09354e-05 18 0.16588 9.96151 1.14327 17.0795 0.638431 9.43284 0.222368 10.1102
391 3.905 0.00378031 10.0007 1.97175e-05 18 0.130584 9.97064 1.01703 17.2215 0.659112 9.47893 0.228855 10.1261
392 3.915 0.00584288 10.0011 1.34484e-05 18 0.101957 9.97781 0.897056 17.3474 0.677529 9.52656 0.236822 10.1427
393 3.925 0.00897188 10.0017 1.94894e-05 18 0.0787555 9.98337 0.784081 17.458 0.693193 9.57553 0.245438 10.16
394 3.935 0.0134162 10.0027 2.98146e-05 18 0.0601907 9.98765 0.679787 17.5543 0.70639 9.62569 0.25569 10.1781
395 3.945 0.0201836 10.0041 5.77401e-05 18 0.0456265 9.9909 0.585056 17.6377 0.717003 9.67687 0.266922 10.197
396 3.955 0.0297141 10.0062 0.000112147 18 0.0342022 9.99336 0.498616 17.7091 0.724884 9.72887 0.278546 10.2169
397 3.965 0.0424706 10.0093 0.000212166 18.0001 0.0254487 9.99519 0.422831 17.7699 0.732147 9.78165 0.291893 10.2379
398 3.975 0.0595892 10.0136 0.00036584 18.0001 0.018714 9.99655 0.357158 17.8216 0.738543 9.83517 0.30626 10.26
399 3.985 0.081897 10.0195 0.000637071 18.0002 0.0136362 9.99754 0.301582 17.8654 0.745026 9.88943 0.322237 10.2834
400 3.995 0.11165 10.0277 0.0011359 18.0004 0.00990938 9.99827 0.2564 17.9029 0.752391 9.9445 0.340341 10.3082
401 4.005 0.149086 10.0386 0.0019355 18.0007 0.00708503 9.99879 0.222859 17.9356 0.76185 10.0005 0.359621 10.3345
402 4.015 0.195438 10.053 0.00327127 18.0011 0.00502027 9.99916 0.201165 17.9653 0.773165 10.0577 0.380578 10.3626
403 4.025 0.251602 10.0716 0.00531386 18.0019 0.00352396 9.99942 0.192086 17.9938 0.786706 10.1162 0.403263 10.3924
404 4.035 0.319081 10.0953 0.00854583 18.0032 0.00244968 9.9996 0.195659 18.0229 0.802737 10.1761 0.427139 10.4242
405 4.045 0.396282 10.1249 0.0133524 18.0052 0.00169473 9.99973 0.212008 18.0547 0.821104 10.2377 0.452681 10.458
406 4.055 0.48299 10.1612 0.0204168 18.0083 0.00117096 9.99982 0.240819 18.0909 0.840971 10.3011 0.479537 10.494
407 4.065 0.580555 10.205 0.0307608 18.013 0.000799845 9.99988 0.281818 18.1336 0.862213 10.3665 0.507033 10.5323
408 4.075 0.684739 10.257 0.0453223 18.0199 0.000533865 9.99992 0.33317 18.1842 0.884321 10.4338 0.534766 10.5729
409 4.085 0.792293 10.3174 0.0655263 18.0299 0.000356177 9.99995 0.393151 18.2443 0.905825 10.5031 0.561976 10.6157
410 4.095 0.900213 10.3863 0.0928624 18.0442 0.000234922 9.99997 0.459177 18.3148 0.926285 10.5744 0.587548 10.6607
411 4.105 1.0045 10.4637 0.128938 18.0641 0.00015442 9.99998 0.528151 18.3962 0.945109 10.6474 0.611799 10.7078
412 4.115 1.10249 10.5489 0.176061 18.0914 9.87919e-05 9.99999 0.595071 18.4885 0.961249 10.722 0.633538 10.7568
413 4.125 1.18877 10.6414 0.235609 18.1282 6.72776e-05 9.99999 0.656357 18.5907 0.975109 10.7981 0.650688 10.8074
414 4.135 1.25619 10.7395 0.309895 18.1768 4.29413e-05 9.99999 0.707456 18.7014 0.985771 10.8754 0.665476 10.8594
415 4.145 1.30675 10.842 0.399883 18.2398 3.15303e-05 10 0.746192 18.8188 0.992188 10.9536 0.675353 10.9124
416 4.155 1.33395 10.9472 0.507303 18.3202 1.73668e-05 10 0.768591 18.9403 0.994985 11.0324 0.680105 10.966
417 4.165 1.34035 11.0534 0.631167 18.4206 1.28644e-05 10 0.773606 19.0631 0.994029 11.1115 0.680326 11.0199
418 4.175 1.31897 11.1585 0.771822 18.544 8.74701e-06 10 0.759915 19.1844 0.98951 11.1906 0.674871 11.0737
419 4.185 1.27897 11.2608 0.92937 18.6933 1.0991e-05 10 0.729491 19.3013 0.980845 11.2694 0.664855 11.1269
420 4.195 1.21613 11.3586 1.09962 18.8708 1.46171e-05 10 0.684329 19.4116 0.970039 11.3476 0.651331 11.1792
421 4.205 1.13828 11.4505 1.28175 19.0786 2.00874e-05 10 0.626593 19.513 0.956407 11.4252 0.633103 11.2304
422 4.215 1.0437 11.5352 1.47113 19.3184 2.74233e-05 10 0.559694 19.604 0.940191 11.5018 0.609647 11.2798
423 4.225 0.942766 11.6121 1.66378 19.5908 5.41579e-05 10 0.488835 19.6839 0.92301 11.5774 0.584691 11.3275
424 4.235 0.834838 11.6805 1.85517 19.896 8.96158e-05 10 0.417164 19.7524 0.90428 11.6517 0.556964 11.3732
425 4.245 0.728799 11.7405 2.04191 20.2335 0.000152344 10 0.347471 19.8097 0.885904 11.725 0.527434 11.4166
426 4.255 0.624425 11.7921 2.22108 20.6023 0.000246379 10.0001 0.283142 19.8566 0.86794 11.797 0.497157 11.4577
427 4.265 0.524998 11.8358 2.38723 21.0006 0.000392537 10.0001 0.226355 19.8943 0.850266 11.868 0.467169 11.4965
428 4.275 0.434363 11.872 2.53994 21.4263 0.000614881 10.0001 0.178127 19.9241 0.833502 11.9378 0.437424 11.533
429 4.285 0.354905 11.9018 2.67769 21.8773 0.000973201 10.0002 0.138872 19.9475 0.817947 12.0067 0.408651 11.5673
430 4.295 0.28363 11.9257 2.80052 22.3511 0.00149524 10.0003 0.108239 19.9657 0.803908 12.0747 0.381056 11.5994
431 4.305 0.223025 11.9446 2.91057 22.8459 0.00223109 10.0005 0.087127 19.9805 0.791046 12.1419 0.355169 11.6295
432 4.315 0.173008 11.9593 3.00454 23.359 0.00336598 10.0008 0.0753939 19.9934 0.779592 12.2085 0.331495 11.6577
433 4.325 0.131985 11.9706 3.08662 23.8886 0.00493392 10.0012 0.0728505 20.0059 0.769432 12.2745 0.310103 11.6842
434 4.335 0.0985799 11.979 3.15464 24.4323 0.00713054 10.0019 0.0804086 20.0197 0.760581 12.3401 0.291086 11.7092
435 4.345 0.0723022 11.9853 3.20953 24.9881 0.0101586 10.0027 0.0985035 20.0367 0.753006 12.4052 0.274033 11.7328
436 4.355 0.052534 11.9898 3.25048 25.5536 0.0143294 10.004 0.128116 20.059 0.746492 12.4702 0.258941 11.7552
437 4.365 0.0376651 11.9931 3.27506 26.1259 0.0200002 10.0057 0.170148 20.0886 0.742175 12.535 0.24657 11.7767
438 4.375 0.0265894 11.9954 3.28128 26.702 0.0274384 10.0081 0.226069 20.1282 0.739947 12.6 0.236097 11.7973
439 4.385 0.0185389 11.997 3.26788 27.2783 0.0370082 10.0114 0.296914 20.1805 0.739543 12.6652 0.227567 11.8173
440 4.395 0.0130828 11.9982 3.2313 27.8508 0.0491647 10.0158 0.381896 20.248 0.742422 12.731 0.22115 11.8368
441 4.405 0.00947207 11.999 3.17395 28.4157 0.0644231 10.0215 0.481023 20.3335 0.749095 12.7976 0.216827 11.8561
442 4.415 0.00749809 11.9997 3.09413 28.9689 0.0835882 10.029 0.591399 20.439 0.760104 12.8656 0.214925 11.8752
443 4.425 0.00702491 12.0003 2.99448 29.5067 0.107183 10.0386 0.711118 20.5665 0.776031 12.9353 0.21483 11.8944
444 4.435 0.00787292 12.001 2.87758 30.0258 0.135955 10.0509 0.834885 20.7168 0.797696 13.0072 0.217179 11.9139
445 4.445 0.0102659 12.002 2.74821 30.5238 0.170333 10.0663 0.957769 20.89 0.825405 13.082 0.22235 11.934
446 4.455 0.0146669 12.0033 2.60864 30.9987 0.21047 10.0854 1.07244 21.0849 0.859674 13.1603 0.230309 11.9549
447 4.465 0.0210338 12.0052 2.46378 31.4492 0.25754 10.109 1.17327 21.299 0.89997 13.2425 0.240991 11.9768
448 4.475 0.0303868 12.008 2.31918 31.8752 0.31204 10.1376 1.25374 21.5288 0.945922 13.3294 0.254933 12.0001
449 4.485 0.0436887 12.012 2.17654 32.2768 0.37393 10.1721 1.31034 21.7701 0.997227 13.4214 0.271827 12.0251
450 4.495 0.0616562 12.0177 2.03761 32.6544 0.443765 10.2133 1.33908 22.0178 1.05304 13.519 0.291959 12.0521
451 4.505 0.0852123 12.0256 1.90394 33.0088 0.521182 10.2618 1.34078 22.2669 1.11182 13.6225 0.315901 12.0814
452 4.515 0.115779 12.0364 1.77562 33.3408 0.606208 10.3184 1.31505 22.5123 1.17177 13.732 0.343169 12.1133
453 4.525 0.15429 12.0508 1.65101 33.6509 0.699067 10.3841 1.26728 22.7498 1.23269 13.8478 0.373461 12.1482
454 4.535 0.201782 12.0698 1.52965 33.9394 0.798889 10.4594 1.20075 22.9759 1.29226 13.9696 0.407007 12.1865
455 4.545 0.259652 12.0943 1.41259 34.2071 0.904676 10.5451 1.12284 23.1882 1.34919 14.0975 0.443212 12.2283
456 4.555 0.326694 12.1252 1.2961 34.4537 1.01646 10.6419 1.04142 23.386 1.40126 14.2308 0.480741 12.2739
457 4.565 0.402646 12.1636 1.17955 34.6792 1.1319 10.75 0.962366 23.5696 1.44727 14.3691 0.519822 12.3234
458 4.575 0.486058 12.21 1.06408 34.8835 1.2504 10.8701 0.893319 23.7408 1.48549 14.5117 0.559122 12.3768
459 4.585 0.576855 12.2654 0.950692 35.0668 1.37075 11.0022 0.838315 23.9021 1.51569 14.6578 0.598295 12.4343
460 4.595 0.672362 12.3303 0.838691 35.2292 1.49018 11.1465 0.799537 24.0566 1.53521 14.8065 0.636294 12.4956
461 4.605 0.767381 12.4046 0.730825 35.3714 1.60873 11.303 0.780009 24.2081 1.54376 14.9566 0.671124 12.5607
462 4.615 0.857416 12.488 0.627809 35.494 1.72334 11.4713 0.780737 24.3603 1.54137 15.1072 0.704123 12.6292
463 4.625 0.940826 12.58 0.531545 35.5983 1.83293 11.6511 0.799624 24.5168 1.52619 15.2569 0.732999 12.7008
464 4.635 1.0117 12.6793 0.443195 35.6856 1.93399 11.8416 0.837803 24.6816 1.50049 15.4047 0.7566 12.775
465 4.645 1.06904 12.7846 0.363691 35.7576 2.02668 12.0422 0.892985 24.858 1.46237 15.5494 0.776375 12.8516
466 4.655 1.10546 12.8941 0.293372 35.8159 2.10732 12.2516 0.965577 25.0495 1.41391 15.6899 0.78905 12.9297
467 4.665 1.12102 13.0055 0.232861 35.8624 2.17572 12.4687 1.05555 25.2598 1.35555 15.8252 0.797244 13.0089
468 4.675 1.11294 13.1166 0.181346 35.8987 2.23067 12.6923 1.16356 25.4926 1.28953 15.9545 0.799374 13.0887
469 4.685 1.08489 13.2254 0.138858 35.9267 2.27091 12.9209 1.28997 25.7518 1.21571 16.0768 0.796232 13.1686
470 4.695 1.03719 13.3298 0.104435 35.9478 2.29575 13.153 1.43707 26.0418 1.13627 16.1917 0.787945 13.2479
471 4.705 0.974383 13.4284 0.0770661 35.9634 2.3055 13.3871 1.60425 26.3669 1.05432 16.2987 0.775073 13.3263
472 4.715 0.896347 13.5194 0.0557734 35.9748 2.29918 13.6215 1.79106 26.7314 0.971588 16.3978 0.758933 13.4034
473 4.725 0.808258 13.6018 0.0396404 35.9829 2.279 13.8548 1.99505 27.1391 0.889812 16.4889 0.740513 13.4789
474 4.735 0.715639 13.6751 0.0276714 35.9886 2.24512 14.0856 2.21174 27.593 0.810629 16.5723 0.719735 13.5526
475 4.745 0.621056 13.739 0.018996 35.9926 2.19846 14.3126 2.43509 28.0949 0.736697 16.6483 0.69829 13.6244
476 4.755 0.528809 13.7936 0.0128021 35.9952 2.13972 14.5345 2.65712 28.6449 0.669453 16.7177 0.67797 13.6945
477 4.765 0.442295 13.8395 0.00844345 35.997 2.0718 14.7503 2.86843 29.2411 0.610638 16.7813 0.659417 13.7628
478 4.775 0.363985 13.8774 0.00550572 35.9981 1.99648 14.959 3.05938 29.8797 0.561899 16.8401 0.642168 13.8297
479 4.785 0.295354 13.9083 0.00350501 35.9989 1.91541 15.1601 3.22128 30.5548 0.523384 16.895 0.627738 13.8954
480 4.795 0.238039 13.9333 0.00218685 35.9993 1.83039 15.3531 3.34503 31.2589 0.496244 16.9474 0.617113 13.9602
481 4.805 0.19203 13.9536 0.00134009 35.9996 1.74238 15.5376 3.42856 31.9835 0.480969 16.9983 0.610803 14.0246
482 4.815 0.157577 13.9702 0.000807853 35.9998 1.653 15.7134 3.46681 32.7193 0.47747 17.0491 0.608371 14.0891
483 4.825 0.134542 13.9846 0.000464744 35.9999 1.56517 15.8805 3.46179 33.457 0.484582 17.1008 0.611172 14.1541
484 4.835 0.124003 13.9978 0.000275217 35.9999 1.47772 16.0389 3.41872 34.1886 0.502538 17.1547 0.618839 14.2201
485 4.845 0.126207 14.0113 0.00016938 36 1.39367 16.189 3.34383 34.9072 0.530484 17.2118 0.632249 14.2879
486 4.855 0.141564 14.0266 0.000106222 36 1.31353 16.3309 3.24437 35.6072 0.566465 17.273 0.650346 14.358
487 4.865 0.170439 14.045 7.79673e-05 36 1.23658 16.4652 3.13168 36.2858 0.609322 17.3391 0.674019 14.4308
488 4.875 0.215644 14.0684 8.73605e-05 36 1.16383 16.592 3.01399 36.9415 0.657889 17.4109 0.702712 14.5071
489 4.885 0.275642 14.0985 0.000132834 36.0001 1.09447 16.7118 2.9012 37.5752 0.709492 17.4885 0.736183 14.5874
490 4.895 0.353618 14.1372 0.00023483 36.0001 1.02961 16.8249 2.80113 38.1897 0.762671 17.5723 0.775039 14.6722
491 4.905 0.450305 14.1867 0.000416606 36.0002 0.967837 16.9317 2.71956 38.7886 0.815511 17.6623 0.818323 14.7622
492 4.915 0.563526 14.2488 0.000735154 36.0004 0.909987 17.0325 2.65804 39.3764 0.86599 17.7582 0.864876 14.8576
493 4.925 0.693133 14.3256 0.00127746 36.0006 0.855887 17.1277 2.618 39.9577 0.912752 17.8598 0.915623 14.9591
494 4.935 0.838401 14.4189 0.00216106 36.0011 0.80404 17.2175 2.59945 40.5373 0.953984 17.9663 0.970204 15.067
495 4.945 0.993154 14.5299 0.00357131 36.0019 0.755593 17.3023 2.60067 41.1194 0.988762 18.0772 1.02688 15.1817
496 4.955 1.15776 14.6597 0.00579639 36.0032 0.710088 17.3822 2.61423 41.707 1.01555 18.1915 1.08601 15.3035
497 4.965 1.32247 14.8086 0.00922647 36.0053 0.667308 17.4577 2.6335 42.3012 1.0342 18.3085 1.14698 15.4327
498 4.975 1.48052 14.976 0.0142633 36.0086 0.627623 17.5289 2.65291 42.9023 1.04391 18.427 1.20843 15.5693
499 4.985 1.62506 15.1605 0.0216498 36.0135 0.591517 17.5963 2.66413 43.5084 1.04495 18.546 1.26952 15.7134
500 4.995 1.75134 15.3601 0.0322375 36.0209 0.559328 17.6603 2.65922 44.1157 1.03725 18.6647 1.33088 15.8651
